/*--------------------------------*- C++ -*----------------------------------*\
  =========                 |
  \\      /  F ield         | OpenFOAM: The Open Source CFD Toolbox
   \\    /   O peration     | Website:  https://openfoam.org
    \\  /    A nd           | Version:  7
     \\/     M anipulation  |
\*---------------------------------------------------------------------------*/
FoamFile
{
    version     2.0;
    format      ascii;
    class       volScalarField;
    location    "3.7";
    object      p;
}
// * * * * * * * * * * * * * * * * * * * * * * * * * * * * * * * * * * * * * //

dimensions      [1 -1 -2 0 0 0 0];

internalField   nonuniform List<scalar> 
16512
(
1
1
1
1
1
1
1
1
1
1
1
1
1
1
1
1
1
1
1
1
1
1
1
1
1
1
1
1
1
1
1
1
1
1
1
1
1
1
1
1
1
1
1
1
1
1
1
1
1
1
1
1
1
1
1
1
1
1
1
1
1
1
1
1
1
1
1
1
1
1
1
1
1
1
1
1
1
1
1
1
1
1
1
1
1
1
1
1
1
1
1
1
1
1
1
1
1
1
1
1
1.00016
1.00633
1.06225
1.41064
2.75141
3.57979
3.81928
3.9614
3.98439
3.93023
3.91223
3.91576
3.88846
3.83711
3.81266
3.81143
3.80655
3.76623
3.73846
3.71712
3.69322
3.66484
3.64487
3.63549
3.63206
3.61931
3.60606
3.58517
3.558
3.51858
3.47067
3.42995
3.40703
3.40031
3.40733
3.42612
3.42946
3.41907
3.39971
3.36896
3.31405
3.24324
3.19305
3.17187
3.16881
3.18327
3.22831
3.25586
3.25149
3.23735
3.21032
3.15469
3.05816
2.99147
2.97083
2.96871
2.9753
3.01135
3.07322
3.09702
3.08878
3.06588
3.01883
2.92434
2.84398
2.82189
2.81758
2.81649
1
1
1
1
1
1
1
1
1
1
1
1
1
1
1
1
1
1
1
1
1
1
1
1
1
1
1
1
1
1
1
1
1
1
1
1
1
1
1
1
1
1
1
1
1
1
1
1
1
1
1
1
1
1
1
1
1
1
1
1
1
1
1
1
1
1
1
1
1
1
1
1
1
1
1
1
1
1
1
1
1
1
1
1
1
1
1
1
1
1
1
1
1
1
1
1
1
1
1
1
1
1
1
1
1
1
1
1
1
1.00003
1.00126
1.02897
1.40435
2.563
3.323
3.81294
3.99669
4.00238
3.96484
3.91694
3.86328
3.82613
3.82852
3.83885
3.78994
3.76495
3.76262
3.74725
3.71202
3.69077
3.68551
3.68045
3.65661
3.63409
3.6124
3.58742
3.55203
3.51019
3.47244
3.45117
3.44355
3.44792
3.45935
3.45909
3.44798
3.42782
3.39639
3.3448
3.28271
3.23575
3.21474
3.21175
3.22638
3.26606
3.28438
3.27839
3.26385
3.23672
3.18283
3.09052
3.02435
3.00225
2.99989
3.00664
3.04329
3.10493
3.12804
3.11999
3.09789
3.05386
2.96202
2.87406
2.84712
2.84168
2.83938
2.85223
1
1
1
1
1
1
1
1
1
1
1
1
1
1
1
1
1
1
1
1
1
1
1
1
1
1
1
1
1
1
1
1
1
1
1
1
1
1
1
1
1
1
1
1
1
1
1
1
1
1
1
1
1
1
1
1
1
1
1
1
1
1
1
1
1
1
1
1
1
1
1
1
1
1
1
1
1
1
1
1
1
1
1
1
1
1
1
1
1
1
1
1
1
1
1
1
1
1
1
1
1
1
1
1
1
1
1
1
1
1
1.00001
1.00066
1.02819
1.37915
2.1458
3.03772
3.89222
4.00135
3.94417
3.88879
3.8536
3.8425
3.85081
3.81563
3.79477
3.79406
3.78461
3.75412
3.73471
3.73065
3.72714
3.69557
3.66279
3.63855
3.61766
3.59022
3.55316
3.51717
3.49818
3.48936
3.48993
3.49182
3.48805
3.47609
3.45543
3.42367
3.3761
3.32252
3.27872
3.25963
3.25686
3.27184
3.30345
3.31247
3.30498
3.28928
3.26155
3.2101
3.1243
3.05993
3.03629
3.03378
3.04031
3.07651
3.13566
3.15636
3.14781
3.1264
3.08578
2.99887
2.90539
2.8734
2.86668
2.86366
2.87293
2.9122
1
1
1
1
1
1
1
1
1
1
1
1
1
1
1
1
1
1
1
1
1
1
1
1
1
1
1
1
1
1
1
1
1
1
1
1
1
1
1
1
1
1
1
1
1
1
1
1
1
1
1
1
1
1
1
1
1
1
1
1
1
1
1
1
1
1
1
1
1
1
1
1
1
1
1
1
1
1
1
1
1
1
1
1
1
1
1
1
1
1
1
1
1
1
1
1
1
1
1
1
1
1
1
1
1
1
1
1
1
1
1
1
1.0006
1.0229
1.18311
1.67858
3.05848
3.76979
3.84462
3.89249
3.87834
3.86266
3.85028
3.83634
3.84838
3.83452
3.78822
3.76708
3.76327
3.76233
3.72966
3.69589
3.66999
3.64999
3.6283
3.59609
3.56316
3.54475
3.53555
3.53167
3.52682
3.5166
3.50236
3.48182
3.45039
3.4079
3.36164
3.3214
3.30483
3.30275
3.31782
3.34056
3.34158
3.33276
3.31449
3.28507
3.23509
3.15676
3.09678
3.07227
3.06971
3.07682
3.11266
3.16706
3.18418
3.17458
3.15313
3.11454
3.03271
2.93749
2.90072
2.89263
2.88924
2.89658
2.93495
2.97469
1
1
1
1
1
1
1
1
1
1
1
1
1
1
1
1
1
1
1
1
1
1
1
1
1
1
1
1
1
1
1
1
1
1
1
1
1
1
1
1
1
1
1
1
1
1
1
1
1
1
1
1
1
1
1
1
1
1
1
1
1
1
1
1
1
1
1
1
1
1
1
1
1
1
1
1
1
1
1
1
1
1
1
1
1
1
1
1
1
1
1
1
1
1
1
1
1
1
1
1
1
1
1
1
1
1
1
1
1
1
1
1
1
1.00026
1.00601
1.06817
1.6022
2.90501
3.52564
3.80678
3.92758
3.9235
3.90709
3.89948
3.87388
3.82045
3.78578
3.77943
3.78985
3.75138
3.72518
3.7122
3.69289
3.66411
3.63478
3.61112
3.59537
3.5775
3.569
3.5617
3.54159
3.52434
3.50544
3.4783
3.4426
3.40156
3.36405
3.35014
3.34887
3.3625
3.37557
3.37122
3.3605
3.33953
3.30911
3.26104
3.19015
3.13443
3.10929
3.10671
3.1145
3.15004
3.19941
3.21243
3.20165
3.17941
3.14183
3.06418
2.96972
2.92984
2.91962
2.91638
2.92319
2.96103
3.00786
3.01405
1
1
1
1
1
1
1
1
1
1
1
1
1
1
1
1
1
1
1
1
1
1
1
1
1
1
1
1
1
1
1
1
1
1
1
1
1
1
1
1
1
1
1
1
1
1
1
1
1
1
1
1
1
1
1
1
1
1
1
1
1
1
1
1
1
1
1
1
1
1
1
1
1
1
1
1
1
1
1
1
1
1
1
1
1
1
1
1
1
1
1
1
1
1
1
1
1
1
1
1
1
1
1
1
1
1
1
1
1
1
1
1
1
1
1.00004
1.00196
1.05289
1.58409
2.62995
3.30855
3.82862
3.9713
3.9469
3.89782
3.83548
3.80322
3.79178
3.80114
3.76983
3.75109
3.74874
3.73261
3.70008
3.67358
3.65851
3.65135
3.62719
3.6044
3.58965
3.56873
3.54701
3.52938
3.50809
3.47738
3.44026
3.40728
3.39668
3.39688
3.40735
3.40749
3.39812
3.38353
3.36206
3.33297
3.28871
3.22558
3.17384
3.14854
3.14564
3.15311
3.18718
3.23074
3.23992
3.22811
3.20593
3.16927
3.09484
3.00265
2.96006
2.94832
2.94518
2.95238
2.9914
3.0413
3.05023
3.04101
1
1
1
1
1
1
1
1
1
1
1
1
1
1
1
1
1
1
1
1
1
1
1
1
1
1
1
1
1
1
1
1
1
1
1
1
1
1
1
1
1
1
1
1
1
1
1
1
1
1
1
1
1
1
1
1
1
1
1
1
1
1
1
1
1
1
1
1
1
1
1
1
1
1
1
1
1
1
1
1
1
1
1
1
1
1
1
1
1
1
1
1
1
1
1
1
1
1
1
1
1
1
1
1
1
1
1
1
1
1
1
1
1
1
1
1.00002
1.00154
1.05389
1.42911
2.08454
3.17645
3.90708
3.90798
3.85675
3.84676
3.82151
3.79133
3.78798
3.77995
3.78481
3.76962
3.73333
3.71169
3.70311
3.70192
3.67386
3.64168
3.62331
3.60675
3.58106
3.56013
3.53882
3.51011
3.47678
3.44976
3.44207
3.44426
3.45023
3.44194
3.42722
3.4085
3.38505
3.35498
3.3148
3.26075
3.2143
3.18953
3.18655
3.19354
3.22431
3.25986
3.26524
3.25279
3.23129
3.19609
3.12558
3.03711
2.99267
2.97915
2.97598
2.98408
3.02463
3.0749
3.08366
3.07374
3.05132
1
1
1
1
1
1
1
1
1
1
1
1
1
1
1
1
1
1
1
1
1
1
1
1
1
1
1
1
1
1
1
1
1
1
1
1
1
1
1
1
1
1
1
1
1
1
1
1
1
1
1
1
1
1
1
1
1
1
1
1
1
1
1
1
1
1
1
1
1
1
1
1
1
1
1
1
1
1
1
1
1
1
1
1
1
1
1
1
1
1
1
1
1
1
1
1
1
1
1
1
1
1
1
1
1
1
1
1
1
1
1
1
1
1
1
1
1.00001
1.00122
1.02568
1.16856
1.79161
3.22696
3.65386
3.79146
3.87885
3.85364
3.82114
3.81299
3.8284
3.8236
3.77121
3.7437
3.73848
3.74193
3.70691
3.67378
3.65794
3.64609
3.61869
3.59198
3.57368
3.54726
3.51684
3.49412
3.48646
3.48487
3.48492
3.47503
3.45878
3.43896
3.41394
3.38163
3.34283
3.29497
3.25349
3.23061
3.22811
3.23531
3.2623
3.28848
3.28871
3.27532
3.25425
3.22069
3.15512
3.07271
3.02811
3.0131
3.00965
3.01831
3.0598
3.1075
3.11339
3.10276
3.08076
3.03803
1
1
1
1
1
1
1
1
1
1
1
1
1
1
1
1
1
1
1
1
1
1
1
1
1
1
1
1
1
1
1
1
1
1
1
1
1
1
1
1
1
1
1
1
1
1
1
1
1
1
1
1
1
1
1
1
1
1
1
1
1
1
1
1
1
1
1
1
1
1
1
1
1
1
1
1
1
1
1
1
1
1
1
1
1
1
1
1
1
1
1
1
1
1
1
1
1
1
1
1
1
1
1
1
1
1
1
1
1
1
1
1
1
1
1
1
1
1.00001
1.00027
1.00626
1.09198
1.76638
2.94761
3.50038
3.79756
3.9077
3.88945
3.87804
3.8572
3.79913
3.76729
3.76076
3.77463
3.73253
3.70017
3.69493
3.68736
3.6574
3.62386
3.60538
3.58528
3.55557
3.53757
3.53111
3.52869
3.52432
3.50849
3.48393
3.45792
3.43373
3.40725
3.37366
3.33112
3.29258
3.27154
3.26926
3.2766
3.30016
3.31799
3.31324
3.29725
3.27523
3.24215
3.1816
3.10795
3.06523
3.04938
3.04587
3.05621
3.09795
3.13922
3.14142
3.12983
3.1079
3.06657
2.98289
1
1
1
1
1
1
1
1
1
1
1
1
1
1
1
1
1
1
1
1
1
1
1
1
1
1
1
1
1
1
1
1
1
1
1
1
1
1
1
1
1
1
1
1
1
1
1
1
1
1
1
1
1
1
1
1
1
1
1
1
1
1
1
1
1
1
1
1
1
1
1
1
1
1
1
1
1
1
1
1
1
1
1
1
1
1
1
1
1
1
1
1
1
1
1
1
1
1
1
1
1
1
1
1
1
1
1
1
1
1
1
1
1
1
1
1
1
1
1
1.00006
1.00324
1.08272
1.68576
2.55996
3.29977
3.84889
3.94099
3.89455
3.82109
3.79285
3.78441
3.79755
3.75352
3.72476
3.72155
3.71739
3.69083
3.66237
3.64736
3.63579
3.60094
3.57577
3.57284
3.56722
3.55499
3.54075
3.51816
3.48909
3.45958
3.42982
3.39872
3.36392
3.33216
3.31475
3.31286
3.31845
3.33465
3.34537
3.33767
3.31965
3.29686
3.26342
3.20729
3.14288
3.10215
3.0863
3.08319
3.09619
3.13841
3.17086
3.1686
3.1558
3.13369
3.09278
3.01174
2.92938
1
1
1
1
1
1
1
1
1
1
1
1
1
1
1
1
1
1
1
1
1
1
1
1
1
1
1
1
1
1
1
1
1
1
1
1
1
1
1
1
1
1
1
1
1
1
1
1
1
1
1
1
1
1
1
1
1
1
1
1
1
1
1
1
1
1
1
1
1
1
1
1
1
1
1
1
1
1
1
1
1
1
1
1
1
1
1
1
1
1
1
1
1
1
1
1
1
1
1
1
1
1
1
1
1
1
1
1
1
1
1
1
1
1
1
1
1
1
1
1
1.00004
1.00275
1.06814
1.38924
2.04398
3.3006
3.86485
3.80513
3.80649
3.82277
3.81631
3.77193
3.7498
3.75146
3.75895
3.72978
3.69546
3.68351
3.68653
3.65599
3.61871
3.60771
3.59604
3.57167
3.55678
3.54546
3.52567
3.49919
3.47033
3.43726
3.40035
3.37056
3.35633
3.35513
3.36284
3.37434
3.37622
3.36423
3.34393
3.31984
3.28636
3.23564
3.17949
3.1396
3.12425
3.1221
3.1374
3.17891
3.20136
3.19535
3.18118
3.15875
3.11818
3.04005
2.95974
2.9243
1
1
1
1
1
1
1
1
1
1
1
1
1
1
1
1
1
1
1
1
1
1
1
1
1
1
1
1
1
1
1
1
1
1
1
1
1
1
1
1
1
1
1
1
1
1
1
1
1
1
1
1
1
1
1
1
1
1
1
1
1
1
1
1
1
1
1
1
1
1
1
1
1
1
1
1
1
1
1
1
1
1
1
1
1
1
1
1
1
1
1
1
1
1
1
1
1
1
1
1
1
1
1
1
1
1
1
1
1
1
1
1
1
1
1
1
1
1
1
1
1
1.00002
1.0014
1.02197
1.16116
1.90729
3.23537
3.57894
3.75692
3.87616
3.84368
3.79502
3.79585
3.80945
3.77281
3.72063
3.69834
3.70525
3.69322
3.66301
3.65923
3.6522
3.62058
3.58733
3.57256
3.54959
3.51803
3.48969
3.4675
3.44243
3.41619
3.40404
3.40244
3.40474
3.40611
3.40043
3.38769
3.36829
3.34445
3.31119
3.2655
3.21789
3.17919
3.1637
3.16257
3.17925
3.21693
3.22952
3.22052
3.20509
3.18251
3.14281
3.06872
2.99239
2.95566
2.945
1
1
1
1
1
1
1
1
1
1
1
1
1
1
1
1
1
1
1
1
1
1
1
1
1
1
1
1
1
1
1
1
1
1
1
1
1
1
1
1
1
1
1
1
1
1
1
1
1
1
1
1
1
1
1
1
1
1
1
1
1
1
1
1
1
1
1
1
1
1
1
1
1
1
1
1
1
1
1
1
1
1
1
1
1
1
1
1
1
1
1
1
1
1
1
1
1
1
1
1
1
1
1
1
1
1
1
1
1
1
1
1
1
1
1
1
1
1
1
1
1
1
1
1.00023
1.00682
1.11461
1.83987
2.90155
3.45624
3.79574
3.87467
3.86248
3.83452
3.78903
3.74731
3.72894
3.74892
3.72163
3.67784
3.66662
3.65774
3.64585
3.62539
3.61329
3.59679
3.56052
3.52481
3.49598
3.46854
3.4506
3.4456
3.44587
3.44414
3.44067
3.43211
3.41169
3.38943
3.36793
3.33766
3.29768
3.25701
3.2204
3.20518
3.20483
3.22171
3.25277
3.25598
3.24436
3.22699
3.20427
3.16558
3.09701
3.02672
2.9901
2.97915
2.97735
1
1
1
1
1
1
1
1
1
1
1
1
1
1
1
1
1
1
1
1
1
1
1
1
1
1
1
1
1
1
1
1
1
1
1
1
1
1
1
1
1
1
1
1
1
1
1
1
1
1
1
1
1
1
1
1
1
1
1
1
1
1
1
1
1
1
1
1
1
1
1
1
1
1
1
1
1
1
1
1
1
1
1
1
1
1
1
1
1
1
1
1
1
1
1
1
1
1
1
1
1
1
1
1
1
1
1
1
1
1
1
1
1
1
1
1
1
1
1
1
1
1
1
1
1.00008
1.00435
1.10033
1.67546
2.44847
3.31688
3.84429
3.88185
3.81149
3.76221
3.74954
3.76042
3.74512
3.71011
3.70271
3.70715
3.68712
3.65601
3.64273
3.64168
3.61213
3.57127
3.53997
3.5093
3.48979
3.48843
3.48727
3.47687
3.46645
3.45479
3.43515
3.41247
3.39146
3.3645
3.33094
3.29598
3.26217
3.24821
3.2489
3.26504
3.28627
3.28213
3.26785
3.24852
3.22443
3.18613
3.12473
3.06235
3.02669
3.01618
3.01515
3.03236
1
1
1
1
1
1
1
1
1
1
1
1
1
1
1
1
1
1
1
1
1
1
1
1
1
1
1
1
1
1
1
1
1
1
1
1
1
1
1
1
1
1
1
1
1
1
1
1
1
1
1
1
1
1
1
1
1
1
1
1
1
1
1
1
1
1
1
1
1
1
1
1
1
1
1
1
1
1
1
1
1
1
1
1
1
1
1
1
1
1
1
1
1
1
1
1
1
1
1
1
1
1
1
1
1
1
1
1
1
1
1
1
1
1
1
1
1
1
1
1
1
1
1
1
1
1.00005
1.00333
1.06416
1.33316
2.03122
3.36638
3.75576
3.72866
3.76364
3.80185
3.76865
3.72847
3.72359
3.73534
3.73542
3.69897
3.67129
3.67147
3.65784
3.61306
3.5844
3.56125
3.52996
3.51941
3.52223
3.51419
3.4955
3.47953
3.46299
3.44048
3.41692
3.39225
3.36306
3.33234
3.30319
3.29083
3.29141
3.30526
3.31686
3.30861
3.29186
3.2706
3.24455
3.20677
3.15266
3.09837
3.06445
3.05486
3.05508
3.07584
3.11936
1
1
1
1
1
1
1
1
1
1
1
1
1
1
1
1
1
1
1
1
1
1
1
1
1
1
1
1
1
1
1
1
1
1
1
1
1
1
1
1
1
1
1
1
1
1
1
1
1
1
1
1
1
1
1
1
1
1
1
1
1
1
1
1
1
1
1
1
1
1
1
1
1
1
1
1
1
1
1
1
1
1
1
1
1
1
1
1
1
1
1
1
1
1
1
1
1
1
1
1
1
1
1
1
1
1
1
1
1
1
1
1
1
1
1
1
1
1
1
1
1
1
1
1
1
1
1.00003
1.00115
1.01805
1.15801
1.97987
3.14006
3.50737
3.73884
3.8525
3.80252
3.7768
3.77659
3.78166
3.73842
3.69232
3.67838
3.67801
3.64622
3.62866
3.62251
3.60285
3.56582
3.5525
3.54577
3.52496
3.5008
3.48937
3.47524
3.45211
3.4251
3.39706
3.36842
3.34615
3.33458
3.33566
3.34392
3.34674
3.3376
3.31832
3.29392
3.26469
3.22794
3.18259
3.13666
3.10406
3.09517
3.09659
3.11925
3.15682
3.17025
1
1
1
1
1
1
1
1
1
1
1
1
1
1
1
1
1
1
1
1
1
1
1
1
1
1
1
1
1
1
1
1
1
1
1
1
1
1
1
1
1
1
1
1
1
1
1
1
1
1
1
1
1
1
1
1
1
1
1
1
1
1
1
1
1
1
1
1
1
1
1
1
1
1
1
1
1
1
1
1
1
1
1
1
1
1
1
1
1
1
1
1
1
1
1
1
1
1
1
1
1
1
1
1
1
1
1
1
1
1
1
1
1
1
1
1
1
1
1
1
1
1
1
1
1
1
1
1
1.00021
1.00719
1.12659
1.86116
2.76667
3.4214
3.78733
3.83173
3.80188
3.78032
3.74312
3.71088
3.70011
3.70097
3.67154
3.64855
3.63564
3.62571
3.61114
3.58952
3.58117
3.56703
3.5345
3.50952
3.49039
3.47414
3.4554
3.43073
3.40492
3.38778
3.37892
3.37662
3.37818
3.37543
3.36768
3.34763
3.32111
3.28868
3.25179
3.21238
3.17246
3.1428
3.13517
3.13862
3.16242
3.19071
3.19561
3.18755
1
1
1
1
1
1
1
1
1
1
1
1
1
1
1
1
1
1
1
1
1
1
1
1
1
1
1
1
1
1
1
1
1
1
1
1
1
1
1
1
1
1
1
1
1
1
1
1
1
1
1
1
1
1
1
1
1
1
1
1
1
1
1
1
1
1
1
1
1
1
1
1
1
1
1
1
1
1
1
1
1
1
1
1
1
1
1
1
1
1
1
1
1
1
1
1
1
1
1
1
1
1
1
1
1
1
1
1
1
1
1
1
1
1
1
1
1
1
1
1
1
1
1
1
1
1
1
1
1
1.0001
1.00483
1.11142
1.59506
2.30258
3.35681
3.7713
3.79906
3.77656
3.75199
3.71401
3.69951
3.69743
3.68868
3.68325
3.66718
3.64773
3.6221
3.60709
3.59901
3.57819
3.54825
3.52453
3.50166
3.48492
3.46418
3.44175
3.42915
3.42306
3.42174
3.41349
3.40479
3.39374
3.37688
3.35173
3.31905
3.28338
3.24556
3.20717
3.17998
3.17382
3.17998
3.20443
3.22318
3.22124
3.21123
3.19296
1
1
1
1
1
1
1
1
1
1
1
1
1
1
1
1
1
1
1
1
1
1
1
1
1
1
1
1
1
1
1
1
1
1
1
1
1
1
1
1
1
1
1
1
1
1
1
1
1
1
1
1
1
1
1
1
1
1
1
1
1
1
1
1
1
1
1
1
1
1
1
1
1
1
1
1
1
1
1
1
1
1
1
1
1
1
1
1
1
1
1
1
1
1
1
1
1
1
1
1
1
1
1
1
1
1
1
1
1
1
1
1
1
1
1
1
1
1
1
1
1
1
1
1
1
1
1
1
1
1
1.00006
1.00352
1.05153
1.26066
2.07007
3.28076
3.5886
3.7188
3.77709
3.75979
3.74037
3.74175
3.73383
3.70209
3.67887
3.65637
3.6349
3.62263
3.61177
3.5893
3.56536
3.54203
3.51607
3.49541
3.47781
3.46862
3.46498
3.46377
3.4496
3.43321
3.41518
3.40136
3.38043
3.35111
3.31762
3.27977
3.24133
3.21636
3.21112
3.21881
3.24226
3.25322
3.2474
3.23544
3.21381
3.18536
1
1
1
1
1
1
1
1
1
1
1
1
1
1
1
1
1
1
1
1
1
1
1
1
1
1
1
1
1
1
1
1
1
1
1
1
1
1
1
1
1
1
1
1
1
1
1
1
1
1
1
1
1
1
1
1
1
1
1
1
1
1
1
1
1
1
1
1
1
1
1
1
1
1
1
1
1
1
1
1
1
1
1
1
1
1
1
1
1
1
1
1
1
1
1
1
1
1
1
1
1
1
1
1
1
1
1
1
1
1
1
1
1
1
1
1
1
1
1
1
1
1
1
1
1
1
1
1
1
1
1
1.00002
1.00082
1.01351
1.15946
1.99682
2.94432
3.44363
3.7667
3.82859
3.81323
3.76964
3.72819
3.68981
3.68153
3.66472
3.6525
3.6395
3.62208
3.60876
3.58792
3.55938
3.52921
3.51007
3.50209
3.5004
3.50206
3.48839
3.46643
3.4399
3.42026
3.40487
3.38025
3.35167
3.3176
3.28031
3.2564
3.25164
3.25869
3.27621
3.28105
3.27246
3.25741
3.23526
3.20542
3.16504
1
1
1
1
1
1
1
1
1
1
1
1
1
1
1
1
1
1
1
1
1
1
1
1
1
1
1
1
1
1
1
1
1
1
1
1
1
1
1
1
1
1
1
1
1
1
1
1
1
1
1
1
1
1
1
1
1
1
1
1
1
1
1
1
1
1
1
1
1
1
1
1
1
1
1
1
1
1
1
1
1
1
1
1
1
1
1
1
1
1
1
1
1
1
1
1
1
1
1
1
1
1
1
1
1
1
1
1
1
1
1
1
1
1
1
1
1
1
1
1
1
1
1
1
1
1
1
1
1
1
1
1
1
1.00018
1.00712
1.14461
1.77055
2.48325
3.3714
3.80015
3.80721
3.77516
3.72054
3.69138
3.68248
3.67742
3.67262
3.66129
3.65137
3.63815
3.60779
3.57196
3.54895
3.53531
3.53018
3.52791
3.52228
3.50163
3.47444
3.44464
3.42682
3.40849
3.38288
3.35241
3.32233
3.30026
3.29496
3.30025
3.30789
3.30868
3.29531
3.27693
3.25605
3.22727
3.18928
3.14486
1
1
1
1
1
1
1
1
1
1
1
1
1
1
1
1
1
1
1
1
1
1
1
1
1
1
1
1
1
1
1
1
1
1
1
1
1
1
1
1
1
1
1
1
1
1
1
1
1
1
1
1
1
1
1
1
1
1
1
1
1
1
1
1
1
1
1
1
1
1
1
1
1
1
1
1
1
1
1
1
1
1
1
1
1
1
1
1
1
1
1
1
1
1
1
1
1
1
1
1
1
1
1
1
1
1
1
1
1
1
1
1
1
1
1
1
1
1
1
1
1
1
1
1
1
1
1
1
1
1
1
1
1
1
1.0001
1.00577
1.0864
1.3726
2.16282
3.38484
3.65295
3.72572
3.73752
3.71883
3.71158
3.70816
3.71311
3.69463
3.65914
3.64963
3.61964
3.58554
3.57292
3.56153
3.55361
3.54663
3.53176
3.50878
3.47818
3.45034
3.43459
3.41338
3.38731
3.36623
3.34692
3.34124
3.34014
3.33874
3.33474
3.31874
3.29831
3.27744
3.25042
3.21583
3.17713
3.14477
1
1
1
1
1
1
1
1
1
1
1
1
1
1
1
1
1
1
1
1
1
1
1
1
1
1
1
1
1
1
1
1
1
1
1
1
1
1
1
1
1
1
1
1
1
1
1
1
1
1
1
1
1
1
1
1
1
1
1
1
1
1
1
1
1
1
1
1
1
1
1
1
1
1
1
1
1
1
1
1
1
1
1
1
1
1
1
1
1
1
1
1
1
1
1
1
1
1
1
1
1
1
1
1
1
1
1
1
1
1
1
1
1
1
1
1
1
1
1
1
1
1
1
1
1
1
1
1
1
1
1
1
1
1
1
1.00005
1.00187
1.02404
1.20488
2.064
3.11585
3.51352
3.68128
3.77038
3.77065
3.76534
3.73034
3.67329
3.66301
3.66097
3.62195
3.59719
3.59307
3.58746
3.57479
3.55776
3.539
3.51369
3.48372
3.46029
3.44291
3.42132
3.40698
3.39494
3.38768
3.38036
3.37024
3.35834
3.34365
3.32232
3.30084
3.27646
3.24483
3.21022
3.1803
3.16573
1
1
1
1
1
1
1
1
1
1
1
1
1
1
1
1
1
1
1
1
1
1
1
1
1
1
1
1
1
1
1
1
1
1
1
1
1
1
1
1
1
1
1
1
1
1
1
1
1
1
1
1
1
1
1
1
1
1
1
1
1
1
1
1
1
1
1
1
1
1
1
1
1
1
1
1
1
1
1
1
1
1
1
1
1
1
1
1
1
1
1
1
1
1
1
1
1
1
1
1
1
1
1
1
1
1
1
1
1
1
1
1
1
1
1
1
1
1
1
1
1
1
1
1
1
1
1
1
1
1
1
1
1
1
1
1
1.00001
1.00035
1.0107
1.15863
1.88809
2.74354
3.32425
3.74252
3.80855
3.7637
3.68683
3.66642
3.68701
3.67163
3.62216
3.61295
3.61752
3.60777
3.58318
3.56628
3.54934
3.52273
3.49331
3.47243
3.45361
3.44326
3.43682
3.43254
3.41957
3.40342
3.38304
3.36733
3.34693
3.32532
3.30297
3.27466
3.24309
3.21564
3.20437
3.20887
1
1
1
1
1
1
1
1
1
1
1
1
1
1
1
1
1
1
1
1
1
1
1
1
1
1
1
1
1
1
1
1
1
1
1
1
1
1
1
1
1
1
1
1
1
1
1
1
1
1
1
1
1
1
1
1
1
1
1
1
1
1
1
1
1
1
1
1
1
1
1
1
1
1
1
1
1
1
1
1
1
1
1
1
1
1
1
1
1
1
1
1
1
1
1
1
1
1
1
1
1
1
1
1
1
1
1
1
1
1
1
1
1
1
1
1
1
1
1
1
1
1
1
1
1
1
1
1
1
1
1
1
1
1
1
1
1
1
1.00016
1.00711
1.11123
1.54898
2.25346
3.32962
3.76655
3.69441
3.67859
3.69399
3.71965
3.66223
3.63109
3.63729
3.63677
3.60659
3.58912
3.58561
3.56736
3.53751
3.51113
3.48839
3.4758
3.47214
3.46893
3.45874
3.43655
3.41106
3.38961
3.37166
3.35108
3.3294
3.30422
3.27512
3.25155
3.24403
3.24874
3.26083
1
1
1
1
1
1
1
1
1
1
1
1
1
1
1
1
1
1
1
1
1
1
1
1
1
1
1
1
1
1
1
1
1
1
1
1
1
1
1
1
1
1
1
1
1
1
1
1
1
1
1
1
1
1
1
1
1
1
1
1
1
1
1
1
1
1
1
1
1
1
1
1
1
1
1
1
1
1
1
1
1
1
1
1
1
1
1
1
1
1
1
1
1
1
1
1
1
1
1
1
1
1
1
1
1
1
1
1
1
1
1
1
1
1
1
1
1
1
1
1
1
1
1
1
1
1
1
1
1
1
1
1
1
1
1
1
1
1
1
1.00008
1.00307
1.04252
1.2592
2.03478
3.25988
3.50873
3.62697
3.72349
3.74154
3.68106
3.66921
3.67628
3.63594
3.60906
3.60813
3.60441
3.57773
3.55349
3.53481
3.51301
3.50423
3.4989
3.49113
3.46826
3.44097
3.41409
3.39701
3.37841
3.35681
3.33385
3.30803
3.28904
3.28434
3.28956
3.29603
3.29075
1
1
1
1
1
1
1
1
1
1
1
1
1
1
1
1
1
1
1
1
1
1
1
1
1
1
1
1
1
1
1
1
1
1
1
1
1
1
1
1
1
1
1
1
1
1
1
1
1
1
1
1
1
1
1
1
1
1
1
1
1
1
1
1
1
1
1
1
1
1
1
1
1
1
1
1
1
1
1
1
1
1
1
1
1
1
1
1
1
1
1
1
1
1
1
1
1
1
1
1
1
1
1
1
1
1
1
1
1
1
1
1
1
1
1
1
1
1
1
1
1
1
1
1
1
1
1
1
1
1
1
1
1
1
1
1
1
1
1
1
1.00002
1.00066
1.01427
1.15442
1.91187
2.9458
3.3871
3.66648
3.75935
3.74257
3.72637
3.67808
3.63942
3.63342
3.63825
3.60709
3.57795
3.57457
3.56754
3.54066
3.5242
3.51548
3.497
3.46998
3.44425
3.42331
3.40633
3.38564
3.36433
3.34396
3.32792
3.32352
3.32721
3.33014
3.31959
3.30028
1
1
1
1
1
1
1
1
1
1
1
1
1
1
1
1
1
1
1
1
1
1
1
1
1
1
1
1
1
1
1
1
1
1
1
1
1
1
1
1
1
1
1
1
1
1
1
1
1
1
1
1
1
1
1
1
1
1
1
1
1
1
1
1
1
1
1
1
1
1
1
1
1
1
1
1
1
1
1
1
1
1
1
1
1
1
1
1
1
1
1
1
1
1
1
1
1
1
1
1
1
1
1
1
1
1
1
1
1
1
1
1
1
1
1
1
1
1
1
1
1
1
1
1
1
1
1
1
1
1
1
1
1
1
1
1
1
1
1
1
1
1
1.0002
1.00688
1.12161
1.76162
2.5551
3.26424
3.73228
3.75488
3.70967
3.6759
3.66491
3.67912
3.64081
3.60212
3.59657
3.60195
3.57829
3.55147
3.54055
3.52946
3.50131
3.4757
3.45281
3.43354
3.41514
3.39717
3.38182
3.36696
3.35984
3.35988
3.36039
3.34724
3.32587
3.3026
1
1
1
1
1
1
1
1
1
1
1
1
1
1
1
1
1
1
1
1
1
1
1
1
1
1
1
1
1
1
1
1
1
1
1
1
1
1
1
1
1
1
1
1
1
1
1
1
1
1
1
1
1
1
1
1
1
1
1
1
1
1
1
1
1
1
1
1
1
1
1
1
1
1
1
1
1
1
1
1
1
1
1
1
1
1
1
1
1
1
1
1
1
1
1
1
1
1
1
1
1
1
1
1
1
1
1
1
1
1
1
1
1
1
1
1
1
1
1
1
1
1
1
1
1
1
1
1
1
1
1
1
1
1
1
1
1
1
1
1
1
1
1
1.0001
1.00481
1.08641
1.43217
2.11486
3.29732
3.6451
3.64796
3.66399
3.69653
3.69591
3.63645
3.62619
3.63573
3.6071
3.57735
3.56764
3.5652
3.539
3.50806
3.48581
3.46605
3.44659
3.43186
3.42081
3.4095
3.39725
3.38853
3.38356
3.37219
3.35242
3.32836
3.30472
1
1
1
1
1
1
1
1
1
1
1
1
1
1
1
1
1
1
1
1
1
1
1
1
1
1
1
1
1
1
1
1
1
1
1
1
1
1
1
1
1
1
1
1
1
1
1
1
1
1
1
1
1
1
1
1
1
1
1
1
1
1
1
1
1
1
1
1
1
1
1
1
1
1
1
1
1
1
1
1
1
1
1
1
1
1
1
1
1
1
1
1
1
1
1
1
1
1
1
1
1
1
1
1
1
1
1
1
1
1
1
1
1
1
1
1
1
1
1
1
1
1
1
1
1
1
1
1
1
1
1
1
1
1
1
1
1
1
1
1
1
1
1
1
1.00005
1.00206
1.0296
1.19499
1.9769
3.07468
3.42502
3.62334
3.73259
3.70649
3.68074
3.66421
3.62175
3.59823
3.59288
3.59906
3.57231
3.53862
3.51991
3.50599
3.48645
3.46936
3.45971
3.45247
3.43817
3.4239
3.40564
3.39256
3.37734
3.35496
3.33106
3.30736
1
1
1
1
1
1
1
1
1
1
1
1
1
1
1
1
1
1
1
1
1
1
1
1
1
1
1
1
1
1
1
1
1
1
1
1
1
1
1
1
1
1
1
1
1
1
1
1
1
1
1
1
1
1
1
1
1
1
1
1
1
1
1
1
1
1
1
1
1
1
1
1
1
1
1
1
1
1
1
1
1
1
1
1
1
1
1
1
1
1
1
1
1
1
1
1
1
1
1
1
1
1
1
1
1
1
1
1
1
1
1
1
1
1
1
1
1
1
1
1
1
1
1
1
1
1
1
1
1
1
1
1
1
1
1
1
1
1
1
1
1
1
1
1
1
1.00001
1.00041
1.00938
1.13157
1.84151
2.69666
3.29942
3.67541
3.71243
3.67867
3.64021
3.62911
3.61899
3.62082
3.59598
3.56436
3.55267
3.54911
3.53052
3.5131
3.50502
3.49908
3.47907
3.46076
3.43613
3.41325
3.39931
3.38127
3.35766
3.33441
3.31275
1
1
1
1
1
1
1
1
1
1
1
1
1
1
1
1
1
1
1
1
1
1
1
1
1
1
1
1
1
1
1
1
1
1
1
1
1
1
1
1
1
1
1
1
1
1
1
1
1
1
1
1
1
1
1
1
1
1
1
1
1
1
1
1
1
1
1
1
1
1
1
1
1
1
1
1
1
1
1
1
1
1
1
1
1
1
1
1
1
1
1
1
1
1
1
1
1
1
1
1
1
1
1
1
1
1
1
1
1
1
1
1
1
1
1
1
1
1
1
1
1
1
1
1
1
1
1
1
1
1
1
1
1
1
1
1
1
1
1
1
1
1
1
1
1
1
1
1.00013
1.00528
1.10747
1.55879
2.23238
3.26184
3.63774
3.63433
3.64988
3.64354
3.63603
3.61872
3.59771
3.59512
3.60182
3.57635
3.55594
3.54948
3.5413
3.5154
3.48898
3.46777
3.44315
3.4203
3.40584
3.38595
3.36326
3.34402
3.32431
1
1
1
1
1
1
1
1
1
1
1
1
1
1
1
1
1
1
1
1
1
1
1
1
1
1
1
1
1
1
1
1
1
1
1
1
1
1
1
1
1
1
1
1
1
1
1
1
1
1
1
1
1
1
1
1
1
1
1
1
1
1
1
1
1
1
1
1
1
1
1
1
1
1
1
1
1
1
1
1
1
1
1
1
1
1
1
1
1
1
1
1
1
1
1
1
1
1
1
1
1
1
1
1
1
1
1
1
1
1
1
1
1
1
1
1
1
1
1
1
1
1
1
1
1
1
1
1
1
1
1
1
1
1
1
1
1
1
1
1
1
1
1
1
1
1
1
1
1.00007
1.00331
1.04847
1.2451
2.01857
3.13321
3.44527
3.59666
3.68608
3.6866
3.6584
3.66382
3.65609
3.62193
3.59264
3.58055
3.57346
3.54321
3.5156
3.49672
3.48007
3.45333
3.43144
3.4174
3.39587
3.3771
3.36155
3.34533
1
1
1
1
1
1
1
1
1
1
1
1
1
1
1
1
1
1
1
1
1
1
1
1
1
1
1
1
1
1
1
1
1
1
1
1
1
1
1
1
1
1
1
1
1
1
1
1
1
1
1
1
1
1
1
1
1
1
1
1
1
1
1
1
1
1
1
1
1
1
1
1
1
1
1
1
1
1
1
1
1
1
1
1
1
1
1
1
1
1
1
1
1
1
1
1
1
1
1
1
1
1
1
1
1
1
1
1
1
1
1
1
1
1
1
1
1
1
1
1
1
1
1
1
1
1
1
1
1
1
1
1
1
1
1
1
1
1
1
1
1
1
1
1
1
1
1
1
1
1.00002
1.00081
1.01315
1.14843
1.92184
2.79928
3.31446
3.65576
3.714
3.70321
3.66689
3.64105
3.60771
3.59631
3.60211
3.56351
3.53804
3.52506
3.51401
3.4915
3.46666
3.45435
3.43555
3.41353
3.39902
3.38348
3.37682
1
1
1
1
1
1
1
1
1
1
1
1
1
1
1
1
1
1
1
1
1
1
1
1
1
1
1
1
1
1
1
1
1
1
1
1
1
1
1
1
1
1
1
1
1
1
1
1
1
1
1
1
1
1
1
1
1
1
1
1
1
1
1
1
1
1
1
1
1
1
1
1
1
1
1
1
1
1
1
1
1
1
1
1
1
1
1
1
1
1
1
1
1
1
1
1
1
1
1
1
1
1
1
1
1
1
1
1
1
1
1
1
1
1
1
1
1
1
1
1
1
1
1
1
1
1
1
1
1
1
1
1
1
1
1
1
1
1
1
1
1
1
1
1
1
1
1
1
1
1
1
1.00019
1.00643
1.13458
1.68891
2.34132
3.26202
3.65322
3.67066
3.65212
3.61966
3.60244
3.61932
3.58678
3.56749
3.55838
3.54256
3.52218
3.50905
3.50291
3.48341
3.45425
3.43774
3.42252
3.40677
3.39795
1
1
1
1
1
1
1
1
1
1
1
1
1
1
1
1
1
1
1
1
1
1
1
1
1
1
1
1
1
1
1
1
1
1
1
1
1
1
1
1
1
1
1
1
1
1
1
1
1
1
1
1
1
1
1
1
1
1
1
1
1
1
1
1
1
1
1
1
1
1
1
1
1
1
1
1
1
1
1
1
1
1
1
1
1
1
1
1
1
1
1
1
1
1
1
1
1
1
1
1
1
1
1
1
1
1
1
1
1
1
1
1
1
1
1
1
1
1
1
1
1
1
1
1
1
1
1
1
1
1
1
1
1
1
1
1
1
1
1
1
1
1
1
1
1
1
1
1
1
1
1
1
1.0001
1.00528
1.07575
1.30221
2.06435
3.20264
3.48458
3.59794
3.64086
3.66082
3.63861
3.62864
3.61655
3.59026
3.55537
3.53525
3.5331
3.51969
3.48996
3.47727
3.47166
3.44405
3.42474
3.41011
1
1
1
1
1
1
1
1
1
1
1
1
1
1
1
1
1
1
1
1
1
1
1
1
1
1
1
1
1
1
1
1
1
1
1
1
1
1
1
1
1
1
1
1
1
1
1
1
1
1
1
1
1
1
1
1
1
1
1
1
1
1
1
1
1
1
1
1
1
1
1
1
1
1
1
1
1
1
1
1
1
1
1
1
1
1
1
1
1
1
1
1
1
1
1
1
1
1
1
1
1
1
1
1
1
1
1
1
1
1
1
1
1
1
1
1
1
1
1
1
1
1
1
1
1
1
1
1
1
1
1
1
1
1
1
1
1
1
1
1
1
1
1
1
1
1
1
1
1
1
1
1
1
1.00005
1.00157
1.01756
1.16643
1.99449
2.86341
3.33833
3.64001
3.69098
3.68814
3.64845
3.62121
3.5831
3.55282
3.54597
3.53665
3.51437
3.50576
3.50418
3.48255
3.4573
3.44213
3.41959
1
1
1
1
1
1
1
1
1
1
1
1
1
1
1
1
1
1
1
1
1
1
1
1
1
1
1
1
1
1
1
1
1
1
1
1
1
1
1
1
1
1
1
1
1
1
1
1
1
1
1
1
1
1
1
1
1
1
1
1
1
1
1
1
1
1
1
1
1
1
1
1
1
1
1
1
1
1
1
1
1
1
1
1
1
1
1
1
1
1
1
1
1
1
1
1
1
1
1
1
1
1
1
1
1
1
1
1
1
1
1
1
1
1
1
1
1
1
1
1
1
1
1
1
1
1
1
1
1
1
1
1
1
1
1
1
1
1
1
1
1
1
1
1
1
1
1
1
1
1
1
1
1
1
1.00001
1.00025
1.00781
1.1529
1.76399
2.42609
3.27488
3.63998
3.65667
3.63819
3.60178
3.56912
3.55746
3.55024
3.53991
3.53543
3.53026
3.50916
3.49347
3.48098
3.45739
3.4277
1
1
1
1
1
1
1
1
1
1
1
1
1
1
1
1
1
1
1
1
1
1
1
1
1
1
1
1
1
1
1
1
1
1
1
1
1
1
1
1
1
1
1
1
1
1
1
1
1
1
1
1
1
1
1
1
1
1
1
1
1
1
1
1
1
1
1
1
1
1
1
1
1
1
1
1
1
1
1
1
1
1
1
1
1
1
1
1
1
1
1
1
1
1
1
1
1
1
1
1
1
1
1
1
1
1
1
1
1
1
1
1
1
1
1
1
1
1
1
1
1
1
1
1
1
1
1
1
1
1
1
1
1
1
1
1
1
1
1
1
1
1
1
1
1
1
1
1
1
1
1
1
1
1
1
1
1.00013
1.00656
1.0945
1.35661
2.11502
3.23909
3.4775
3.58702
3.61401
3.59714
3.58792
3.60025
3.59834
3.57464
3.53909
3.51451
3.5095
3.4918
3.46448
3.44886
1
1
1
1
1
1
1
1
1
1
1
1
1
1
1
1
1
1
1
1
1
1
1
1
1
1
1
1
1
1
1
1
1
1
1
1
1
1
1
1
1
1
1
1
1
1
1
1
1
1
1
1
1
1
1
1
1
1
1
1
1
1
1
1
1
1
1
1
1
1
1
1
1
1
1
1
1
1
1
1
1
1
1
1
1
1
1
1
1
1
1
1
1
1
1
1
1
1
1
1
1
1
1
1
1
1
1
1
1
1
1
1
1
1
1
1
1
1
1
1
1
1
1
1
1
1
1
1
1
1
1
1
1
1
1
1
1
1
1
1
1
1
1
1
1
1
1
1
1
1
1
1
1
1
1
1
1
1.00007
1.00227
1.02316
1.18532
2.0384
2.90198
3.34165
3.60814
3.66829
3.67281
3.64468
3.60202
3.56819
3.53488
3.52276
3.5124
3.49283
3.48146
3.46305
1
1
1
1
1
1
1
1
1
1
1
1
1
1
1
1
1
1
1
1
1
1
1
1
1
1
1
1
1
1
1
1
1
1
1
1
1
1
1
1
1
1
1
1
1
1
1
1
1
1
1
1
1
1
1
1
1
1
1
1
1
1
1
1
1
1
1
1
1
1
1
1
1
1
1
1
1
1
1
1
1
1
1
1
1
1
1
1
1
1
1
1
1
1
1
1
1
1
1
1
1
1
1
1
1
1
1
1
1
1
1
1
1
1
1
1
1
1
1
1
1
1
1
1
1
1
1
1
1
1
1
1
1
1
1
1
1
1
1
1
1
1
1
1
1
1
1
1
1
1
1
1
1
1
1
1
1
1
1.00001
1.00035
1.00911
1.16485
1.83667
2.50441
3.24307
3.62335
3.65591
3.62794
3.58051
3.53427
3.51985
3.52311
3.51994
3.51238
3.49516
3.46609
1
1
1
1
1
1
1
1
1
1
1
1
1
1
1
1
1
1
1
1
1
1
1
1
1
1
1
1
1
1
1
1
1
1
1
1
1
1
1
1
1
1
1
1
1
1
1
1
1
1
1
1
1
1
1
1
1
1
1
1
1
1
1
1
1
1
1
1
1
1
1
1
1
1
1
1
1
1
1
1
1
1
1
1
1
1
1
1
1
1
1
1
1
1
1
1
1
1
1
1
1
1
1
1
1
1
1
1
1
1
1
1
1
1
1
1
1
1
1
1
1
1
1
1
1
1
1
1
1
1
1
1
1
1
1
1
1
1
1
1
1
1
1
1
1
1
1
1
1
1
1
1
1
1
1
1
1
1
1
1
1.00016
1.00776
1.11688
1.41943
2.12612
3.26488
3.49701
3.57447
3.58196
3.55298
3.53824
3.55413
3.56941
3.55866
3.50618
3.47894
1
1
1
1
1
1
1
1
1
1
1
1
1
1
1
1
1
1
1
1
1
1
1
1
1
1
1
1
1
1
1
1
1
1
1
1
1
1
1
1
1
1
1
1
1
1
1
1
1
1
1
1
1
1
1
1
1
1
1
1
1
1
1
1
1
1
1
1
1
1
1
1
1
1
1
1
1
1
1
1
1
1
1
1
1
1
1
1
1
1
1
1
1
1
1
1
1
1
1
1
1
1
1
1
1
1
1
1
1
1
1
1
1
1
1
1
1
1
1
1
1
1
1
1
1
1
1
1
1
1
1
1
1
1
1
1
1
1
1
1
1
1
1
1
1
1
1
1
1
1
1
1
1
1
1
1
1
1
1
1
1
1.0001
1.00328
1.03051
1.20025
2.05998
2.95477
3.33671
3.56778
3.6321
3.62394
3.62779
3.59683
3.5513
3.50568
3.49423
1
1
1
1
1
1
1
1
1
1
1
1
1
1
1
1
1
1
1
1
1
1
1
1
1
1
1
1
1
1
1
1
1
1
1
1
1
1
1
1
1
1
1
1
1
1
1
1
1
1
1
1
1
1
1
1
1
1
1
1
1
1
1
1
1
1
1
1
1
1
1
1
1
1
1
1
1
1
1
1
1
1
1
1
1
1
1
1
1
1
1
1
1
1
1
1
1
1
1
1
1
1
1
1
1
1
1
1
1
1
1
1
1
1
1
1
1
1
1
1
1
1
1
1
1
1
1
1
1
1
1
1
1
1
1
1
1
1
1
1
1
1
1
1
1
1
1
1
1
1
1
1
1
1
1
1
1
1
1
1
1
1
1.00001
1.00048
1.01057
1.16563
1.88506
2.59439
3.20317
3.58776
3.64465
3.6121
3.56389
3.51882
3.49661
3.4871
1
1
1
1
1
1
1
1
1
1
1
1
1
1
1
1
1
1
1
1
1
1
1
1
1
1
1
1
1
1
1
1
1
1
1
1
1
1
1
1
1
1
1
1
1
1
1
1
1
1
1
1
1
1
1
1
1
1
1
1
1
1
1
1
1
1
1
1
1
1
1
1
1
1
1
1
1
1
1
1
1
1
1
1
1
1
1
1
1
1
1
1
1
1
1
1
1
1
1
1
1
1
1
1
1
1
1
1
1
1
1
1
1
1
1
1
1
1
1
1
1
1
1
1
1
1
1
1
1
1
1
1
1
1
1
1
1
1
1
1
1
1
1
1
1
1
1
1
1
1
1
1
1
1
1
1
1
1
1
1
1
1
1
1
1.00018
1.00802
1.13258
1.50548
2.12798
3.22761
3.53162
3.54584
3.55916
3.5307
3.48668
3.50338
1
1
1
1
1
1
1
1
1
1
1
1
1
1
1
1
1
1
1
1
1
1
1
1
1
1
1
1
1
1
1
1
1
1
1
1
1
1
1
1
1
1
1
1
1
1
1
1
1
1
1
1
1
1
1
1
1
1
1
1
1
1
1
1
1
1
1
1
1
1
1
1
1
1
1
1
1
1
1
1
1
1
1
1
1
1
1
1
1
1
1
1
1
1
1
1
1
1
1
1
1
1
1
1
1
1
1
1
1
1
1
1
1
1
1
1
1
1
1
1
1
1
1
1
1
1
1
1
1
1
1
1
1
1
1
1
1
1
1
1
1
1
1
1
1
1
1
1
1
1
1
1
1
1
1
1
1
1
1
1
1
1
1
1
1
1.00012
1.00431
1.04136
1.21311
2.02039
3.01409
3.33021
3.51387
3.58912
3.56421
3.56716
1
1
1
1
1
1
1
1
1
1
1
1
1
1
1
1
1
1
1
1
1
1
1
1
1
1
1
1
1
1
1
1
1
1
1
1
1
1
1
1
1
1
1
1
1
1
1
1
1
1
1
1
1
1
1
1
1
1
1
1
1
1
1
1
1
1
1
1
1
1
1
1
1
1
1
1
1
1
1
1
1
1
1
1
1
1
1
1
1
1
1
1
1
1
1
1
1
1
1
1
1
1
1
1
1
1
1
1
1
1
1
1
1
1
1
1
1
1
1
1
1
1
1
1
1
1
1
1
1
1
1
1
1
1
1
1
1
1
1
1
1
1
1
1
1
1
1
1
1
1
1
1
1
1
1
1
1
1
1
1
1
1
1
1
1
1
1.00002
1.00066
1.01171
1.15016
1.87788
2.68315
3.18702
3.53402
3.62317
3.61329
1
1
1
1
1
1
1
1
1
1
1
1
1
1
1
1
1
1
1
1
1
1
1
1
1
1
1
1
1
1
1
1
1
1
1
1
1
1
1
1
1
1
1
1
1
1
1
1
1
1
1
1
1
1
1
1
1
1
1
1
1
1
1
1
1
1
1
1
1
1
1
1
1
1
1
1
1
1
1
1
1
1
1
1
1
1
1
1
1
1
1
1
1
1
1
1
1
1
1
1
1
1
1
1
1
1
1
1
1
1
1
1
1
1
1
1
1
1
1
1
1
1
1
1
1
1
1
1
1
1
1
1
1
1
1
1
1
1
1
1
1
1
1
1
1
1
1
1
1
1
1
1
1
1
1
1
1
1
1
1
1
1
1
1
1
1
1
1
1.00019
1.00692
1.13044
1.61614
2.19856
3.11723
3.56197
3.56593
1
1
1
1
1
1
1
1
1
1
1
1
1
1
1
1
1
1
1
1
1
1
1
1
1
1
1
1
1
1
1
1
1
1
1
1
1
1
1
1
1
1
1
1
1
1
1
1
1
1
1
1
1
1
1
1
1
1
1
1
1
1
1
1
1
1
1
1
1
1
1
1
1
1
1
1
1
1
1
1
1
1
1
1
1
1
1
1
1
1
1
1
1
1
1
1
1
1
1
1
1
1
1
1
1
1
1
1
1
1
1
1
1
1
1
1
1
1
1
1
1
1
1
1
1
1
1
1
1
1
1
1
1
1
1
1
1
1
1
1
1
1
1
1
1
1
1
1
1
1
1
1
1
1
1
1
1
1
1
1
1
1
1
1
1
1
1
1
1
1.00011
1.00505
1.0606
1.25299
1.93362
3.07231
3.3415
1
1
1
1
1
1
1
1
1
1
1
1
1
1
1
1
1
1
1
1
1
1
1
1
1
1
1
1
1
1
1
1
1
1
1
1
1
1
1
1
1
1
1
1
1
1
1
1
1
1
1
1
1
1
1
1
1
1
1
1
1
1
1
1
1
1
1
1
1
1
1
1
1
1
1
1
1
1
1
1
1
1
1
1
1
1
1
1
1
1
1
1
1
1
1
1
1
1
1
1
1
1
1
1
1
1
1
1
1
1
1
1
1
1
1
1
1
1
1
1
1
1
1
1
1
1
1
1
1
1
1
1
1
1
1
1
1
1
1
1
1
1
1
1
1
1
1
1
1
1
1
1
1
1
1
1
1
1
1
1
1
1
1
1
1
1
1
1
1
1
1.00004
1.00108
1.01415
1.1362
1.83061
2.74116
1
1
1
1
1
1
1
1
1
1
1
1
1
1
1
1
1
1
1
1
1
1
1
1
1
1
1
1
1
1
1
1
1
1
1
1
1
1
1
1
1
1
1
1
1
1
1
1
1
1
1
1
1
1
1
1
1
1
1
1
1
1
1
1
1
1
1
1
1
1
1
1
1
1
1
1
1
1
1
1
1
1
1
1
1
1
1
1
1
1
1
1
1
1
1
1
1
1
1
1
1
1
1
1
1
1
1
1
1
1
1
1
1
1
1
1
1
1
1
1
1
1
1
1
1
1
1
1
1
1
1
1
1
1
1
1
1
1
1
1
1
1
1
1
1
1
1
1
1
1
1
1
1
1
1
1
1
1
1
1
1
1
1
1
1
1
1
1
1
1
1
1
1.0002
1.00601
1.10894
1.66664
1
1
1
1
1
1
1
1
1
1
1
1
1
1
1
1
1
1
1
1
1
1
1
1
1
1
1
1
1
1
1
1
1
1
1
1
1
1
1
1
1
1
1
1
1
1
1
1
1
1
1
1
1
1
1
1
1
1
1
1
1
1
1
1
1
1
1
1
1
1
1
1
1
1
1
1
1
1
1
1
1
1
1
1
1
1
1
1
1
1
1
1
1
1
1
1
1
1
1
1
1
1
1
1
1
1
1
1
1
1
1
1
1
1
1
1
1
1
1
1
1
1
1
1
1
1
1
1
1
1
1
1
1
1
1
1
1
1
1
1
1
1
1
1
1
1
1
1
1
1
1
1
1
1
1
1
1
1
1
1
1
1
1
1
1
1
1
1
1
1
1
1
1
1.00009
1.00436
1.0735
1
1
1
1
1
1
1
1
1
1
1
1
1
1
1
1
1
1
1
1
1
1
1
1
1
1
1
1
1
1
1
1
1
1
1
1
1
1
1
1
1
1
1
1
1
1
1
1
1
1
1
1
1
1
1
1
1
1
1
1
1
1
1
1
1
1
1
1
1
1
1
1
1
1
1
1
1
1
1
1
1
1
1
1
1
1
1
1
1
1
1
1
1
1
1
1
1
1
1
1
1
1
1
1
1
1
1
1
1
1
1
1
1
1
1
1
1
1
1
1
1
1
1
1
1
1
1
1
1
1
1
1
1
1
1
1
1
1
1
1
1
1
1
1
1
1
1
1
1
1
1
1
1
1
1
1
1
1
1
1
1
1
1
1
1
1
1
1
1
1
1
1
1
1
1.00005
1.0016
1
1
1
1
1
1
1
1
1
1
1
1
1
1
1
1
1
1
1
1
1
1
1
1
1
1
1
1
1
1
1
1
1
1
1
1
1
1
1
1
1
1
1
1
1
1
1
1
1
1
1
1
1
1
1
1
1
1
1
1
1
1
1
1
1
1
1
1
1
1
1
1
1
1
1
1
1
1
1
1
1
1
1
1
1
1
1
1
1
1
1
1
1
1
1
1
1
1
1
1
1
1
1
1
1
1
1
1
1
1
1
1
1
1
1
1
1
1
1
1
1
1
1
1
1
1
1
1
1
1
1
1
1
1
1
1
1
1
1
1
1
1
1
1
1
1
1
1
1
1
1
1
1
1
1
1
1
1
1
1
1
1
1
1
1
1
1
1
1
1
1
1
1
1
1
1.00001
1
1
1
1
1
1
1
1
1
1
1
1
1
1
1
1
1
1
1
1
1
1
1
1
1
1
1
1
1
1
1
1
1
1
1
1
1
1
1
1
1
1
1
1
1
1
1
1
1
1
1
1
1
1
1
1
1
1
1
1
1
1
1
1
1
1
1
1
1
1
1
1
1
1
1
1
1
1
1
1
1
1
1
1
1
1
1
1
1
1
1
1
1
1
1
1
1
1
1
1
1
1
1
1
1
1
1
1
1
1
1
1
1
1
1
1
1
1
1
1
1
1
1
1
1
1
1
1
1
1
1
1
1
1
1
1
1
1
1
1
1
1
1
1
1
1
1
1
1
1
1
1
1
1
1
1
1
1
1
1
1
1
1
1
1
1
1
1
1
1
1
1
1
1
1
1
1
1
1
1
1
1
1
1
1
1
1
1
1
1
1
1
1
1
1
1
1
1
1
1
1
1
1
1
1
1
1
1
1
1
1
1
1
1
1
1
1
1
1
1
1
1
1
1
1
1
1
1
1
1
1
1
1
1
1
1
1
1
1
1
1
1
1
1
1
1
1
1
1
1
1
1
1
1
1
1
1
1
1
1
1
1
1
1
1
1
1
1
1
1
1
1
1
1
1
1
1
1
1
1
1
1
1
1
1
1
1
1
1
1
1
1
1
1
1
1
1
1
1
1
1
1
1
1
1
1
1
1
1
1
1
1
1
1
1
1
1
1
1
1
1
1
1
1
1
1
1
1
1
1
1
1
1
1
1
1
1
1
1
1
1
1
1
1
1
1
1
1
1
1
1
1
1
1
1
1
1
1
1
1
1
1
1
1
1
1
1
1
1
1
1
1
1
1
1
1
1
1
1
1
1
1
1
1
1
1
1
1
1
1
1
1
1
1
1
1
1
1
1
1
1
1
1
1
1
1
1
1
1
1
1
1
1
1
1
1
1
1
1
1
1
1
1
1
1
1
1
1
1
1
1
1
1
1
1
1
1
1
1
1
1
1
1
1
1
1
1
1
1
1
1
1
1
1
1
1
1
1
1
1
1
1
1
1
1
1
1
1
1
1
1
1
1
1
1
1
1
1
1
1
1
1
1
1
1
1
1
1
1
1
1
1
1
1
1
1
1
1
1
1
1
1
1
1
1
1
1
1
1
1
1
1
1
1
1
1
1
1
1
1
1
1
1
1
1
1
1
1
1
1
1
1
1
1
1
1
1
1
1
1
1
1
1
1
1
1
1
1
1
1
1
1
1
1
1
1
1
1
1
1
1
1
1
1
1
1
1
1
1
1
1
1
1
1
1
1
1
1
1
1
1
1
1
1
1
1
1
1
1
1
1
1
1
1
1
1
1
1
1
1
1
1
1
1
1
1
1
1
1
1
1
1
1
1
1
1
1
1
1
1
1
1
1
1
1
1
1
1
1
1
1
1
1
1
1
1
1
1
1
1
1
1
1
1
1
1
1
1
1
1
1
1
1
1
1
1
1
1
1
1
1
1
1
1
1
1
1
1
1
1
1
1
1
1
1
1
1
1
1
1
1
1
1
1
1
1
1
1
1
1
1
1
1
1
1
1
1
1
1
1
1
1
1
1
1
1
1
1
1
1
1
1
1
1
1
1
1
1
1
1
1
1
1
1
1
1
1
1
1
1
1
1
1
1
1
1
1
1
1
1
1
1
1
1
1
1
1
1
1
1
1
1
1
1
1
1
1
1
1
1
1
1
1
1
1
1
1
1
1
1
1
1
1
1
1
1
1
1
1
1
1
1
1
1
1
1
1
1
1
1
1
1
1
1
1
1
1
1
1
1
1
1
1
1
1
1
1
1
1
1
1
1
1
1
1
1
1
1
1
1
1
1
1
1
1
1
1
1
1
1
1
1
1
1
1
1
1
1
1
1
1
1
1
1
1
1
1
1
1
1
1
1
1
1
1
1
1
1
1
1
1
1
1
1
1
1
1
1
1
1
1
1
1
1
1
1
1
1
1
1
1
1
1
1
1
1
1
1
1
1
1
1
1
1
1
1
1
1
1
1
1
1
1
1
1
1
1
1
1
1
1
1
1
1
1
1
1
1
1
1
1
1
1
1
1
1
1
1
1
1
1
1
1
1
1
1
1
1
1
1
1
1
1
1
1
1
1
1
1
1
1
1
1
1
1
1
1
1
1
1
1
1
1
1
1
1
1
1
1
1
1
1
1
1
1
1
1
1
1
1
1
1
1
1
1
1
1
1
1
1
1
1
1
1
1
1
1
1
1
1
1
1
1
1
1
1
1
1
1
1
1
1
1
1
1
1
1
1
1
1
1
1
1
1
1
1
1
1
1
1
1
1
1
1
1
1
1
1
1
1
1
1
1
1
1
1
1
1
1
1
1
1
1
1
1
1
1
1
1
1
1
1
1
1
1
1
1
1
1
1
1
1
1
1
1
1
1
1
1
1
1
1
1
1
1
1
1
1
1
1
1
1
1
1
1
1
1
1
1
1
1
1
1
1
1
1
1
1
1
1
1
1
1
1
1
1
1
1
1
1
1
1
1
1
1
1
1
1
1
1
1
1
1
1
1
1
1
1
1
1
1
1
1
1
1
1
1
1
1
1
1
1
1
1
1
1
1
1
1
1
1
1
1
1
1
1
1
1
1
1
1
1
1
1
1
1
1
1
1
1
1
1
1
1
1
1
1
1
1
1
1
1
1
1
1
1
1
1
1
1
1
1
1
1
1
1
1
1
1
1
1
1
1
1
1
1
1
1
1
1
1
1
1
1
1
1
1
1
1
1
1
1
1
1
1
1
1
1
1
1
1
1
1
1
1
1
1
1
1
1
1
1
1
1
1
1
1
1
1
1
1
1
1
1
1
1
1
1
1
1
1
1
1
1
1
1
1
1
1
1
1
1
1
1
1
1
1
1
1
1
1
1
1
1
1
1
1
1
1
1
1
1
1
1
1
1
1
1
1
1
1
1
1
1
1
1
1
1
1
1
1
1
1
1
1
1
1
1
1
1
1
1
1
1
1
1
1
1
1
1
1
1
1
1
1
1
1
1
1
1
1
1
1
1
1
1
1
1
1
1
1
1
1
1
1
1
1
1
1
1
1
1
1
1
1
1
1
1
1
1
1
1
1
1
1
1
1
1
1
1
1
1
1
1
1
1
1
1
1
1
1
1
1
1
1
1
1
1
1
1
1
1
1
1
1
1
1
1
1
1
1
1
1
1
1
1
1
1
1
1
1
1
1
1
1
1
1
1
1
1
1
1
1
1
1
1
1
1
1
1
1
1
1
1
1
1
1
1
1
1
1
1
1
1
1
1
1
1
1
1
1
1
1
1
1
1
1
1
1
1
1
1
1
1
1
1
1
1
1
1
1
1
1
1
1
1
1
1
1
1
1
1
1
1
1
1
1
1
1
1
1
1
1
1
1
1
1
1
1
1
1
1
1
1
1
1
1
1
1
1
1
1
1
1
1
1
1
1
1
1
1
1
1
1
1
1
1
1
1
1
1
1
1
1
1
1
1
1
1
1
1
1
1
1
1
1
1
1
1
1
1
1
1
1
1
1
1
1
1
1
1
1
1
1
1
1
1
1
1
1
1
1
1
1
1
1
1
1
1
1
1
1
1
1
1
1
1
1
1
1
1
1
1
1
1
1
1
1
1
1
1
1
1
1
1
1
1
1
1
1
1
1
1
1
1
1
1
1
1
1
1
1
1
1
1
1
1
1
1
1
1
1
1
1
1
1
1
1
1
1
1
1
1
1
1
1
1
1
1
1
1
1
1
1
1
1
1
1
1
1
1
1
1
1
1
1
1
1
1
1
1
1
1
1
1
1
1
1
1
1
1
1
1
1
1
1
1
1
1
1
1
1
1
1
1
1
1
1
1
1
1
1
1
1
1
1
1
1
1
1
1
1
1
1
1
1
1
1
1
1
1
1
1
1
1
1
1
1
1
1
1
1
1
1
1
1
1
1
1
1
1
1
1
1
1
1
1
1
1
1
1
1
1
1
1
1
1
1
1
1
1
1
1
1
1
1
1
1
1
1
1
1
1
1
1
1
1
1
1
1
1
1
1
1
1
1
1
1
1
1
1
1
1
1
1
1
1
1
1
1
1
1
1
1
1
1
1
1
1
1
1
1
1
1
1
1
1
1
1
1
1
1
1
1
1
1
1
1
1
1
1
1
1
1
1
1
1
1
1
1
1
1
1
1
1
1
1
1
1
1
1
1
1
1
1
1
1
1
1
1
1
1
1
1
1
1
1
1
1
1
1
1
1
1
1
1
1
1
1
1
1
1
1
1
1
1
1
1
1
1
1
1
1
1
1
1
1
1
1
1
1
1
1
1
1
1
1
1
1
1
1
1
1
1
1
1
1
1
1
1
1
1
1
1
1
1
1
1
1
1
1
1
1
1
1
1
1
1
1
1
1
1
1
1
1
1
1
1
1
1
1
1
1
1
1
1
1
1
1
1
1
1
1
1
1
1
1
1
1
1
1
1
1
1
1
1
1
1
1
1
1
1
1
1
1
1
1
1
1
1
1
1
1
1
1
1
1
1
1
1
1
1
1
1
1
1
1
1
1
1
1
1
1
1
1
1
1
1
1
1
1
1
1
1
1
1
1
1
1
1
1
1
1
1
1
1
1
1
1
1
1
1
1
1
1
1
1
1
1
1
1
1
1
1
1
1
1
1
1
1
1
1
1
1
1
1
1
1
1
1
1
1
1
1
1
1
1
1
1
1
1
1
1
1
1
1
1
1
1
1
1
1
1
1
1
1
1
1
1
1
1
1
1
1
1
1
1
1
1
1
1
1
1
1
1
1
1
1
1
1
1
1
1
1
1
1
1
1
1
1
1
1
1
1
1
1
1
1
1
1
1
1
1
1
1
1
1
1
1
1
1
1
1
1
1
1
1
1
1
1
1
1
1
1
1
1
1
1
1
1
1
1
1
1
1
1
1
1
1
1
1
1
1
1
1
1
1
1
1
1
1
1
1
1
1
1
1
1
1
1
1
1
1
1
1
1
1
1
1
1
1
1
1
1
1
1
1
1
1
1
1
1
1
1
1
1
1
1
1
1
1
1
1
1
1
1
1
1
1
1
1
1
1
1
1
1
1
1
1
1
1
1
1
1
1
1
1
1
1
1
1
1
1
1
1
1
1
1
1
1
1
1
1
1
1
1
1
1
1
1
1
1
1
1
1
1
1
1
1
1
1
1
1
1
1
1
1
1
1
1
1
1
1
1
1
1
1
1
1
1
1
1
1
1
1
1
1
1
1
1
1
1
1
1
1
1
1
1
1
1
1
1
1
1
1
1
1
1
1
1
1
1
1
1
1
1
1
1
1
1
1
1
1
1
1
1
1
1
1
1
1
1
1
1
1
1
1
1
1
1
1
1
1
1
1
1
1
1
1
1
1
1
1
1
1
1
1
1
1
1
1
1
1
1
1
1
1
1
1
1
1
1
1
1
1
1
1
1
1
1
1
1
1
1
1
1
1
1
1
1
1
1
1
1
1
1
1
1
1
1
1
1
1
1
1
1
1
1
1
1
1
1
1
1
1
1
1
1
1
1
1
1
1
1
1
1
1
1
1
1
1
1
1
1
1
1
1
1
1
1
1
1
1
1
1
1
1
1
1
1
1
1
1
1
1
1
1
1
1
1
1
1
1
1
1
1
1
1
1
1
1
1
1
1
1
1
1
1
1
1
1
1
1
1
1
1
1
1
1
1
1
1
1
1
1
1
1
1
1
1
1
1
1
1
1
1
1
1
1
1
1
1
1
1
1
1
1
1
1
1
1
1
1
1
1
1
1
1
1
1
1
1
1
1
1
1
1
1
1
1
1
1
1
1
1
1
1
1
1
1
1
1
1
1
1
1
1
1
1
1
1
1
1
1
1
1
1
1
1
1
1
1
1
1
1
1
1
1
1
1
1
1
1
1
1
1
1
1
1
1
1
1
1
1
1
1
1
1
1
1
1
1
1
1
1
1
1
1
1
1
1
1
1
1
1
1
1
1
1
1
1
1
1
1
1
1
1
1
1
1
1
1
1
1
1
1
1
1
1
1
1
1
1
1
1
1
1
1
1
1
1
1
1
1
1
1
1
1
1
1
1
1
1
1
1
1
1
1
1
1
1
1
1
1
1
1
1
1
1
1
1
1
1
1
1
1
1
1
1
1
1
1
1
1
1
1
1
1
1
1
1
1
1
1
1
1
1
1
1
1
1
1
1
1
1
1
1
1
1
1
1
1
1
1
1
1
1
1
1
1
1
1
1
1
1
1
1
1
1
1
1
1
1
1
1
1
1
1
1
1
1
1
1
1
1
1
1
1
1
1
1
1
1
1
1
1
2.8339
2.86548
2.86811
2.85999
2.85015
2.82292
2.77225
2.73506
2.72857
2.72728
2.72452
2.71772
2.70784
2.69266
2.67046
2.64878
2.64101
2.64117
2.64672
2.64317
2.62702
2.59376
2.54266
2.50632
2.4935
2.4915
2.49972
2.52494
2.53397
2.52711
2.503
2.45456
2.4003
2.38034
2.37738
2.37873
2.39801
2.43057
2.43843
2.43318
2.4202
2.38933
2.33371
2.28411
2.26645
2.26381
2.26803
2.29146
2.31305
2.31111
2.29848
2.27098
2.27429
2.44421
2.94334
3.69583
4.28384
4.36753
4.33829
4.27725
2.88996
2.90369
2.89694
2.88735
2.86273
2.81044
2.7622
2.75017
2.74761
2.74341
2.73674
2.72775
2.71504
2.69687
2.67936
2.67357
2.67485
2.6794
2.67344
2.65318
2.61535
2.56151
2.52732
2.51545
2.51364
2.52334
2.55191
2.56368
2.5571
2.53272
2.48258
2.42351
2.40085
2.39729
2.39819
2.4165
2.45322
2.46618
2.46137
2.44795
2.4162
2.35824
2.30659
2.2884
2.28568
2.29014
2.31493
2.33844
2.33764
2.32696
2.29855
2.25388
2.24051
2.25991
2.43945
2.99866
3.98479
4.27807
4.30347
4.29002
2.93965
2.93553
2.92635
2.90354
2.8506
2.78915
2.76957
2.76585
2.76069
2.75387
2.74567
2.73572
2.72313
2.71184
2.70817
2.71151
2.71396
2.70482
2.6797
2.63598
2.58002
2.54878
2.53777
2.53623
2.54753
2.57935
2.59358
2.58708
2.56228
2.51053
2.44721
2.42184
2.41756
2.41812
2.4358
2.47568
2.49382
2.48969
2.47604
2.44376
2.38382
2.32988
2.31095
2.30807
2.31251
2.33798
2.36196
2.36121
2.35102
2.32658
2.28218
2.24644
2.24146
2.24577
2.2805
2.49418
3.27385
4.02836
4.21725
4.28378
2.97528
2.96625
2.94391
2.89262
2.81876
2.78756
2.78209
2.7761
2.76955
2.76273
2.75568
2.74934
2.74513
2.74616
2.75232
2.75059
2.73689
2.70559
2.6546
2.59829
2.57056
2.56062
2.55943
2.5729
2.60799
2.62362
2.61697
2.59168
2.53827
2.47062
2.44317
2.43803
2.4385
2.45562
2.49806
2.52153
2.51817
2.50438
2.47174
2.41015
2.35381
2.33401
2.33094
2.3353
2.36104
2.38534
2.3845
2.37432
2.35019
2.30824
2.26975
2.25653
2.25415
2.25504
2.26673
2.31588
2.60571
3.43113
3.95328
4.20446
3.00529
2.98288
2.93308
2.85128
2.80636
2.79702
2.79085
2.78468
2.77977
2.77628
2.7752
2.77935
2.78878
2.79439
2.78906
2.76837
2.73013
2.67162
2.61757
2.59313
2.58433
2.58361
2.59974
2.63791
2.65398
2.64681
2.62088
2.5656
2.49426
2.46475
2.45871
2.45922
2.47592
2.52051
2.54913
2.54673
2.53299
2.50009
2.43692
2.37808
2.35731
2.35403
2.35823
2.38409
2.40866
2.40777
2.39767
2.37362
2.33121
2.29315
2.27909
2.27726
2.2796
2.27987
2.27883
2.28243
2.33246
2.70087
3.38615
3.94022
3.01867
2.9713
2.88479
2.82582
2.812
2.8063
2.80083
2.79755
2.79722
2.80365
2.8178
2.83266
2.83603
2.82625
2.7985
2.75244
2.68673
2.63738
2.61636
2.60898
2.60912
2.62851
2.66921
2.68458
2.67657
2.64977
2.59227
2.51767
2.48629
2.4797
2.48022
2.49667
2.54318
2.57672
2.57544
2.56184
2.52879
2.46433
2.40288
2.38078
2.37715
2.381
2.40675
2.43193
2.43112
2.42111
2.39718
2.35445
2.31564
2.30123
2.29941
2.30288
2.30734
2.30408
2.2957
2.27701
2.27011
2.34114
2.71336
3.35277
3.00634
2.9188
2.8476
2.82843
2.82282
2.81821
2.81627
2.82033
2.83605
2.86055
2.87713
2.8763
2.86125
2.82723
2.77183
2.70088
2.65812
2.64043
2.63466
2.6357
2.65939
2.70202
2.71568
2.7064
2.67807
2.61806
2.54055
2.50787
2.50085
2.50141
2.51782
2.56582
2.60429
2.60412
2.5909
2.55774
2.49213
2.42769
2.40435
2.40029
2.40362
2.42894
2.45499
2.45438
2.4446
2.42095
2.37788
2.33825
2.32313
2.32101
2.32465
2.33043
2.32814
2.3215
2.30098
2.27219
2.26526
2.26993
2.36043
2.72587
2.95189
2.87276
2.84767
2.84121
2.83729
2.83661
2.84647
2.87295
2.90552
2.91992
2.91524
2.89392
2.85424
2.78856
2.71619
2.6801
2.66507
2.66051
2.66379
2.69262
2.73614
2.74697
2.73602
2.70607
2.64287
2.56284
2.52961
2.52222
2.52272
2.5394
2.58883
2.63152
2.63287
2.61988
2.58687
2.52035
2.45274
2.42792
2.42339
2.42608
2.45063
2.4778
2.47761
2.46818
2.44497
2.40191
2.36109
2.34513
2.3427
2.34637
2.35339
2.35114
2.34458
2.32658
2.29665
2.27476
2.27086
2.27197
2.28797
2.39809
2.90043
2.87043
2.86266
2.85914
2.85992
2.87642
2.91368
2.94992
2.95899
2.95028
2.92443
2.87895
2.80382
2.73419
2.70397
2.69088
2.68725
2.69306
2.72748
2.77089
2.77812
2.76547
2.73368
2.66681
2.58488
2.55157
2.54399
2.54452
2.56136
2.61218
2.65853
2.6615
2.64878
2.61603
2.54875
2.47788
2.45165
2.44652
2.44843
2.47201
2.50033
2.5008
2.49168
2.46903
2.42627
2.38403
2.36718
2.36443
2.36794
2.37638
2.37474
2.36803
2.35025
2.3206
2.29659
2.29
2.28808
2.29014
2.29677
2.31853
2.8961
2.88723
2.88413
2.88709
2.91093
2.95679
2.99092
2.99395
2.98156
2.95263
2.90057
2.81821
2.75455
2.72878
2.71794
2.71528
2.72494
2.76499
2.80591
2.80938
2.79469
2.76063
2.68987
2.60669
2.57396
2.56631
2.56687
2.58409
2.63636
2.68556
2.68989
2.67741
2.64516
2.57755
2.50341
2.47541
2.46972
2.47082
2.49312
2.52277
2.5241
2.51519
2.49316
2.45087
2.40712
2.38931
2.38614
2.38928
2.39897
2.3984
2.39203
2.3747
2.34407
2.31815
2.31081
2.30988
2.31545
2.32005
2.31593
2.30988
2.9145
2.91187
2.91799
2.94986
3.00045
3.02759
3.02571
3.00986
2.97856
2.91949
2.83307
2.77626
2.75387
2.74568
2.74416
2.7591
2.80445
2.84079
2.84012
2.82347
2.78688
2.71187
2.62824
2.59674
2.58921
2.58981
2.60765
2.66158
2.71278
2.71798
2.70587
2.67417
2.60632
2.52936
2.49943
2.49312
2.49347
2.51433
2.5453
2.54765
2.53891
2.51732
2.47553
2.43044
2.41155
2.40804
2.41062
2.42117
2.42189
2.41591
2.39969
2.36894
2.33977
2.3306
2.32991
2.33587
2.34624
2.34469
2.33647
2.31462
2.94277
2.95226
2.99135
3.04177
3.06009
3.05482
3.03654
3.00273
2.93666
2.84951
2.79998
2.78031
2.77408
2.77418
2.79571
2.84528
2.87546
2.87159
2.85205
2.81251
2.73312
2.65004
2.61996
2.61261
2.61333
2.63219
2.6876
2.74004
2.74575
2.73387
2.70292
2.63539
2.55551
2.52387
2.51679
2.51651
2.53577
2.56812
2.57189
2.56321
2.5419
2.50043
2.45392
2.434
2.4302
2.43218
2.44319
2.44538
2.43966
2.42478
2.39472
2.36294
2.35118
2.35019
2.35547
2.36853
2.36983
2.36378
2.34569
2.30893
2.99049
3.03424
3.07908
3.08883
3.08098
3.06149
3.02533
2.95335
2.86846
2.82576
2.8082
2.8031
2.80585
2.83462
2.88633
2.90874
2.90177
2.87996
2.83764
2.75392
2.67245
2.64371
2.63665
2.63758
2.65761
2.71479
2.7673
2.77285
2.76121
2.73091
2.664
2.58188
2.5486
2.54075
2.5401
2.55785
2.59133
2.59678
2.58821
2.56711
2.52585
2.47799
2.45669
2.45263
2.45403
2.46529
2.46884
2.46345
2.4496
2.42079
2.38683
2.37259
2.37136
2.37596
2.39037
2.3939
2.38831
2.3722
2.34029
2.30507
3.07776
3.11281
3.11549
3.10541
3.08465
3.04587
2.97054
2.8912
2.85377
2.83774
2.83355
2.83957
2.87559
2.92628
2.94021
2.93061
2.90725
2.86185
2.77463
2.6957
2.66825
2.66143
2.66264
2.68411
2.74282
2.79436
2.79943
2.78773
2.758
2.6919
2.60812
2.57328
2.5649
2.56399
2.58042
2.61508
2.62249
2.61387
2.59307
2.55208
2.50232
2.47974
2.47537
2.47628
2.48739
2.49238
2.48724
2.47421
2.44676
2.41188
2.39466
2.39303
2.39718
2.41229
2.41782
2.41262
2.39685
2.366
2.33144
2.3161
3.14305
3.14069
3.12887
3.10716
3.06569
2.9886
2.91563
2.88253
2.86874
2.8655
2.87594
2.91838
2.96392
2.96981
2.95818
2.93353
2.88501
2.79546
2.72037
2.6937
2.68723
2.68876
2.71215
2.77211
2.82137
2.82538
2.81355
2.78408
2.71851
2.6342
2.59783
2.58907
2.5881
2.60358
2.63918
2.6487
2.64031
2.61993
2.57905
2.52727
2.50307
2.49832
2.49886
2.50986
2.51602
2.51118
2.4989
2.47257
2.43703
2.41745
2.41522
2.41879
2.43416
2.44146
2.43663
2.42136
2.39061
2.35524
2.33918
2.33731
3.16462
3.15128
3.12852
3.08543
3.00908
2.94285
2.91262
2.90112
2.89897
2.91414
2.9607
2.99832
2.9981
2.98426
2.95821
2.90712
2.81701
2.74623
2.72067
2.71459
2.71654
2.74186
2.80245
2.84849
2.85078
2.83869
2.80937
2.74416
2.65974
2.62238
2.61339
2.61234
2.62727
2.66378
2.67537
2.66734
2.64711
2.60663
2.5529
2.52665
2.52154
2.52164
2.53257
2.53985
2.53533
2.52348
2.49812
2.46267
2.44095
2.43799
2.44099
2.45604
2.46453
2.46013
2.44531
2.41519
2.37839
2.36088
2.35869
2.36221
3.17266
3.14883
3.10564
3.03301
2.97304
2.94481
2.93584
2.93492
2.95422
3.00157
3.02937
3.02474
3.00855
2.98159
2.92796
2.83873
2.77346
2.74909
2.74299
2.7457
2.77369
2.83483
2.87576
2.87594
2.86324
2.83396
2.76887
2.68485
2.64712
2.63774
2.63677
2.65158
2.68901
2.70235
2.69469
2.6747
2.6345
2.57911
2.55061
2.54483
2.54475
2.55528
2.56387
2.55979
2.54825
2.52359
2.48804
2.46501
2.46121
2.46377
2.47833
2.48724
2.48307
2.46881
2.4392
2.40151
2.38236
2.37968
2.38263
2.39347
3.16709
3.12479
3.0584
3.00547
2.9793
2.97257
2.97337
2.9963
3.04005
3.05767
3.04952
3.03173
3.00371
2.94802
2.86099
2.80173
2.77855
2.77264
2.77671
2.80718
2.86757
2.90294
2.90147
2.88782
2.85804
2.79263
2.70962
2.67203
2.66235
2.66147
2.67648
2.71496
2.72974
2.72238
2.70263
2.66285
2.60581
2.5749
2.56823
2.56802
2.57815
2.58801
2.58445
2.57327
2.54913
2.51363
2.48936
2.48476
2.48702
2.50084
2.50981
2.50563
2.49179
2.46299
2.4247
2.40392
2.40073
2.40314
2.41407
2.41502
3.14393
3.08544
3.03952
3.01558
3.01117
3.01428
3.03892
3.07586
3.08471
3.07283
3.05361
3.02459
2.96759
2.88465
2.83133
2.80924
2.80337
2.80885
2.8425
2.9015
2.9301
2.92669
2.91203
2.88183
2.81586
2.73419
2.69719
2.68731
2.68653
2.70201
2.74149
2.75744
2.75025
2.73067
2.69138
2.63307
2.59986
2.59188
2.59153
2.60125
2.61214
2.60922
2.59865
2.57476
2.53915
2.51395
2.5086
2.51048
2.52357
2.53233
2.5281
2.51449
2.48634
2.44777
2.42577
2.42198
2.42389
2.43479
2.43645
2.42963
3.11385
3.07411
3.05253
3.05072
3.05698
3.0819
3.10979
3.11083
3.09538
3.07441
3.04389
2.98663
2.909
2.86117
2.84085
2.83543
2.84268
2.87877
2.93489
2.95715
2.95202
2.93639
2.90535
2.83866
2.75875
2.72261
2.71261
2.71198
2.72806
2.76856
2.78535
2.77823
2.75877
2.71997
2.6608
2.62502
2.61601
2.61547
2.62448
2.63632
2.63407
2.62406
2.60048
2.56459
2.53857
2.53246
2.53399
2.54637
2.55487
2.55063
2.53706
2.50938
2.47074
2.44789
2.44349
2.44509
2.45583
2.45817
2.45167
2.43303
3.10955
3.08981
3.09064
3.10001
3.12361
3.14224
3.13644
3.11797
3.0948
3.06267
3.00614
2.93529
2.89249
2.87342
2.86853
2.87758
2.91644
2.96818
2.98354
2.97687
2.9603
2.92849
2.86151
2.78364
2.74852
2.73837
2.7379
2.75468
2.79595
2.81331
2.80628
2.78683
2.74828
2.68864
2.65087
2.64078
2.64
2.64839
2.66062
2.65879
2.64942
2.62625
2.59
2.56322
2.5562
2.55741
2.56913
2.57746
2.57324
2.55975
2.53217
2.49362
2.47029
2.46539
2.46672
2.47725
2.48014
2.47399
2.45574
2.41934
3.12746
3.13025
3.14265
3.16332
3.17244
3.16163
3.14057
3.11495
3.08125
3.02682
2.9633
2.92438
2.90734
2.90338
2.91386
2.95418
3.00036
3.00907
3.00093
2.98377
2.95132
2.88425
2.80923
2.77515
2.76487
2.76459
2.78209
2.82388
2.84144
2.83428
2.81472
2.7763
2.71653
2.6773
2.66617
2.66513
2.67302
2.68534
2.68367
2.67468
2.6519
2.61543
2.58746
2.57965
2.58065
2.59182
2.60009
2.59595
2.58254
2.55497
2.51645
2.49285
2.48761
2.48876
2.4991
2.50229
2.49637
2.47864
2.44285
2.3992
3.16975
3.18416
3.19928
3.19924
3.18619
3.16314
3.13529
3.10074
3.04917
2.99345
2.95775
2.94245
2.93955
2.95155
2.99226
3.03054
3.03342
3.02378
3.00615
2.97343
2.90741
2.83597
2.80257
2.79217
2.79204
2.81023
2.85231
2.86946
2.86213
2.84244
2.80394
2.74387
2.70399
2.69199
2.69071
2.69829
2.71058
2.70874
2.69995
2.67746
2.64075
2.61172
2.60309
2.60376
2.61432
2.62278
2.6188
2.60548
2.5779
2.53927
2.51547
2.50997
2.511
2.52128
2.52461
2.51884
2.50163
2.46647
2.42254
2.40059
3.22355
3.23144
3.22522
3.21099
3.18605
3.15648
3.1223
3.07496
3.02551
2.9917
2.97867
2.97704
2.99001
3.02932
3.05854
3.05656
3.04504
3.02738
2.99473
2.93098
2.86341
2.83055
2.82045
2.82056
2.83931
2.881
2.89734
2.88978
2.86988
2.83114
2.77083
2.73088
2.71813
2.71659
2.72401
2.73625
2.73418
2.72528
2.70273
2.66593
2.63598
2.6266
2.62692
2.63682
2.64549
2.64178
2.62866
2.60109
2.56224
2.53811
2.5324
2.53334
2.54367
2.54708
2.5414
2.52441
2.48977
2.44604
2.42371
2.41935
3.26115
3.25129
3.23375
3.20915
3.1793
3.14639
3.10332
3.05898
3.02705
3.01574
3.01518
3.02892
3.06405
3.08423
3.07857
3.06532
3.0474
3.01504
2.95432
2.89126
2.85957
2.84971
2.85014
2.86944
2.91043
2.92513
2.91729
2.89706
2.8578
2.79738
2.75764
2.74439
2.74264
2.75002
2.76235
2.76007
2.75083
2.72788
2.69067
2.66028
2.65025
2.65028
2.65955
2.66835
2.66492
2.65214
2.62467
2.58564
2.56097
2.55499
2.55585
2.56626
2.56983
2.56411
2.54702
2.51265
2.46934
2.44696
2.44246
2.44658
3.27569
3.25558
3.23207
3.20343
3.17206
3.13298
3.09306
3.06358
3.054
3.05398
3.06746
3.09675
3.10869
3.09938
3.08505
3.06668
3.03466
2.9778
2.91988
2.88924
2.87978
2.88043
2.90049
2.94025
2.95317
2.94497
2.92404
2.88408
2.82354
2.78417
2.77065
2.76874
2.77619
2.78887
2.78645
2.77673
2.75315
2.71531
2.68468
2.67414
2.67393
2.68262
2.69145
2.68821
2.6757
2.64854
2.60954
2.5843
2.57801
2.57879
2.58925
2.593
2.58711
2.56971
2.53524
2.49239
2.47021
2.46568
2.4699
2.49786
3.27825
3.25464
3.22832
3.19852
3.16294
3.1268
3.10047
3.09283
3.09321
3.10539
3.12744
3.1321
3.11995
3.1045
3.08552
3.05421
3.00216
2.94993
2.91991
2.91068
2.91156
2.93215
2.97002
2.98081
2.97209
2.95075
2.91032
2.84975
2.81064
2.79696
2.79491
2.80243
2.81569
2.81334
2.80305
2.77872
2.74005
2.70914
2.69842
2.69798
2.70614
2.71472
2.71156
2.69933
2.67252
2.63372
2.60803
2.60135
2.6021
2.61277
2.61685
2.6107
2.59287
2.55793
2.51533
2.49342
2.48901
2.49341
2.52193
2.54888
3.27902
3.25376
3.22571
3.19389
3.16141
3.1379
3.13222
3.13264
3.14253
3.15683
3.15447
3.14031
3.12376
3.10404
3.07389
3.02776
2.98105
2.95177
2.9428
2.94388
2.96415
2.99942
3.00785
2.9987
2.97722
2.93631
2.87613
2.83726
2.82351
2.82134
2.82889
2.84252
2.84012
2.82934
2.80449
2.76495
2.73379
2.72294
2.72233
2.73007
2.73828
2.73504
2.72296
2.69644
2.65787
2.63191
2.62483
2.62566
2.63664
2.6412
2.63481
2.61667
2.58116
2.53852
2.51671
2.51245
2.5171
2.5461
2.57333
2.57175
3.28052
3.25436
3.22523
3.19623
3.17554
3.17191
3.17245
3.17877
3.18467
3.17682
3.16073
3.1432
3.12289
3.09466
3.05438
3.013
2.98442
2.97569
2.97679
2.99663
3.02869
3.03423
3.02484
3.00324
2.96201
2.90243
2.86407
2.85038
2.84813
2.85572
2.86946
2.86693
2.85578
2.83031
2.78987
2.75854
2.74764
2.74689
2.75431
2.76205
2.75867
2.74659
2.72022
2.68197
2.65581
2.64855
2.64936
2.66068
2.66589
2.65948
2.64101
2.60499
2.56212
2.54021
2.53602
2.54098
2.5704
2.59746
2.59567
2.58052
3.2838
3.25777
3.2307
3.21358
3.21144
3.21228
3.21419
3.21137
3.1993
3.18117
3.16274
3.14267
3.11696
3.08275
3.04615
3.01769
3.00888
3.01012
3.0293
3.05747
3.0605
3.05053
3.02864
2.98747
2.92874
2.8912
2.87764
2.87538
2.88318
2.89677
2.89395
2.88242
2.85632
2.81498
2.78339
2.77246
2.77159
2.77882
2.78607
2.78245
2.77024
2.74381
2.70592
2.67988
2.67246
2.67331
2.68506
2.69093
2.68461
2.66588
2.62944
2.58629
2.5642
2.55997
2.56502
2.59453
2.62117
2.61919
2.60398
2.56948
3.29012
3.26603
3.25282
3.25173
3.25114
3.24744
3.23823
3.22201
3.20146
3.18246
3.16308
3.14046
3.11226
3.07968
3.05147
3.0426
3.04364
3.06139
3.08537
3.0861
3.07572
3.05361
3.01248
2.95518
2.91879
2.90542
2.90316
2.91123
2.92445
2.92124
2.90934
2.88259
2.84042
2.80857
2.79756
2.79662
2.80358
2.81022
2.8063
2.79386
2.76723
2.72967
2.70404
2.69667
2.69762
2.70972
2.71629
2.7101
2.69122
2.65444
2.6111
2.58871
2.58443
2.58956
2.61881
2.6442
2.642
2.62695
2.59281
2.52252
3.3041
3.29473
3.29262
3.28685
3.2785
3.26521
3.24488
3.22278
3.2039
3.1858
3.16575
3.14179
3.11257
3.0847
3.07566
3.07696
3.0935
3.1131
3.11172
3.10043
3.07803
3.03707
2.98194
2.94709
2.93397
2.93175
2.94005
2.95254
2.9488
2.9365
2.90906
2.86614
2.83415
2.82308
2.82211
2.82883
2.83479
2.83056
2.81768
2.79037
2.75295
2.72813
2.72105
2.7222
2.73477
2.74178
2.73572
2.71679
2.68006
2.63626
2.61383
2.60958
2.61472
2.64348
2.66685
2.66406
2.64906
2.61558
2.54623
2.48484
3.3392
3.33281
3.32044
3.30513
3.28837
3.26731
3.24562
3.22726
3.21009
3.19189
3.17096
3.14388
3.1166
3.10774
3.10924
3.12465
3.1405
3.13736
3.12497
3.10186
3.06128
3.00902
2.97568
2.96312
2.961
2.96959
2.981
2.97663
2.96389
2.93572
2.89224
2.86007
2.84901
2.84807
2.8548
2.86019
2.85557
2.84196
2.81364
2.77608
2.75213
2.74545
2.74694
2.76014
2.76716
2.7612
2.74244
2.70583
2.66202
2.63951
2.63524
2.64041
2.66854
2.68976
2.68599
2.67055
2.6374
2.56976
2.50877
2.488
3.36888
3.35287
3.33378
3.31229
3.2882
3.2673
3.25067
3.23535
3.21946
3.20053
3.1757
3.14936
3.13964
3.141
3.15474
3.1671
3.1626
3.14906
3.12537
3.08569
3.0363
3.00424
2.99247
2.9906
2.99957
3.00945
3.00441
2.99133
2.96262
2.91867
2.88649
2.87556
2.87463
2.88135
2.88621
2.88129
2.86701
2.83744
2.79958
2.77618
2.7701
2.77187
2.78558
2.79232
2.78628
2.76763
2.73154
2.68819
2.66561
2.66145
2.66659
2.69394
2.71274
2.70805
2.69206
2.65872
2.59302
2.53345
2.51215
2.50932
3.38195
3.36159
3.34044
3.31462
3.29076
3.27474
3.26181
3.24816
3.23028
3.20659
3.18211
3.17219
3.17306
3.18487
3.19359
3.1877
3.17284
3.14861
3.10981
3.06331
3.03293
3.02208
3.0205
3.02966
3.03788
3.03209
3.01842
2.98922
2.94534
2.91344
2.90271
2.90184
2.90864
2.91289
2.90765
2.89256
2.86181
2.82337
2.80056
2.79503
2.7971
2.81117
2.81722
2.81094
2.79231
2.75663
2.71416
2.69183
2.68783
2.69341
2.7199
2.73602
2.73046
2.7138
2.67997
2.616
2.55936
2.53789
2.53532
2.54248
3.38769
3.3666
3.34455
3.31957
3.30204
3.2908
3.27882
3.26175
3.23771
3.21396
3.20422
3.20473
3.21481
3.21914
3.21229
3.19665
3.17217
3.13423
3.09068
3.06192
3.05201
3.05068
3.0599
3.06616
3.05954
3.04495
3.0151
2.9717
2.9406
2.93016
2.9296
2.93685
2.94034
2.93483
2.91886
2.88658
2.84759
2.82532
2.82023
2.82257
2.83673
2.84205
2.83551
2.81663
2.78114
2.73965
2.71798
2.71422
2.72028
2.74611
2.76001
2.7536
2.73582
2.70057
2.63783
2.58584
2.56537
2.56298
2.57168
2.60606
3.39454
3.37206
3.35008
3.33242
3.32188
3.31145
3.2952
3.27109
3.24681
3.23642
3.2359
3.24242
3.24296
3.23521
3.21958
3.19624
3.16039
3.11924
3.09117
3.08225
3.08145
3.09094
3.0947
3.08732
3.07141
3.04051
2.998
2.96764
2.95746
2.95718
2.96505
2.96857
2.96278
2.94555
2.91211
2.87243
2.85034
2.84565
2.8482
2.86242
2.86711
2.86028
2.8407
2.80544
2.76515
2.74401
2.74047
2.74707
2.77244
2.78424
2.77722
2.75827
2.72124
2.65914
2.61194
2.59367
2.5917
2.60201
2.63671
2.67035
3.40464
3.38323
3.36535
3.3535
3.34223
3.32679
3.30444
3.28094
3.2693
3.2668
3.26855
3.26634
3.25715
3.24107
3.21903
3.18678
3.14903
3.12163
3.11306
3.11257
3.12186
3.12384
3.11605
3.09831
3.06626
3.02448
2.9947
2.98485
2.98471
2.99299
2.99634
2.99027
2.97212
2.93791
2.89804
2.87618
2.87174
2.87443
2.88826
2.89179
2.8846
2.86471
2.82964
2.79071
2.77031
2.76688
2.77405
2.79893
2.80854
2.80072
2.78084
2.74252
2.68108
2.63773
2.62179
2.62052
2.63279
2.66741
2.6925
2.69231
3.4277
3.40259
3.38677
3.3725
3.35548
3.33547
3.31385
3.30067
3.29631
3.29531
3.29094
3.27983
3.26241
3.24054
3.21238
3.17906
3.1526
3.14459
3.14468
3.15338
3.15328
3.14485
3.12515
3.09186
3.0512
3.02263
3.0131
3.0129
3.02083
3.02398
3.01769
2.99825
2.96305
2.92392
2.90271
2.89842
2.90165
2.91491
2.91704
2.90944
2.88876
2.85343
2.81641
2.79716
2.79392
2.80151
2.82514
2.83264
2.82421
2.80376
2.76413
2.70417
2.66423
2.64964
2.6489
2.6631
2.69709
2.71488
2.71099
2.69856
3.44014
3.42548
3.40951
3.38804
3.36512
3.34466
3.32962
3.32389
3.32216
3.31765
3.30457
3.28634
3.26537
3.23987
3.20851
3.18346
3.17627
3.17732
3.18507
3.18326
3.17424
3.15248
3.11851
3.07917
3.05151
3.04242
3.04204
3.04907
3.05109
3.04438
3.02399
2.98793
2.94936
2.92905
2.92503
2.92894
2.94201
2.9431
2.935
2.91343
2.87786
2.84222
2.82418
2.82121
2.82937
2.85183
2.8568
2.84768
2.82641
2.78579
2.72845
2.69193
2.67855
2.67825
2.69366
2.72543
2.73759
2.73157
2.7164
2.69542
3.45848
3.44942
3.42447
3.39671
3.37618
3.36261
3.35051
3.34286
3.33902
3.32855
3.31118
3.29042
3.26684
3.23771
3.21442
3.20818
3.21071
3.21597
3.21237
3.20224
3.17902
3.14555
3.10834
3.08176
3.07289
3.07215
3.07751
3.07804
3.07076
3.04944
3.01278
2.9752
2.95571
2.95178
2.95611
2.96904
2.96914
2.96041
2.93827
2.90216
2.86792
2.85133
2.84879
2.85768
2.87839
2.88065
2.87068
2.84857
2.80682
2.75209
2.71962
2.70802
2.70857
2.72591
2.75424
2.76068
2.75294
2.73576
2.71193
2.68616
3.47966
3.45549
3.42796
3.41487
3.40685
3.38596
3.36781
3.35845
3.3505
3.33528
3.31476
3.29211
3.26574
3.24653
3.2416
3.24493
3.24514
3.23896
3.22727
3.20417
3.17234
3.13806
3.11344
3.10514
3.10378
3.10663
3.10515
3.09662
3.07401
3.0368
3.0007
2.98255
2.97883
2.98357
2.99587
2.99482
2.98519
2.96242
2.92644
2.89368
2.87809
2.87599
2.88555
2.90458
2.9048
2.89398
2.8708
2.82842
2.77663
2.74698
2.73725
2.73885
2.75802
2.78258
2.78426
2.77468
2.75532
2.72899
2.70255
2.68295
3.48359
3.4545
3.44343
3.44282
3.41777
3.39737
3.38928
3.37811
3.36012
3.33961
3.3175
3.29379
3.27898
3.2761
3.27952
3.27593
3.26715
3.25471
3.23145
3.19962
3.1667
3.14456
3.13716
3.13624
3.13704
3.13373
3.12314
3.0983
3.06049
3.02641
3.0093
3.00587
3.01103
3.0227
3.02071
3.01009
2.98658
2.95076
2.91926
2.90474
2.90298
2.91302
2.93028
2.9289
2.91721
2.89296
2.84973
2.80096
2.77396
2.76579
2.76825
2.78897
2.80953
2.80775
2.79594
2.77493
2.74593
2.71893
2.70104
2.68544
3.48239
3.47319
3.46643
3.43731
3.41701
3.41519
3.41343
3.38962
3.36302
3.3434
3.32369
3.30928
3.30785
3.31146
3.30583
3.29377
3.2788
3.25746
3.22806
3.19645
3.1762
3.16978
3.1693
3.16713
3.16205
3.14877
3.12254
3.08517
3.05318
3.03699
3.03373
3.03841
3.04879
3.0463
3.03484
3.01044
2.97451
2.94439
2.93127
2.92994
2.94013
2.95521
2.95274
2.93993
2.91496
2.87159
2.82582
2.80116
2.79447
2.79736
2.81764
2.83429
2.83087
2.81712
2.79414
2.76267
2.73572
2.71862
2.70508
2.69237
3.51414
3.51821
3.49446
3.44463
3.42874
3.43572
3.41868
3.38708
3.37345
3.365
3.34318
3.33636
3.33877
3.33417
3.31983
3.3034
3.28318
3.25554
3.22638
3.20904
3.20385
3.20178
3.19625
3.18899
3.173
3.14604
3.11047
3.08132
3.06627
3.06313
3.06696
3.07483
3.07171
3.05927
3.03383
2.99806
2.96978
2.95784
2.95682
2.96678
2.97978
2.97634
2.96261
2.93659
2.8929
2.85063
2.82854
2.8231
2.82632
2.84574
2.85751
2.85252
2.83797
2.81314
2.77938
2.75336
2.73702
2.72545
2.71644
2.70479
3.5772
3.55145
3.4941
3.45292
3.44634
3.43785
3.41392
3.40811
3.40968
3.38524
3.36762
3.36815
3.36479
3.34614
3.32699
3.30809
3.28255
3.25521
3.24163
3.23859
3.23337
3.22507
3.21516
3.19703
3.16913
3.13563
3.10961
3.09665
3.09365
3.09615
3.10072
3.09711
3.08395
3.05751
3.02203
2.99532
2.98459
2.98403
2.99391
3.00451
3.00011
2.98526
2.95809
2.91452
2.87568
2.85594
2.85135
2.85536
2.87356
2.88072
2.87352
2.85732
2.83181
2.79721
2.77192
2.75687
2.748
2.74174
2.73369
2.712
3.5742
3.51818
3.48123
3.4603
3.44695
3.44102
3.43592
3.43161
3.40779
3.39046
3.38755
3.3895
3.37249
3.34992
3.33287
3.31355
3.2857
3.27129
3.27005
3.26473
3.25415
3.24134
3.22088
3.19298
3.16113
3.13721
3.12681
3.12434
3.12605
3.12725
3.1229
3.10858
3.08121
3.04618
3.02103
3.01179
3.01151
3.02079
3.02891
3.02361
3.00778
2.97963
2.93623
2.9006
2.88327
2.87956
2.88428
2.90052
2.90397
2.89522
2.87687
2.84867
2.81611
2.79268
2.77854
2.7728
2.76853
2.76221
2.74315
2.70734
3.5478
3.53016
3.48537
3.45241
3.46694
3.46856
3.4697
3.44793
3.41157
3.40035
3.40369
3.39232
3.36975
3.36145
3.35349
3.32471
3.30534
3.30446
3.29573
3.27946
3.26142
3.24071
3.21653
3.18803
3.16577
3.15722
3.15566
3.15498
3.15305
3.14775
3.1321
3.10494
3.07173
3.04811
3.04011
3.03973
3.04746
3.05282
3.04658
3.03002
3.0011
2.95867
2.92598
2.91055
2.90763
2.91313
2.92741
2.92766
2.91735
2.89678
2.86576
2.83488
2.81482
2.80339
2.79915
2.79627
2.79048
2.77285
2.73606
2.70493
3.48826
3.56261
3.53351
3.50683
3.51151
3.53031
3.51049
3.45209
3.42285
3.41549
3.40677
3.39301
3.38917
3.38498
3.35942
3.34064
3.33946
3.32818
3.30551
3.28518
3.26524
3.24179
3.21478
3.19458
3.1878
3.18697
3.18419
3.18023
3.17323
3.15493
3.12753
3.09722
3.07578
3.06895
3.06867
3.07465
3.07696
3.06966
3.05206
3.02228
2.98149
2.95173
2.93815
2.93586
2.94235
2.95456
2.95236
2.9402
2.91754
2.8845
2.85467
2.83681
2.82913
2.82704
2.82449
2.81883
2.79978
2.76514
2.72787
2.71638
3.20127
3.49292
3.58758
3.59227
3.56632
3.52849
3.48417
3.45134
3.42269
3.41067
3.41496
3.41298
3.4031
3.37956
3.35786
3.35678
3.35344
3.33117
3.3087
3.29038
3.27057
3.24371
3.22324
3.21838
3.21656
3.21123
3.20588
3.19789
3.17816
3.15024
3.12218
3.10304
3.09725
3.09713
3.10173
3.10208
3.09334
3.07404
3.04363
3.00544
2.97822
2.9663
2.96455
2.97147
2.9812
2.97732
2.96347
2.93907
2.90501
2.87688
2.86075
2.85552
2.85531
2.85369
2.84675
2.82692
2.78936
2.75318
2.74282
2.7624
2.31873
3.01513
3.52897
3.58673
3.55066
3.502
3.46508
3.4275
3.40964
3.42829
3.43215
3.43179
3.40999
3.37271
3.3644
3.36689
3.35242
3.33188
3.32139
3.306
3.27659
3.25351
3.24967
3.24663
3.23862
3.23059
3.22073
3.20086
3.17335
3.14713
3.13045
3.12545
3.1254
3.12799
3.1268
3.11685
3.09616
3.06517
3.03021
3.00538
2.99542
2.99427
3.00142
3.00795
3.00212
2.98623
2.96013
2.92614
2.90048
2.88649
2.88276
2.88394
2.88311
2.87476
2.85247
2.81365
2.77845
2.78033
2.90213
3.4084
1.32069
1.86703
3.01813
3.40773
3.46292
3.50459
3.49724
3.44976
3.44412
3.45833
3.48148
3.46217
3.40695
3.3808
3.37155
3.3682
3.35855
3.35759
3.345
3.3125
3.29039
3.28755
3.28045
3.26581
3.25436
3.24325
3.22486
3.19865
3.17444
3.15919
3.15428
3.15359
3.15327
3.15025
3.13946
3.11807
3.0873
3.05568
3.03292
3.02489
3.02435
3.03189
3.03567
3.02752
3.00923
2.98137
2.94842
2.92476
2.91317
2.91031
2.91286
2.9112
2.90205
2.87887
2.83671
2.8117
2.86293
3.24766
4.29015
5.62661
1.01872
1.12773
1.74632
2.7691
3.1929
3.43224
3.54161
3.52352
3.51817
3.51366
3.4857
3.44062
3.40623
3.37857
3.37743
3.3818
3.38221
3.36673
3.33562
3.3224
3.32347
3.31564
3.29306
3.27626
3.26394
3.25003
3.22637
3.20446
3.19094
3.18441
3.18052
3.17697
3.17151
3.15993
3.13971
3.11099
3.08217
3.06142
3.05476
3.05456
3.06162
3.06339
3.05322
3.03252
3.00288
2.97127
2.94991
2.94058
2.93881
2.94137
2.93946
2.92797
2.90275
2.86164
2.87904
3.1151
3.90801
5.28584
6.53021
7.25583
1.00022
1.00551
1.08586
1.62662
2.43176
2.97054
3.43304
3.55995
3.55303
3.50253
3.45239
3.42489
3.39806
3.39067
3.39907
3.39964
3.39205
3.36079
3.33983
3.34149
3.34327
3.32129
3.30001
3.28843
3.27608
3.25323
3.23195
3.22436
3.21577
3.20742
3.20027
3.19226
3.18003
3.16012
3.13428
3.10892
3.09109
3.08603
3.08598
3.09176
3.0912
3.07906
3.05631
3.0247
2.9945
2.97543
2.96852
2.96709
2.97004
2.96546
2.95528
2.92126
2.91384
3.04417
3.68054
4.92663
6.24503
7.21399
7.46234
7.46658
1
1.00007
1.00322
1.06835
1.39841
1.91168
2.81362
3.47019
3.48
3.46178
3.46658
3.44333
3.41836
3.41649
3.41738
3.43398
3.41568
3.36565
3.35232
3.35184
3.34481
3.32958
3.32449
3.31375
3.28411
3.25913
3.25383
3.24738
3.23361
3.22356
3.21449
3.20258
3.18251
3.15834
3.13539
3.12054
3.1168
3.1171
3.12089
3.1178
3.10435
3.08064
3.04748
3.01841
3.00164
2.99644
2.99603
2.99667
2.99297
2.97515
2.95735
3.03179
3.46288
4.60202
5.95077
6.98103
7.45635
7.48646
7.44479
7.34724
1
1
1.00004
1.00185
1.02611
1.14559
1.62653
2.74595
3.19274
3.37406
3.48696
3.49613
3.46418
3.45648
3.47412
3.45573
3.40265
3.37177
3.35647
3.35732
3.35599
3.35635
3.34255
3.31281
3.29025
3.28432
3.28251
3.26277
3.24573
3.23543
3.22529
3.2078
3.18485
3.16404
3.15163
3.1484
3.14783
3.14826
3.14276
3.12833
3.1041
3.07102
3.0427
3.02792
3.02437
3.02393
3.02512
3.01775
2.99996
3.03943
3.35053
4.28872
5.64677
6.85097
7.50379
7.65966
7.63847
7.48104
7.3011
7.19234
1
1
1
1.00001
1.00031
1.00573
1.06938
1.50859
2.4529
3.00371
3.33063
3.49602
3.52569
3.51078
3.47503
3.42531
3.39893
3.38047
3.37781
3.37616
3.37169
3.35396
3.32929
3.31363
3.31002
3.31581
3.30012
3.27351
3.25787
3.24616
3.2308
3.21033
3.19452
3.18476
3.1806
3.17831
3.17526
3.16888
3.1532
3.12776
3.09433
3.06732
3.05375
3.05119
3.05104
3.05273
3.03891
3.05795
3.25589
4.03174
5.42459
6.55019
7.34008
7.62255
7.65661
7.66912
7.59832
7.41516
7.23886
7.17504
1
1
1
1
1
1.00006
1.00229
1.04714
1.39925
2.05653
2.67282
3.35145
3.53024
3.4963
3.43711
3.43262
3.42394
3.40435
3.39222
3.38686
3.38594
3.36846
3.33611
3.32482
3.33316
3.32944
3.30349
3.28511
3.27516
3.2589
3.23511
3.22474
3.21863
3.21086
3.20594
3.20173
3.19484
3.17834
3.15385
3.12116
3.09368
3.0814
3.07783
3.08008
3.0747
3.08538
3.1983
3.78344
5.03757
6.41976
7.28071
7.70366
7.83467
7.81034
7.6913
7.56196
7.44019
7.34196
7.26798
7.24207
1
1
1
1
1
1
1.00002
1.00138
1.0286
1.18963
1.59064
2.51143
3.33829
3.35922
3.3933
3.45751
3.46863
3.41674
3.40158
3.41169
3.41759
3.37399
3.34224
3.34205
3.34821
3.32781
3.31095
3.30529
3.28803
3.26298
3.25016
3.25202
3.24307
3.23075
3.2231
3.21569
3.19933
3.17705
3.14944
3.12171
3.10896
3.10791
3.10856
3.1103
3.18108
3.63891
4.72367
6.13011
7.13346
7.60313
7.77131
7.82303
7.82896
7.76928
7.63828
7.48773
7.38586
7.34932
7.33717
7.35704
1
1
1
1
1
1
1
1.00001
1.00043
1.00717
1.06498
1.39161
2.3232
3.01489
3.27535
3.43223
3.48316
3.45229
3.44718
3.45642
3.4089
3.36567
3.35533
3.37235
3.35195
3.33383
3.33217
3.32127
3.29482
3.27666
3.27722
3.27713
3.26037
3.24731
3.23618
3.22061
3.19888
3.17707
3.15189
3.13649
3.13588
3.13868
3.17819
3.46983
4.42858
5.90032
7.04004
7.72578
8.00294
8.01673
7.93473
7.804
7.71179
7.64511
7.57505
7.48056
7.41856
7.39648
7.40853
7.40356
1
1
1
1
1
1
1
1
1
1.00005
1.00176
1.03072
1.27807
2.07881
2.75424
3.18329
3.44302
3.5019
3.48347
3.42945
3.39418
3.37886
3.38964
3.37694
3.35591
3.35512
3.36106
3.33897
3.30746
3.30084
3.30483
3.29041
3.27015
3.26129
3.24848
3.22632
3.20393
3.18325
3.16744
3.1645
3.18695
3.38791
4.1179
5.52387
6.9811
7.54877
7.8464
7.96971
8.04127
8.02321
7.92208
7.7588
7.61408
7.57015
7.54313
7.51639
7.50689
7.485
7.45194
7.40341
1
1
1
1
1
1
1
1
1
1
1.00001
1.0007
1.01872
1.20312
1.71504
2.32489
3.13463
3.4791
3.44119
3.39166
3.4081
3.42965
3.39979
3.37119
3.36815
3.38613
3.37417
3.34042
3.32838
3.33341
3.32406
3.29464
3.27515
3.25995
3.24646
3.22858
3.2165
3.20053
3.20565
3.30514
3.87826
5.22601
6.62671
7.67625
8.0853
8.15203
8.13476
8.04821
7.98359
7.93623
7.84963
7.72615
7.6117
7.55687
7.53676
7.55127
7.56171
7.52412
7.4628
7.36871
1
1
1
1
1
1
1
1
1
1
1
1
1.00037
1.00917
1.08103
1.33667
2.06093
3.10093
3.2687
3.33282
3.43223
3.46765
3.41081
3.38925
3.40754
3.40157
3.35997
3.34345
3.35196
3.35638
3.32551
3.30322
3.29174
3.27057
3.24701
3.23392
3.2355
3.29489
3.69347
4.76194
6.52036
7.50253
7.83886
8.02478
8.11582
8.15563
8.14616
8.06732
7.95632
7.86601
7.78689
7.69699
7.64018
7.59937
7.57956
7.58292
7.56393
7.52289
7.45439
7.34623
1
1
1
1
1
1
1
1
1
1
1
1
1
1.00008
1.00179
1.02392
1.19011
1.89059
2.7608
3.12763
3.36031
3.4511
3.4482
3.44318
3.42776
3.38549
3.36037
3.34876
3.36109
3.35128
3.33717
3.33559
3.31956
3.28243
3.26171
3.28253
3.52398
4.50892
6.05401
7.4496
8.25898
8.35281
8.29419
8.18764
8.08577
8.0928
8.09015
8.0447
7.95855
7.85536
7.76309
7.70332
7.67521
7.64636
7.61129
7.57615
7.54373
7.50396
7.44123
7.33694
1
1
1
1
1
1
1
1
1
1
1
1
1
1
1.00001
1.00042
1.01009
1.12533
1.70491
2.41477
2.95706
3.36947
3.44977
3.43477
3.40655
3.40167
3.41157
3.40543
3.35166
3.33307
3.32041
3.31293
3.30489
3.30805
3.42845
4.09647
5.66474
7.35471
8.08291
8.28568
8.28696
8.30123
8.30027
8.2557
8.12968
8.05184
8.03192
8.00047
7.94525
7.86839
7.80068
7.74935
7.70229
7.65455
7.60841
7.56188
7.51961
7.47788
7.42697
7.36263
1
1
1
1
1
1
1
1
1
1
1
1
1
1
1
1
1.00016
1.00561
1.08701
1.41059
1.92656
2.87666
3.33945
3.32995
3.34623
3.38165
3.43011
3.41526
3.38385
3.37701
3.36828
3.3383
3.36773
3.77695
5.11158
6.84829
8.24077
8.62359
8.6497
8.53398
8.30796
8.22301
8.24809
8.23435
8.15714
8.06246
7.99003
7.94985
7.9224
7.88779
7.84001
7.78221
7.71197
7.63512
7.58332
7.54102
7.49843
7.45533
7.41673
7.38461
1
1
1
1
1
1
1
1
1
1
1
1
1
1
1
1
1
1.00007
1.00246
1.02927
1.15096
1.69228
2.69187
3.1166
3.2896
3.42688
3.42517
3.38328
3.36328
3.3803
3.42034
3.64305
4.52674
6.39396
8.04408
8.56789
8.55834
8.52872
8.54866
8.53231
8.3907
8.25999
8.22645
8.21195
8.15558
8.07303
7.98783
7.9382
7.91221
7.8938
7.85687
7.79772
7.70824
7.60295
7.54677
7.51355
7.4804
7.45128
7.42497
7.39948
1
1
1
1
1
1
1
1
1
1
1
1
1
1
1
1
1
1
1.00001
1.00037
1.00684
1.0796
1.55338
2.3283
2.91215
3.34649
3.40474
3.41349
3.41494
3.5239
4.06113
5.58623
7.46558
8.74456
9.05982
8.94027
8.62688
8.38078
8.38977
8.43722
8.40142
8.32114
8.25109
8.21172
8.14139
8.0585
7.99028
7.94004
7.90868
7.88614
7.85121
7.79912
7.71347
7.5983
7.52578
7.49391
7.46828
7.4571
7.44262
7.41425
1
1
1
1
1
1
1
1
1
1
1
1
1
1
1
1
1
1
1
1
1.00009
1.0026
1.05736
1.3642
1.915
2.7333
3.13935
3.64644
4.38506
5.21799
6.69292
7.85504
8.67266
8.96134
8.79035
8.6545
8.5383
8.43018
8.36935
8.37337
8.39859
8.38981
8.33581
8.25695
8.14393
8.03113
7.99268
7.95601
7.91941
7.8875
7.84882
7.80578
7.74073
7.64369
7.55557
7.51065
7.47687
7.44194
7.40401
7.36671
1
1
1
1
1
1
1
1
1
1
1
1
1
1
1
1
1
1
1
1
1
1.00003
1.00178
1.02617
1.16519
1.72985
3.09457
4.80411
6.66859
8.60949
10.3839
10.4195
9.90335
9.06259
8.52431
8.38166
8.39812
8.38522
8.36112
8.34432
8.37473
8.407
8.37977
8.29515
8.15104
8.00912
7.96233
7.93289
7.91029
7.89096
7.85147
7.81226
7.75684
7.65312
7.54905
7.49191
7.44924
7.40943
7.37085
7.33052
)
;

boundaryField
{
    inlet
    {
        type            fixedValue;
        value           nonuniform 0();
    }
    outlet
    {
        type            zeroGradient;
    }
    bottom
    {
        type            zeroGradient;
    }
    top
    {
        type            zeroGradient;
    }
    obstacle
    {
        type            zeroGradient;
    }
    defaultFaces
    {
        type            empty;
    }
    procBoundary13to9
    {
        type            processor;
        value           nonuniform List<scalar> 
237
(
1
1
1
1
1
1
1
1
1
1
1
1
1
1
1
1
1
1
1
1
1
1
1
1
1
1
1
1
1
1
1
1
1
1
1
1
1
1
1
1
1
1
1
1
1
1
1
1
1
1
1
1
1
1
1
1
1
1
1
1
1
1
1
1
1
1
1
1
1
1
1
1
1
1
1
1
1
1
1
1
1
1
1
1
1
1
1
1
1
1
1
1
1
1
1
1
1
1
1
1.00019
1.01201
1.18627
1.67597
2.71082
3.86418
3.96184
3.943
3.93141
3.93061
3.92266
3.87281
3.85235
3.84764
3.83026
3.79925
3.78201
3.77663
3.7684
3.73449
3.70144
3.67388
3.64895
3.6224
3.60045
3.58911
3.58616
3.58226
3.57307
3.55536
3.52829
3.48722
3.43443
3.38998
3.36504
3.35869
3.36655
3.39046
3.39944
3.39078
3.37267
3.34261
3.28459
3.20577
3.15219
3.13073
3.1275
3.14113
3.18972
3.22619
3.22423
3.21108
3.18449
3.12777
3.02774
2.96041
2.9406
2.93844
2.94436
2.97918
3.04044
3.06374
3.05548
3.03209
2.98269
2.88723
2.81554
2.79728
2.79388
1
1
1
1
1
1
1
1
1
2.79445
2.81545
2.83725
2.83346
2.82547
2.81466
2.78492
2.73731
2.70877
2.70523
2.70536
2.70319
2.69616
2.68596
2.66892
2.64365
2.61893
2.60981
2.60934
2.61551
2.61403
2.60093
2.57132
2.52302
2.48535
2.4717
2.46946
2.47632
2.49789
2.50446
2.49726
2.47351
2.42687
2.3776
2.36038
2.35791
2.36
2.37994
2.40739
2.41074
2.40527
2.39288
2.36333
2.31046
2.26253
2.24458
2.24176
2.24433
2.26283
2.27885
2.28493
2.30592
2.45076
3.03916
3.64816
4.13822
4.33503
4.35779
4.33576
4.27118
)
;
    }
    procBoundary13to10
    {
        type            processor;
        value           nonuniform List<scalar> 6(4.26251 4.28231 4.28906 4.30675 4.28138 4.10333);
    }
    procBoundary13to12
    {
        type            processor;
        value           nonuniform List<scalar> 
69
(
1
1
1
1
1
1
1
1
1
1
1
1
1
1
1
1
1
1
1
1
1
1
1
1
1
1
1
1
1
1
1
1
1
1
1
1
1
1
1
1
1
1
1
1
1
1
1
1
1
1
1
1
1
1
1
1
1
1
1
1
1
1
1
1
1
1
1
1
1
)
;
    }
    procBoundary13to14
    {
        type            processor;
        value           nonuniform List<scalar> 
64
(
3.5765
2.86199
2.44637
2.32271
2.29036
2.28602
2.29333
2.31336
2.34056
2.3727
2.3938
2.40788
2.41078
2.39635
2.3763
2.37796
2.39651
2.42343
2.47385
2.52397
2.54733
2.55656
2.5456
2.49879
2.46166
2.46509
2.48512
2.51486
2.57515
2.64676
2.67491
2.68256
2.68067
2.67104
2.66307
2.66429
2.66783
2.67442
2.67844
2.67639
2.67923
2.6931
2.71902
2.9704
4.59399
6.78588
7.32
7.33766
7.22268
7.15374
7.16588
7.25972
7.36617
7.36463
7.32865
7.26359
7.23312
7.23294
7.28828
7.34516
7.37191
7.37905
7.32746
7.28569
)
;
    }
}


// ************************************************************************* //
