/*--------------------------------*- C++ -*----------------------------------*\
  =========                 |
  \\      /  F ield         | OpenFOAM: The Open Source CFD Toolbox
   \\    /   O peration     | Website:  https://openfoam.org
    \\  /    A nd           | Version:  7
     \\/     M anipulation  |
\*---------------------------------------------------------------------------*/
FoamFile
{
    version     2.0;
    format      ascii;
    class       volVectorField;
    location    "1.8";
    object      U;
}
// * * * * * * * * * * * * * * * * * * * * * * * * * * * * * * * * * * * * * //

dimensions      [0 1 -1 0 0 0 0];

internalField   nonuniform List<vector> 
4128
(
(2.20696 0.687333 0)
(2.20229 0.673834 0)
(2.18794 0.653839 0)
(2.18512 0.634107 0)
(2.19845 0.633425 0)
(2.22001 0.622833 0)
(2.23869 0.610427 0)
(2.24967 0.610085 0)
(2.25911 0.608388 0)
(2.27404 0.601686 0)
(2.29052 0.587839 0)
(2.30213 0.576129 0)
(2.30599 0.567895 0)
(2.30036 0.552983 0)
(2.29036 0.527632 0)
(2.29934 0.515434 0)
(2.31507 0.507567 0)
(2.32724 0.5005 0)
(2.33771 0.497583 0)
(2.3486 0.494469 0)
(2.36144 0.485742 0)
(2.37174 0.467226 0)
(2.37529 0.447018 0)
(2.37738 0.437027 0)
(2.38288 0.432998 0)
(2.39043 0.430148 0)
(2.39931 0.425429 0)
(2.40864 0.414403 0)
(2.41255 0.399417 0)
(2.40855 0.384468 0)
(2.41262 0.370991 0)
(2.42628 0.364455 0)
(2.43639 0.359095 0)
(2.4481 0.353721 0)
(2.46036 0.347952 0)
(2.47144 0.341767 0)
(2.48076 0.334134 0)
(2.48489 0.325665 0)
(2.47873 0.309897 0)
(2.46567 0.284125 0)
(2.47134 0.274749 0)
(2.48114 0.272707 0)
(2.49057 0.267442 0)
(2.5029 0.262595 0)
(2.51712 0.259504 0)
(2.52948 0.254091 0)
(2.53831 0.251044 0)
(2.54804 0.248167 0)
(2.55765 0.242299 0)
(2.56035 0.230637 0)
(2.54745 0.209251 0)
(2.52946 0.189824 0)
(2.52906 0.177702 0)
(2.54047 0.171851 0)
(2.54991 0.169098 0)
(2.56114 0.164715 0)
(2.56877 0.157579 0)
(2.58137 0.15383 0)
(2.59262 0.150198 0)
(2.60079 0.148151 0)
(2.60884 0.146044 0)
(2.61367 0.140563 0)
(2.60829 0.125085 0)
(2.59066 0.101101 0)
(2.58692 0.0873783 0)
(2.59461 0.0856838 0)
(2.60318 0.0825593 0)
(2.61603 0.0789201 0)
(2.62617 0.0754578 0)
(2.63516 0.0743856 0)
(2.64425 0.0728697 0)
(2.65193 0.0708009 0)
(2.65871 0.0669266 0)
(2.65908 0.05841 0)
(2.64515 0.0404915 0)
(2.63209 0.0245771 0)
(2.63778 0.0214484 0)
(2.64409 0.0197442 0)
(2.65095 0.0174955 0)
(2.66211 0.0138832 0)
(2.67215 0.00747731 0)
(2.67613 0.00411544 0)
(2.68322 -0.00160996 0)
(2.69084 -0.00858414 0)
(2.69301 -0.0174835 0)
(2.681 -0.0319147 0)
(2.6757 -0.0437886 0)
(2.67748 -0.0453626 0)
(2.67863 -0.0506513 0)
(2.65601 -0.101781 0)
(2.58219 -0.233108 0)
(2.45201 -0.451418 0)
(2.31302 -0.65112 0)
(2.29193 -0.629259 0)
(2.29086 -0.643748 0)
(2.28884 -0.658598 0)
(2.28527 -0.68253 0)
(2.28216 -0.699792 0)
(2.2915 -0.702227 0)
(2.30396 -0.694727 0)
(2.31855 -0.68516 0)
(2.33617 -0.680162 0)
(2.34729 -0.675158 0)
(2.35456 -0.677147 0)
(2.36431 -0.684681 0)
(2.37135 -0.692674 0)
(2.37386 -0.696799 0)
(2.36909 -0.698194 0)
(2.36738 -0.701508 0)
(2.37458 -0.704024 0)
(2.38248 -0.705845 0)
(2.39125 -0.707549 0)
(2.40017 -0.706707 0)
(2.40985 -0.702643 0)
(2.41812 -0.7039 0)
(2.42259 -0.708392 0)
(2.4206 -0.717652 0)
(2.41035 -0.73835 0)
(2.38603 -0.771674 0)
(2.35491 -0.809743 0)
(2.29713 -0.882966 0)
(2.28569 -0.906874 0)
(2.28922 -0.900427 0)
(2.29186 -0.907278 0)
(2.29604 -0.909459 0)
(2.30356 -0.912462 0)
(2.31065 -0.912434 0)
(2.31559 -0.911876 0)
(2.32302 -0.909296 0)
(2.20075 0.691457 0)
(2.18415 0.677068 0)
(2.17751 0.655564 0)
(2.18869 0.650509 0)
(2.20789 0.644199 0)
(2.22956 0.628435 0)
(2.24396 0.626313 0)
(2.25138 0.628993 0)
(2.26139 0.625555 0)
(2.27746 0.61489 0)
(2.29239 0.598938 0)
(2.30029 0.588337 0)
(2.2987 0.577571 0)
(2.2888 0.554314 0)
(2.29028 0.535055 0)
(2.30587 0.528548 0)
(2.31783 0.522819 0)
(2.32764 0.520494 0)
(2.3381 0.51699 0)
(2.35111 0.509119 0)
(2.36373 0.494008 0)
(2.37106 0.471917 0)
(2.37292 0.456873 0)
(2.37567 0.452877 0)
(2.38321 0.449187 0)
(2.39245 0.445236 0)
(2.40225 0.439924 0)
(2.41023 0.427626 0)
(2.41029 0.411326 0)
(2.40584 0.395415 0)
(2.41479 0.385095 0)
(2.4278 0.37938 0)
(2.43757 0.373915 0)
(2.44965 0.368155 0)
(2.46284 0.361883 0)
(2.47428 0.355028 0)
(2.48207 0.346893 0)
(2.48162 0.337044 0)
(2.46857 0.317162 0)
(2.46236 0.295116 0)
(2.4725 0.292281 0)
(2.48249 0.289521 0)
(2.49205 0.283202 0)
(2.50646 0.278536 0)
(2.52142 0.27386 0)
(2.53247 0.26892 0)
(2.54175 0.266735 0)
(2.55188 0.263046 0)
(2.55912 0.254333 0)
(2.55268 0.235295 0)
(2.53105 0.211759 0)
(2.52326 0.199488 0)
(2.53194 0.193166 0)
(2.543 0.189713 0)
(2.55327 0.186071 0)
(2.56566 0.180456 0)
(2.57414 0.17452 0)
(2.58663 0.170769 0)
(2.59563 0.166797 0)
(2.6032 0.164337 0)
(2.60919 0.16023 0)
(2.60745 0.148106 0)
(2.59136 0.12455 0)
(2.58119 0.1068 0)
(2.58779 0.104374 0)
(2.59606 0.10225 0)
(2.60661 0.0998385 0)
(2.62132 0.0962246 0)
(2.62835 0.0925162 0)
(2.63805 0.0908218 0)
(2.64689 0.0886375 0)
(2.65447 0.0854068 0)
(2.65805 0.0786144 0)
(2.64929 0.0637165 0)
(2.63059 0.0444411 0)
(2.63089 0.0373612 0)
(2.63805 0.0362334 0)
(2.64606 0.0342246 0)
(2.65526 0.0328576 0)
(2.66763 0.0292736 0)
(2.67457 0.0233615 0)
(2.67859 0.018735 0)
(2.68495 0.0121462 0)
(2.68984 0.00378592 0)
(2.68448 -0.00900817 0)
(2.6746 -0.0256979 0)
(2.67337 -0.0308023 0)
(2.66853 -0.0422626 0)
(2.62659 -0.115409 0)
(2.53291 -0.283797 0)
(2.38596 -0.503296 0)
(2.34943 -0.590671 0)
(2.28629 -0.646113 0)
(2.27906 -0.650538 0)
(2.28382 -0.647821 0)
(2.28834 -0.660339 0)
(2.2898 -0.669275 0)
(2.29181 -0.674299 0)
(2.29815 -0.673476 0)
(2.31027 -0.667455 0)
(2.32917 -0.662726 0)
(2.34641 -0.662763 0)
(2.35472 -0.664458 0)
(2.36351 -0.667204 0)
(2.37165 -0.670236 0)
(2.37793 -0.674831 0)
(2.37978 -0.682656 0)
(2.37552 -0.690832 0)
(2.37655 -0.693602 0)
(2.3842 -0.694068 0)
(2.39235 -0.694362 0)
(2.40089 -0.6928 0)
(2.41068 -0.688325 0)
(2.42028 -0.688884 0)
(2.42529 -0.692928 0)
(2.42358 -0.700962 0)
(2.41052 -0.721718 0)
(2.39169 -0.750158 0)
(2.34549 -0.801132 0)
(2.29392 -0.865912 0)
(2.29091 -0.873743 0)
(2.28466 -0.896035 0)
(2.28717 -0.900951 0)
(2.29613 -0.898979 0)
(2.30617 -0.895337 0)
(2.31365 -0.89823 0)
(2.31983 -0.899034 0)
(2.32425 -0.897544 0)
(2.33083 -0.894092 0)
(2.18422 0.698142 0)
(2.16964 0.6818 0)
(2.17804 0.672966 0)
(2.19477 0.669353 0)
(2.21977 0.650351 0)
(2.23615 0.63973 0)
(2.247 0.644319 0)
(2.25234 0.646375 0)
(2.2648 0.63976 0)
(2.2805 0.624405 0)
(2.29188 0.608311 0)
(2.29358 0.598028 0)
(2.28673 0.580807 0)
(2.28334 0.556263 0)
(2.29789 0.546816 0)
(2.30912 0.542927 0)
(2.31886 0.541298 0)
(2.32762 0.539476 0)
(2.3403 0.532425 0)
(2.35378 0.518758 0)
(2.36287 0.49953 0)
(2.36684 0.479938 0)
(2.36896 0.472707 0)
(2.37469 0.470017 0)
(2.3857 0.465159 0)
(2.39651 0.45922 0)
(2.40619 0.452635 0)
(2.4104 0.438331 0)
(2.40634 0.420279 0)
(2.40473 0.407018 0)
(2.41578 0.400161 0)
(2.42809 0.395094 0)
(2.43865 0.389148 0)
(2.45167 0.382432 0)
(2.46562 0.375101 0)
(2.47718 0.367122 0)
(2.48263 0.358024 0)
(2.476 0.34642 0)
(2.46008 0.325647 0)
(2.46297 0.311398 0)
(2.47276 0.310458 0)
(2.48299 0.306392 0)
(2.49443 0.299127 0)
(2.51013 0.293764 0)
(2.52474 0.287708 0)
(2.53448 0.28403 0)
(2.54429 0.281413 0)
(2.55371 0.275794 0)
(2.55505 0.261792 0)
(2.53663 0.236546 0)
(2.52085 0.218563 0)
(2.52491 0.213386 0)
(2.53615 0.209888 0)
(2.54667 0.206362 0)
(2.55958 0.202199 0)
(2.56899 0.196351 0)
(2.57974 0.192254 0)
(2.5909 0.187796 0)
(2.59848 0.183542 0)
(2.60487 0.179268 0)
(2.60604 0.170045 0)
(2.59348 0.148655 0)
(2.57752 0.126469 0)
(2.58132 0.121565 0)
(2.58929 0.120496 0)
(2.59902 0.11908 0)
(2.61211 0.117667 0)
(2.62529 0.113292 0)
(2.63113 0.110278 0)
(2.6412 0.107196 0)
(2.6498 0.103628 0)
(2.65558 0.0978614 0)
(2.65193 0.0859242 0)
(2.63337 0.065824 0)
(2.62481 0.0537038 0)
(2.63135 0.0523254 0)
(2.63933 0.0501193 0)
(2.64951 0.0486463 0)
(2.66144 0.0479819 0)
(2.67214 0.0439001 0)
(2.67702 0.0383224 0)
(2.68209 0.0330769 0)
(2.68705 0.0260272 0)
(2.68652 0.0152511 0)
(2.67628 -0.00381773 0)
(2.66843 -0.0193208 0)
(2.65821 -0.0403083 0)
(2.59752 -0.138344 0)
(2.45327 -0.357014 0)
(2.37811 -0.48974 0)
(2.30265 -0.62806 0)
(2.2794 -0.653324 0)
(2.27939 -0.649287 0)
(2.28286 -0.636239 0)
(2.29072 -0.632183 0)
(2.29594 -0.646409 0)
(2.30023 -0.657962 0)
(2.30345 -0.658779 0)
(2.30887 -0.658128 0)
(2.32358 -0.65575 0)
(2.34092 -0.650041 0)
(2.35067 -0.64905 0)
(2.36153 -0.651158 0)
(2.37054 -0.65431 0)
(2.37798 -0.65914 0)
(2.38254 -0.666422 0)
(2.38268 -0.674252 0)
(2.38135 -0.67816 0)
(2.3857 -0.678247 0)
(2.39387 -0.67813 0)
(2.40232 -0.678175 0)
(2.41118 -0.677059 0)
(2.42169 -0.675285 0)
(2.42934 -0.678169 0)
(2.42922 -0.684991 0)
(2.41623 -0.702757 0)
(2.39301 -0.736045 0)
(2.34298 -0.793075 0)
(2.30932 -0.830151 0)
(2.28178 -0.866346 0)
(2.27691 -0.889377 0)
(2.29138 -0.885637 0)
(2.29731 -0.883035 0)
(2.30703 -0.880479 0)
(2.31737 -0.88198 0)
(2.32409 -0.884999 0)
(2.32685 -0.882753 0)
(2.33159 -0.882057 0)
(2.33876 -0.884601 0)
(2.16824 0.702227 0)
(2.1692 0.690151 0)
(2.18432 0.689839 0)
(2.20875 0.675787 0)
(2.22713 0.658832 0)
(2.23971 0.65931 0)
(2.24471 0.665729 0)
(2.25273 0.66344 0)
(2.2686 0.649853 0)
(2.28252 0.628661 0)
(2.28801 0.613254 0)
(2.28335 0.602096 0)
(2.27696 0.582164 0)
(2.28786 0.56926 0)
(2.30017 0.564306 0)
(2.30994 0.561575 0)
(2.31897 0.559404 0)
(2.33029 0.553644 0)
(2.3441 0.541211 0)
(2.35343 0.524676 0)
(2.35771 0.505887 0)
(2.36121 0.493264 0)
(2.36615 0.490058 0)
(2.3762 0.486866 0)
(2.38915 0.480809 0)
(2.40064 0.472815 0)
(2.40841 0.463927 0)
(2.40661 0.446343 0)
(2.40164 0.42904 0)
(2.40479 0.420651 0)
(2.4157 0.415548 0)
(2.42811 0.410786 0)
(2.44029 0.404398 0)
(2.45452 0.396432 0)
(2.46856 0.387581 0)
(2.47916 0.378701 0)
(2.48068 0.368813 0)
(2.46811 0.355736 0)
(2.45558 0.337516 0)
(2.46384 0.328947 0)
(2.4735 0.327501 0)
(2.48428 0.322123 0)
(2.4976 0.314613 0)
(2.51381 0.307658 0)
(2.52618 0.301659 0)
(2.53585 0.298532 0)
(2.54542 0.294504 0)
(2.55175 0.285272 0)
(2.54335 0.263987 0)
(2.52094 0.240539 0)
(2.52045 0.232964 0)
(2.5284 0.229694 0)
(2.54067 0.226694 0)
(2.55145 0.222546 0)
(2.56586 0.217075 0)
(2.57265 0.213088 0)
(2.58476 0.209346 0)
(2.59432 0.20427 0)
(2.601 0.199265 0)
(2.60411 0.19163 0)
(2.59627 0.173525 0)
(2.57733 0.148544 0)
(2.57543 0.138256 0)
(2.58283 0.13744 0)
(2.59227 0.136413 0)
(2.60311 0.136471 0)
(2.61755 0.135242 0)
(2.62742 0.130806 0)
(2.63463 0.127221 0)
(2.64452 0.12308 0)
(2.65207 0.117317 0)
(2.65269 0.107219 0)
(2.63853 0.0884485 0)
(2.62178 0.071363 0)
(2.6253 0.0678966 0)
(2.63231 0.0663051 0)
(2.64292 0.0643114 0)
(2.65455 0.0635618 0)
(2.66592 0.062498 0)
(2.67528 0.0581409 0)
(2.68086 0.0528715 0)
(2.68612 0.0475229 0)
(2.68745 0.0397199 0)
(2.67974 0.0234304 0)
(2.66523 -0.00971904 0)
(2.63383 -0.0562149 0)
(2.56232 -0.173759 0)
(2.41626 -0.40248 0)
(2.30228 -0.592251 0)
(2.29729 -0.576885 0)
(2.29479 -0.600241 0)
(2.29086 -0.611195 0)
(2.28999 -0.622442 0)
(2.29137 -0.629634 0)
(2.29379 -0.634732 0)
(2.29587 -0.633907 0)
(2.30089 -0.631068 0)
(2.30828 -0.630459 0)
(2.31836 -0.631447 0)
(2.33387 -0.634753 0)
(2.34967 -0.63765 0)
(2.35765 -0.639327 0)
(2.36752 -0.640111 0)
(2.37536 -0.639942 0)
(2.38104 -0.641812 0)
(2.38353 -0.647474 0)
(2.38258 -0.657358 0)
(2.38637 -0.666253 0)
(2.39479 -0.66905 0)
(2.40307 -0.669498 0)
(2.41169 -0.667186 0)
(2.4225 -0.662626 0)
(2.43097 -0.663502 0)
(2.43349 -0.670535 0)
(2.42176 -0.688398 0)
(2.39378 -0.728212 0)
(2.35081 -0.778639 0)
(2.31341 -0.81637 0)
(2.27637 -0.859368 0)
(2.27706 -0.880034 0)
(2.28871 -0.873503 0)
(2.30031 -0.86787 0)
(2.30827 -0.865306 0)
(2.31905 -0.865813 0)
(2.32746 -0.86786 0)
(2.32946 -0.869914 0)
(2.33071 -0.873765 0)
(2.33761 -0.873165 0)
(2.34624 -0.869075 0)
(2.16221 0.709158 0)
(2.17637 0.707939 0)
(2.1973 0.69998 0)
(2.21972 0.680955 0)
(2.23289 0.67467 0)
(2.23846 0.682306 0)
(2.24132 0.685018 0)
(2.25483 0.675921 0)
(2.27086 0.654862 0)
(2.28012 0.631358 0)
(2.27948 0.616707 0)
(2.27379 0.603953 0)
(2.27788 0.590129 0)
(2.29162 0.585096 0)
(2.30161 0.581888 0)
(2.31035 0.579478 0)
(2.32113 0.574433 0)
(2.33487 0.562927 0)
(2.34509 0.54692 0)
(2.34831 0.529915 0)
(2.35117 0.515586 0)
(2.3569 0.509708 0)
(2.3662 0.506817 0)
(2.37888 0.502735 0)
(2.39279 0.494396 0)
(2.40409 0.484488 0)
(2.40748 0.471997 0)
(2.39923 0.452901 0)
(2.39754 0.440626 0)
(2.40415 0.435573 0)
(2.41554 0.431002 0)
(2.42906 0.425842 0)
(2.4429 0.418487 0)
(2.45799 0.40938 0)
(2.47128 0.399322 0)
(2.47911 0.390136 0)
(2.47534 0.379923 0)
(2.4597 0.366371 0)
(2.45381 0.351552 0)
(2.4643 0.34629 0)
(2.47486 0.343574 0)
(2.48701 0.336976 0)
(2.50149 0.328804 0)
(2.51644 0.320692 0)
(2.52728 0.315478 0)
(2.53652 0.312179 0)
(2.54442 0.305858 0)
(2.54402 0.290592 0)
(2.5256 0.26573 0)
(2.51574 0.252803 0)
(2.52239 0.250418 0)
(2.53277 0.246295 0)
(2.54544 0.24232 0)
(2.55814 0.237785 0)
(2.56955 0.232433 0)
(2.57746 0.228787 0)
(2.58916 0.224781 0)
(2.59734 0.220006 0)
(2.60206 0.213067 0)
(2.59836 0.198718 0)
(2.58076 0.173591 0)
(2.57202 0.157002 0)
(2.57785 0.155723 0)
(2.58552 0.154042 0)
(2.59621 0.153761 0)
(2.60812 0.153712 0)
(2.62192 0.150824 0)
(2.62881 0.14709 0)
(2.63839 0.143256 0)
(2.64744 0.137938 0)
(2.65163 0.12899 0)
(2.64319 0.112042 0)
(2.62303 0.091629 0)
(2.62022 0.0839377 0)
(2.62588 0.0826511 0)
(2.6348 0.080016 0)
(2.64928 0.0791518 0)
(2.65785 0.0781485 0)
(2.66954 0.0764894 0)
(2.67874 0.071904 0)
(2.68523 0.0674751 0)
(2.68785 0.0616547 0)
(2.68315 0.0506397 0)
(2.65718 -0.00178372 0)
(2.62237 -0.0629721 0)
(2.49876 -0.239697 0)
(2.35531 -0.458517 0)
(2.32552 -0.523512 0)
(2.28786 -0.610646 0)
(2.27223 -0.615132 0)
(2.27487 -0.608628 0)
(2.28032 -0.603111 0)
(2.28811 -0.604412 0)
(2.29632 -0.613663 0)
(2.30023 -0.623267 0)
(2.30436 -0.627282 0)
(2.31214 -0.627905 0)
(2.32096 -0.628262 0)
(2.33215 -0.626643 0)
(2.34775 -0.622464 0)
(2.35718 -0.61972 0)
(2.36545 -0.621783 0)
(2.3739 -0.623776 0)
(2.38097 -0.625854 0)
(2.38386 -0.631704 0)
(2.38277 -0.641539 0)
(2.38355 -0.647598 0)
(2.39166 -0.64903 0)
(2.40052 -0.649467 0)
(2.4096 -0.647573 0)
(2.4219 -0.645203 0)
(2.43221 -0.64666 0)
(2.43436 -0.65438 0)
(2.42471 -0.671522 0)
(2.39471 -0.712976 0)
(2.36014 -0.757313 0)
(2.31215 -0.804511 0)
(2.27518 -0.855051 0)
(2.27775 -0.861724 0)
(2.28985 -0.858518 0)
(2.30209 -0.853921 0)
(2.31027 -0.849898 0)
(2.32074 -0.84875 0)
(2.32919 -0.853033 0)
(2.33201 -0.858431 0)
(2.33155 -0.859337 0)
(2.33759 -0.857212 0)
(2.3448 -0.856907 0)
(2.35501 -0.856327 0)
(2.17 0.724161 0)
(2.18906 0.719035 0)
(2.21296 0.701627 0)
(2.22767 0.691001 0)
(2.23515 0.696141 0)
(2.23323 0.704777 0)
(2.24062 0.699891 0)
(2.2575 0.680553 0)
(2.27076 0.652773 0)
(2.27504 0.630605 0)
(2.27264 0.618645 0)
(2.27162 0.610721 0)
(2.28182 0.606857 0)
(2.29226 0.603915 0)
(2.3011 0.600952 0)
(2.31194 0.59562 0)
(2.32579 0.584887 0)
(2.33752 0.567947 0)
(2.34112 0.550927 0)
(2.34077 0.537595 0)
(2.3467 0.529725 0)
(2.35625 0.526552 0)
(2.36777 0.52317 0)
(2.38224 0.515852 0)
(2.39632 0.505199 0)
(2.40528 0.493527 0)
(2.40114 0.478685 0)
(2.3904 0.46196 0)
(2.39431 0.454481 0)
(2.40333 0.450476 0)
(2.41612 0.446339 0)
(2.43134 0.439759 0)
(2.44637 0.430377 0)
(2.46078 0.421462 0)
(2.47214 0.412093 0)
(2.47563 0.403162 0)
(2.4665 0.392041 0)
(2.45243 0.377889 0)
(2.45381 0.36583 0)
(2.46538 0.362048 0)
(2.47775 0.357661 0)
(2.49114 0.34988 0)
(2.5054 0.34159 0)
(2.5186 0.333673 0)
(2.52832 0.328899 0)
(2.53619 0.324854 0)
(2.53999 0.314891 0)
(2.52985 0.293232 0)
(2.51344 0.272473 0)
(2.51771 0.26976 0)
(2.52527 0.26699 0)
(2.53787 0.261553 0)
(2.55028 0.257635 0)
(2.564 0.252991 0)
(2.57167 0.248115 0)
(2.58235 0.244287 0)
(2.59246 0.239778 0)
(2.59925 0.233965 0)
(2.59917 0.222361 0)
(2.58573 0.199559 0)
(2.57115 0.177897 0)
(2.57538 0.174472 0)
(2.58147 0.173514 0)
(2.59041 0.171488 0)
(2.60148 0.170919 0)
(2.61315 0.169552 0)
(2.62386 0.165503 0)
(2.63156 0.16282 0)
(2.6413 0.158534 0)
(2.64846 0.15143 0)
(2.64614 0.137066 0)
(2.62767 0.114603 0)
(2.61689 0.100952 0)
(2.62153 0.0997338 0)
(2.6276 0.0967649 0)
(2.64042 0.0943253 0)
(2.65206 0.0939694 0)
(2.66146 0.0931027 0)
(2.67362 0.0904414 0)
(2.68263 0.0866243 0)
(2.68676 0.0823466 0)
(2.68077 0.068039 0)
(2.65565 0.0129431 0)
(2.57764 -0.105892 0)
(2.47113 -0.260011 0)
(2.31876 -0.484803 0)
(2.26183 -0.61354 0)
(2.26351 -0.601842 0)
(2.28327 -0.583308 0)
(2.28725 -0.582675 0)
(2.2932 -0.581904 0)
(2.29745 -0.582666 0)
(2.30123 -0.59416 0)
(2.30238 -0.607565 0)
(2.30414 -0.611875 0)
(2.31137 -0.609541 0)
(2.32158 -0.605779 0)
(2.33397 -0.604816 0)
(2.34548 -0.605593 0)
(2.35809 -0.606716 0)
(2.36638 -0.60741 0)
(2.37495 -0.60915 0)
(2.38206 -0.610743 0)
(2.38528 -0.613639 0)
(2.38107 -0.619846 0)
(2.37843 -0.628847 0)
(2.38707 -0.63366 0)
(2.39581 -0.635379 0)
(2.40488 -0.6352 0)
(2.41863 -0.632545 0)
(2.43186 -0.631934 0)
(2.43601 -0.638652 0)
(2.4268 -0.656459 0)
(2.39451 -0.697173 0)
(2.36325 -0.742772 0)
(2.30377 -0.802924 0)
(2.28079 -0.834728 0)
(2.28076 -0.844352 0)
(2.29044 -0.846486 0)
(2.30111 -0.842705 0)
(2.31031 -0.83815 0)
(2.3211 -0.835464 0)
(2.33089 -0.837533 0)
(2.33498 -0.840531 0)
(2.33297 -0.841416 0)
(2.33741 -0.843816 0)
(2.34449 -0.844699 0)
(2.35331 -0.842828 0)
(2.36639 -0.839165 0)
(2.18334 0.737947 0)
(2.20553 0.722996 0)
(2.22088 0.710369 0)
(2.22859 0.710597 0)
(2.22594 0.722498 0)
(2.22591 0.723324 0)
(2.24175 0.706804 0)
(2.25829 0.676456 0)
(2.26763 0.64834 0)
(2.26874 0.632709 0)
(2.26817 0.628817 0)
(2.273 0.629079 0)
(2.28298 0.627345 0)
(2.29224 0.623314 0)
(2.30256 0.616888 0)
(2.31628 0.606264 0)
(2.32892 0.59005 0)
(2.33449 0.570883 0)
(2.33336 0.557575 0)
(2.33612 0.549426 0)
(2.34594 0.546894 0)
(2.35663 0.544476 0)
(2.37064 0.537325 0)
(2.3858 0.526063 0)
(2.39829 0.5138 0)
(2.40119 0.501077 0)
(2.39012 0.485961 0)
(2.38411 0.473206 0)
(2.39285 0.468223 0)
(2.40382 0.464773 0)
(2.41811 0.460547 0)
(2.43472 0.451936 0)
(2.44936 0.441709 0)
(2.46202 0.433783 0)
(2.47061 0.426054 0)
(2.47021 0.415485 0)
(2.45641 0.402379 0)
(2.44791 0.389538 0)
(2.45482 0.381257 0)
(2.46734 0.376879 0)
(2.48189 0.370248 0)
(2.49528 0.362245 0)
(2.50877 0.354514 0)
(2.5202 0.347113 0)
(2.52849 0.341903 0)
(2.53369 0.336395 0)
(2.53064 0.321471 0)
(2.51419 0.296883 0)
(2.51224 0.287376 0)
(2.52003 0.286726 0)
(2.52931 0.281927 0)
(2.54247 0.276882 0)
(2.55477 0.273144 0)
(2.56602 0.268063 0)
(2.57491 0.263434 0)
(2.58557 0.258998 0)
(2.59422 0.253518 0)
(2.59748 0.244601 0)
(2.5889 0.225524 0)
(2.5711 0.201337 0)
(2.57208 0.192965 0)
(2.57893 0.192984 0)
(2.58717 0.191182 0)
(2.59642 0.188852 0)
(2.60706 0.187648 0)
(2.61812 0.183979 0)
(2.62571 0.180222 0)
(2.63441 0.177531 0)
(2.64292 0.172349 0)
(2.64543 0.161347 0)
(2.63343 0.140236 0)
(2.6162 0.120477 0)
(2.61858 0.116846 0)
(2.62364 0.115011 0)
(2.63186 0.111161 0)
(2.64627 0.108913 0)
(2.65348 0.108828 0)
(2.66555 0.107659 0)
(2.67766 0.1037 0)
(2.68387 0.101425 0)
(2.67406 0.0791808 0)
(2.6396 0.00608256 0)
(2.55994 -0.131434 0)
(2.39668 -0.3476 0)
(2.27935 -0.524588 0)
(2.27738 -0.528485 0)
(2.27984 -0.553187 0)
(2.28378 -0.573381 0)
(2.28896 -0.57403 0)
(2.29764 -0.570751 0)
(2.30246 -0.565004 0)
(2.30483 -0.567263 0)
(2.30387 -0.575865 0)
(2.30379 -0.590118 0)
(2.31082 -0.599017 0)
(2.31929 -0.602497 0)
(2.33004 -0.604058 0)
(2.34438 -0.601441 0)
(2.35914 -0.592338 0)
(2.36717 -0.588296 0)
(2.37686 -0.590239 0)
(2.38522 -0.592666 0)
(2.38999 -0.597057 0)
(2.38734 -0.606792 0)
(2.38025 -0.61756 0)
(2.38362 -0.620132 0)
(2.3921 -0.619181 0)
(2.40074 -0.617489 0)
(2.41196 -0.615111 0)
(2.426 -0.614829 0)
(2.43394 -0.622091 0)
(2.42481 -0.642492 0)
(2.40012 -0.679727 0)
(2.35222 -0.740774 0)
(2.30903 -0.786919 0)
(2.29054 -0.809262 0)
(2.2794 -0.835511 0)
(2.28841 -0.839017 0)
(2.29971 -0.83171 0)
(2.3082 -0.82306 0)
(2.31917 -0.819284 0)
(2.32998 -0.821516 0)
(2.33777 -0.823526 0)
(2.3387 -0.825992 0)
(2.33821 -0.829967 0)
(2.3447 -0.830767 0)
(2.35228 -0.829939 0)
(2.36209 -0.827974 0)
(2.37606 -0.825238 0)
(2.1996 0.744294 0)
(2.21585 0.727559 0)
(2.2242 0.72277 0)
(2.22327 0.732923 0)
(2.21659 0.742556 0)
(2.22415 0.732927 0)
(2.243 0.704318 0)
(2.25671 0.670752 0)
(2.26292 0.648584 0)
(2.26506 0.6417 0)
(2.26938 0.644797 0)
(2.27631 0.647271 0)
(2.28414 0.64626 0)
(2.29301 0.641023 0)
(2.30591 0.630354 0)
(2.31942 0.612935 0)
(2.32702 0.589988 0)
(2.32753 0.57392 0)
(2.32833 0.568176 0)
(2.33584 0.565299 0)
(2.3462 0.564998 0)
(2.35893 0.560158 0)
(2.37424 0.548824 0)
(2.38852 0.534924 0)
(2.3964 0.52132 0)
(2.39135 0.508052 0)
(2.37967 0.494666 0)
(2.38182 0.485951 0)
(2.39336 0.482322 0)
(2.40577 0.478602 0)
(2.42172 0.472435 0)
(2.43796 0.462259 0)
(2.45085 0.453678 0)
(2.46112 0.447626 0)
(2.46691 0.440312 0)
(2.46226 0.427293 0)
(2.44671 0.410554 0)
(2.44726 0.401557 0)
(2.45704 0.396254 0)
(2.47114 0.389429 0)
(2.48566 0.381453 0)
(2.49879 0.37462 0)
(2.51078 0.368023 0)
(2.52051 0.360967 0)
(2.52693 0.354688 0)
(2.52782 0.346686 0)
(2.51715 0.326335 0)
(2.50695 0.306024 0)
(2.51477 0.304417 0)
(2.52321 0.301775 0)
(2.53352 0.296287 0)
(2.54591 0.292664 0)
(2.55773 0.288458 0)
(2.56679 0.283245 0)
(2.577 0.278152 0)
(2.5869 0.272695 0)
(2.59309 0.264882 0)
(2.58932 0.250229 0)
(2.57254 0.22643 0)
(2.56684 0.211385 0)
(2.575 0.211119 0)
(2.58384 0.209738 0)
(2.59244 0.207376 0)
(2.60277 0.205287 0)
(2.61317 0.202805 0)
(2.62197 0.197825 0)
(2.62862 0.195083 0)
(2.6364 0.191625 0)
(2.64148 0.183663 0)
(2.63543 0.16557 0)
(2.61817 0.142572 0)
(2.6161 0.133669 0)
(2.62158 0.132944 0)
(2.62741 0.1301 0)
(2.63799 0.126203 0)
(2.64897 0.124234 0)
(2.65612 0.124301 0)
(2.66848 0.120884 0)
(2.67862 0.115956 0)
(2.6667 0.0883483 0)
(2.62288 -0.00569469 0)
(2.47733 -0.222051 0)
(2.37483 -0.372486 0)
(2.28303 -0.487299 0)
(2.26253 -0.590504 0)
(2.24831 -0.583233 0)
(2.26477 -0.568445 0)
(2.28269 -0.550779 0)
(2.29363 -0.547864 0)
(2.30521 -0.548286 0)
(2.31289 -0.555381 0)
(2.31375 -0.56673 0)
(2.30961 -0.578306 0)
(2.31003 -0.580378 0)
(2.31782 -0.579162 0)
(2.32727 -0.579346 0)
(2.3382 -0.57891 0)
(2.35473 -0.577204 0)
(2.36961 -0.574863 0)
(2.37774 -0.575568 0)
(2.38676 -0.576975 0)
(2.39217 -0.579701 0)
(2.39133 -0.58568 0)
(2.3831 -0.59446 0)
(2.383 -0.599722 0)
(2.3913 -0.601288 0)
(2.39894 -0.601128 0)
(2.40734 -0.598886 0)
(2.42007 -0.598525 0)
(2.42766 -0.606473 0)
(2.42255 -0.625658 0)
(2.39492 -0.667089 0)
(2.34964 -0.72476 0)
(2.31602 -0.766127 0)
(2.28259 -0.799183 0)
(2.27902 -0.825435 0)
(2.28605 -0.824759 0)
(2.2976 -0.819028 0)
(2.30889 -0.810411 0)
(2.31911 -0.804871 0)
(2.32979 -0.804814 0)
(2.33843 -0.807334 0)
(2.34152 -0.811971 0)
(2.33982 -0.81505 0)
(2.34371 -0.814819 0)
(2.35141 -0.815853 0)
(2.35977 -0.815457 0)
(2.37281 -0.813162 0)
(2.38532 -0.809115 0)
(2.20967 0.749563 0)
(2.21869 0.737841 0)
(2.21868 0.741784 0)
(2.21207 0.754113 0)
(2.2102 0.754103 0)
(2.22456 0.732726 0)
(2.24278 0.698523 0)
(2.25337 0.670096 0)
(2.25918 0.656917 0)
(2.26471 0.659721 0)
(2.27069 0.664919 0)
(2.27764 0.666946 0)
(2.28506 0.664427 0)
(2.29589 0.655656 0)
(2.30948 0.637775 0)
(2.31858 0.611991 0)
(2.31999 0.590269 0)
(2.32194 0.583518 0)
(2.32721 0.583711 0)
(2.3368 0.582883 0)
(2.34815 0.581193 0)
(2.36281 0.572237 0)
(2.37742 0.558179 0)
(2.38866 0.543231 0)
(2.38911 0.528505 0)
(2.37952 0.515675 0)
(2.37409 0.505427 0)
(2.38302 0.499749 0)
(2.39554 0.497001 0)
(2.40907 0.491834 0)
(2.42539 0.48317 0)
(2.43975 0.472994 0)
(2.45067 0.466486 0)
(2.45858 0.461897 0)
(2.46142 0.453611 0)
(2.45195 0.436135 0)
(2.44116 0.418085 0)
(2.44915 0.414008 0)
(2.46028 0.408668 0)
(2.47529 0.399494 0)
(2.48824 0.392718 0)
(2.5004 0.387339 0)
(2.51065 0.382308 0)
(2.51898 0.375444 0)
(2.52337 0.366927 0)
(2.51879 0.354871 0)
(2.50553 0.331362 0)
(2.50831 0.321222 0)
(2.5175 0.319982 0)
(2.52611 0.316452 0)
(2.53642 0.311962 0)
(2.54811 0.308798 0)
(2.55866 0.303691 0)
(2.5678 0.297949 0)
(2.57774 0.291912 0)
(2.58612 0.28487 0)
(2.58724 0.272445 0)
(2.57451 0.252169 0)
(2.56217 0.233961 0)
(2.56896 0.229729 0)
(2.57769 0.228601 0)
(2.58893 0.224954 0)
(2.59755 0.222445 0)
(2.60872 0.220448 0)
(2.61847 0.216993 0)
(2.62492 0.212867 0)
(2.63105 0.209971 0)
(2.63653 0.204097 0)
(2.63483 0.190349 0)
(2.61945 0.166414 0)
(2.61267 0.150902 0)
(2.61973 0.150133 0)
(2.62554 0.148676 0)
(2.63245 0.145907 0)
(2.6439 0.140916 0)
(2.65015 0.139399 0)
(2.6607 0.137788 0)
(2.66257 0.127347 0)
(2.65269 0.0854797 0)
(2.56626 -0.0610343 0)
(2.4695 -0.245666 0)
(2.3084 -0.451946 0)
(2.23969 -0.558578 0)
(2.24123 -0.53646 0)
(2.26989 -0.533601 0)
(2.27583 -0.535505 0)
(2.2877 -0.53439 0)
(2.29884 -0.532929 0)
(2.30696 -0.534531 0)
(2.31319 -0.537476 0)
(2.31737 -0.54175 0)
(2.31585 -0.54756 0)
(2.31167 -0.556652 0)
(2.31793 -0.56444 0)
(2.32686 -0.568013 0)
(2.33657 -0.570717 0)
(2.35077 -0.569779 0)
(2.36797 -0.562583 0)
(2.37674 -0.558875 0)
(2.38575 -0.559719 0)
(2.39327 -0.561689 0)
(2.395 -0.567412 0)
(2.388 -0.579192 0)
(2.38509 -0.589361 0)
(2.39281 -0.591322 0)
(2.39998 -0.590349 0)
(2.40645 -0.587681 0)
(2.41657 -0.587315 0)
(2.42302 -0.594344 0)
(2.4197 -0.61277 0)
(2.38735 -0.656577 0)
(2.35255 -0.708211 0)
(2.30538 -0.757751 0)
(2.27981 -0.786461 0)
(2.27875 -0.807745 0)
(2.28527 -0.807726 0)
(2.29638 -0.806314 0)
(2.30754 -0.799238 0)
(2.31838 -0.791893 0)
(2.32981 -0.788602 0)
(2.3389 -0.790588 0)
(2.34268 -0.793556 0)
(2.33966 -0.796673 0)
(2.3415 -0.801828 0)
(2.34939 -0.804135 0)
(2.35771 -0.803585 0)
(2.36881 -0.801428 0)
(2.384 -0.797913 0)
(2.39258 -0.795582 0)
(2.21229 0.757364 0)
(2.21554 0.751676 0)
(2.21097 0.760174 0)
(2.20587 0.766983 0)
(2.2079 0.756287 0)
(2.22502 0.728713 0)
(2.24159 0.697698 0)
(2.25138 0.67641 0)
(2.25924 0.672986 0)
(2.26633 0.67905 0)
(2.27261 0.683179 0)
(2.27932 0.683714 0)
(2.2877 0.678537 0)
(2.2998 0.663384 0)
(2.31021 0.636225 0)
(2.31252 0.610181 0)
(2.31346 0.597902 0)
(2.31948 0.60001 0)
(2.32709 0.601258 0)
(2.33807 0.60029 0)
(2.35156 0.595009 0)
(2.36638 0.581974 0)
(2.37896 0.566945 0)
(2.38455 0.550952 0)
(2.37755 0.535002 0)
(2.37112 0.525177 0)
(2.37393 0.518419 0)
(2.38615 0.514827 0)
(2.39916 0.511267 0)
(2.41327 0.503786 0)
(2.42799 0.49407 0)
(2.44008 0.485614 0)
(2.4487 0.481354 0)
(2.4541 0.476677 0)
(2.45292 0.464177 0)
(2.44057 0.440507 0)
(2.44075 0.428406 0)
(2.45121 0.426024 0)
(2.46372 0.418877 0)
(2.47784 0.410397 0)
(2.4892 0.405408 0)
(2.49994 0.400765 0)
(2.50899 0.396625 0)
(2.51651 0.389111 0)
(2.51834 0.377334 0)
(2.50864 0.361222 0)
(2.50079 0.341369 0)
(2.5104 0.338028 0)
(2.52002 0.334966 0)
(2.52823 0.331487 0)
(2.53802 0.327567 0)
(2.54972 0.323829 0)
(2.55983 0.317687 0)
(2.56866 0.311383 0)
(2.57734 0.304526 0)
(2.58183 0.294508 0)
(2.57463 0.275081 0)
(2.56022 0.256394 0)
(2.56283 0.250046 0)
(2.571 0.247657 0)
(2.58197 0.244046 0)
(2.59343 0.2385 0)
(2.60259 0.237119 0)
(2.61355 0.235188 0)
(2.62187 0.231416 0)
(2.62745 0.227798 0)
(2.63198 0.223356 0)
(2.63272 0.212601 0)
(2.62184 0.190479 0)
(2.60968 0.171922 0)
(2.61429 0.166945 0)
(2.62281 0.166597 0)
(2.62984 0.164758 0)
(2.63811 0.161571 0)
(2.64601 0.156199 0)
(2.65244 0.150598 0)
(2.65275 0.137171 0)
(2.61348 0.0584896 0)
(2.54421 -0.103789 0)
(2.36055 -0.367901 0)
(2.3167 -0.427613 0)
(2.27068 -0.475156 0)
(2.25595 -0.52498 0)
(2.26144 -0.536986 0)
(2.27632 -0.53109 0)
(2.28757 -0.521378 0)
(2.29846 -0.512379 0)
(2.3071 -0.511586 0)
(2.31359 -0.520291 0)
(2.31583 -0.529214 0)
(2.3158 -0.538195 0)
(2.31467 -0.548373 0)
(2.31857 -0.551491 0)
(2.32769 -0.550673 0)
(2.3366 -0.548988 0)
(2.34676 -0.546659 0)
(2.36292 -0.543423 0)
(2.37545 -0.541862 0)
(2.38281 -0.54385 0)
(2.39145 -0.547236 0)
(2.39617 -0.551784 0)
(2.39176 -0.559529 0)
(2.38435 -0.567499 0)
(2.39087 -0.56936 0)
(2.399 -0.570021 0)
(2.40544 -0.56941 0)
(2.41351 -0.571174 0)
(2.41978 -0.580228 0)
(2.41297 -0.602214 0)
(2.3886 -0.640659 0)
(2.34235 -0.703667 0)
(2.30813 -0.739357 0)
(2.28353 -0.761901 0)
(2.27448 -0.788839 0)
(2.28152 -0.797556 0)
(2.29168 -0.796584 0)
(2.30478 -0.786042 0)
(2.3158 -0.774862 0)
(2.32698 -0.772846 0)
(2.33811 -0.77582 0)
(2.34461 -0.77833 0)
(2.34349 -0.782305 0)
(2.34069 -0.78758 0)
(2.34703 -0.788798 0)
(2.35545 -0.788795 0)
(2.36515 -0.787269 0)
(2.37896 -0.784421 0)
(2.39156 -0.78071 0)
(2.39963 -0.781735 0)
(2.21005 0.768109 0)
(2.21083 0.76659 0)
(2.20681 0.773632 0)
(2.20377 0.772215 0)
(2.2076 0.752102 0)
(2.22705 0.726563 0)
(2.24217 0.702387 0)
(2.25205 0.689437 0)
(2.26062 0.692739 0)
(2.26689 0.698418 0)
(2.27282 0.701165 0)
(2.27995 0.698924 0)
(2.29013 0.687337 0)
(2.3012 0.661028 0)
(2.3064 0.631433 0)
(2.30653 0.614495 0)
(2.31146 0.614134 0)
(2.3185 0.617605 0)
(2.32749 0.617843 0)
(2.34013 0.615376 0)
(2.35524 0.606119 0)
(2.36868 0.5914 0)
(2.3775 0.575133 0)
(2.37483 0.556184 0)
(2.36697 0.542014 0)
(2.36884 0.537504 0)
(2.37701 0.533083 0)
(2.39018 0.529738 0)
(2.40378 0.524393 0)
(2.41711 0.515737 0)
(2.42971 0.506938 0)
(2.43978 0.500868 0)
(2.44611 0.497546 0)
(2.44809 0.488951 0)
(2.4403 0.465985 0)
(2.43337 0.44505 0)
(2.44229 0.441484 0)
(2.45363 0.436421 0)
(2.46677 0.429281 0)
(2.47935 0.422821 0)
(2.48888 0.419566 0)
(2.49857 0.41533 0)
(2.50723 0.41069 0)
(2.5137 0.401614 0)
(2.51158 0.385814 0)
(2.49977 0.368169 0)
(2.50069 0.355269 0)
(2.51158 0.353957 0)
(2.52156 0.349894 0)
(2.52938 0.346767 0)
(2.53916 0.342737 0)
(2.55124 0.337869 0)
(2.56107 0.330896 0)
(2.56891 0.324036 0)
(2.57481 0.315507 0)
(2.57187 0.299474 0)
(2.55808 0.277771 0)
(2.55671 0.269281 0)
(2.56417 0.268097 0)
(2.57437 0.264071 0)
(2.58751 0.257727 0)
(2.59663 0.253422 0)
(2.60659 0.252089 0)
(2.61689 0.249882 0)
(2.62416 0.246124 0)
(2.62855 0.241702 0)
(2.62953 0.233033 0)
(2.62188 0.213308 0)
(2.60864 0.192086 0)
(2.61076 0.185378 0)
(2.61682 0.18475 0)
(2.62586 0.182458 0)
(2.63411 0.180159 0)
(2.64009 0.176027 0)
(2.64352 0.166246 0)
(2.63444 0.133387 0)
(2.5844 0.0252406 0)
(2.44549 -0.20096 0)
(2.3799 -0.332961 0)
(2.27578 -0.467454 0)
(2.23601 -0.526612 0)
(2.2359 -0.528553 0)
(2.24771 -0.520904 0)
(2.26899 -0.507452 0)
(2.28474 -0.496049 0)
(2.29846 -0.495908 0)
(2.31084 -0.501822 0)
(2.3209 -0.509615 0)
(2.32459 -0.516435 0)
(2.31867 -0.520166 0)
(2.30972 -0.524032 0)
(2.31389 -0.528964 0)
(2.32447 -0.531557 0)
(2.33512 -0.532503 0)
(2.34622 -0.531655 0)
(2.36003 -0.528989 0)
(2.37414 -0.524921 0)
(2.38102 -0.525097 0)
(2.38947 -0.528049 0)
(2.39564 -0.532789 0)
(2.39609 -0.540646 0)
(2.38761 -0.552789 0)
(2.38917 -0.560856 0)
(2.39758 -0.56282 0)
(2.40345 -0.562439 0)
(2.41035 -0.563034 0)
(2.41538 -0.571562 0)
(2.41123 -0.590307 0)
(2.38431 -0.63403 0)
(2.33761 -0.691885 0)
(2.31171 -0.724792 0)
(2.27682 -0.749197 0)
(2.26647 -0.777496 0)
(2.27551 -0.783102 0)
(2.28473 -0.781541 0)
(2.29875 -0.773776 0)
(2.31384 -0.761579 0)
(2.32556 -0.757842 0)
(2.33619 -0.760947 0)
(2.34444 -0.763346 0)
(2.34709 -0.766287 0)
(2.34307 -0.771362 0)
(2.3459 -0.77496 0)
(2.35407 -0.776175 0)
(2.36291 -0.775595 0)
(2.37439 -0.772244 0)
(2.38833 -0.76664 0)
(2.39736 -0.766182 0)
(2.40704 -0.769185 0)
(2.20801 0.777531 0)
(2.20824 0.779993 0)
(2.205 0.784538 0)
(2.20178 0.774325 0)
(2.21105 0.751092 0)
(2.231 0.730414 0)
(2.24459 0.71158 0)
(2.2543 0.705936 0)
(2.26135 0.711351 0)
(2.26628 0.715831 0)
(2.27158 0.716333 0)
(2.27991 0.70887 0)
(2.29071 0.687242 0)
(2.29879 0.655686 0)
(2.30137 0.633759 0)
(2.30464 0.629618 0)
(2.31145 0.632369 0)
(2.319 0.633986 0)
(2.32908 0.632625 0)
(2.34329 0.627979 0)
(2.35806 0.616171 0)
(2.36901 0.600069 0)
(2.37087 0.579425 0)
(2.36277 0.559865 0)
(2.36265 0.552793 0)
(2.37054 0.551823 0)
(2.38131 0.547791 0)
(2.39482 0.543547 0)
(2.40836 0.536886 0)
(2.42043 0.528734 0)
(2.43146 0.521562 0)
(2.43965 0.516704 0)
(2.44216 0.5107 0)
(2.43707 0.491072 0)
(2.42711 0.465257 0)
(2.43319 0.456943 0)
(2.44413 0.453441 0)
(2.45607 0.447249 0)
(2.46958 0.441297 0)
(2.4804 0.437343 0)
(2.48903 0.434915 0)
(2.49843 0.430379 0)
(2.50623 0.424728 0)
(2.50914 0.412978 0)
(2.50178 0.392753 0)
(2.4948 0.377666 0)
(2.5014 0.370615 0)
(2.51233 0.368545 0)
(2.52223 0.364978 0)
(2.53042 0.361361 0)
(2.54108 0.35663 0)
(2.55286 0.350646 0)
(2.56186 0.343569 0)
(2.56802 0.335919 0)
(2.56811 0.32357 0)
(2.5562 0.301776 0)
(2.54962 0.287719 0)
(2.55657 0.286999 0)
(2.56618 0.283411 0)
(2.57908 0.278431 0)
(2.59088 0.271631 0)
(2.59943 0.268701 0)
(2.60967 0.267374 0)
(2.61906 0.264839 0)
(2.62531 0.259962 0)
(2.62665 0.25182 0)
(2.62011 0.234464 0)
(2.60733 0.212457 0)
(2.60687 0.203766 0)
(2.61306 0.202246 0)
(2.62055 0.201907 0)
(2.62913 0.199425 0)
(2.63393 0.192817 0)
(2.63517 0.177129 0)
(2.61046 0.119473 0)
(2.51538 -0.0412109 0)
(2.43062 -0.234493 0)
(2.28826 -0.437672 0)
(2.24373 -0.477942 0)
(2.24353 -0.478702 0)
(2.24394 -0.483429 0)
(2.25282 -0.490395 0)
(2.26695 -0.490679 0)
(2.28159 -0.484437 0)
(2.29629 -0.479275 0)
(2.30841 -0.481793 0)
(2.31916 -0.485872 0)
(2.32784 -0.490954 0)
(2.32899 -0.497604 0)
(2.31832 -0.509553 0)
(2.31278 -0.520846 0)
(2.32148 -0.523552 0)
(2.33093 -0.523852 0)
(2.34185 -0.521231 0)
(2.35727 -0.51517 0)
(2.37132 -0.507475 0)
(2.37941 -0.506979 0)
(2.38874 -0.509661 0)
(2.39623 -0.513129 0)
(2.39826 -0.520311 0)
(2.39126 -0.531562 0)
(2.38672 -0.537939 0)
(2.39385 -0.540539 0)
(2.39917 -0.541433 0)
(2.40461 -0.543575 0)
(2.40791 -0.555389 0)
(2.40491 -0.578699 0)
(2.37293 -0.62983 0)
(2.34886 -0.674287 0)
(2.30936 -0.712309 0)
(2.274 -0.740733 0)
(2.26547 -0.76117 0)
(2.27454 -0.763872 0)
(2.2838 -0.764693 0)
(2.29488 -0.761443 0)
(2.30884 -0.752102 0)
(2.32324 -0.744655 0)
(2.33401 -0.74434 0)
(2.34382 -0.748443 0)
(2.34909 -0.753692 0)
(2.34831 -0.758402 0)
(2.34689 -0.760895 0)
(2.35395 -0.761445 0)
(2.36242 -0.761288 0)
(2.37189 -0.759199 0)
(2.38484 -0.754987 0)
(2.39501 -0.751538 0)
(2.40488 -0.753205 0)
(2.41379 -0.75571 0)
(2.20516 0.789406 0)
(2.20489 0.794365 0)
(2.20223 0.793841 0)
(2.20224 0.774011 0)
(2.21936 0.754531 0)
(2.23653 0.735317 0)
(2.2484 0.722054 0)
(2.25613 0.72286 0)
(2.26019 0.728623 0)
(2.26296 0.731675 0)
(2.26857 0.727658 0)
(2.27878 0.711196 0)
(2.28903 0.682024 0)
(2.29516 0.655117 0)
(2.2995 0.645919 0)
(2.30507 0.648427 0)
(2.31265 0.649656 0)
(2.32067 0.64966 0)
(2.33201 0.647577 0)
(2.34656 0.640329 0)
(2.35934 0.625305 0)
(2.36424 0.603816 0)
(2.35862 0.579904 0)
(2.35575 0.567209 0)
(2.36358 0.567189 0)
(2.37351 0.566559 0)
(2.38571 0.562107 0)
(2.39953 0.557156 0)
(2.41248 0.549996 0)
(2.4237 0.542669 0)
(2.43324 0.536225 0)
(2.43757 0.52957 0)
(2.43218 0.513708 0)
(2.42108 0.48767 0)
(2.42355 0.473196 0)
(2.43381 0.471216 0)
(2.44647 0.464659 0)
(2.45918 0.459255 0)
(2.47226 0.455002 0)
(2.48209 0.453041 0)
(2.4908 0.450805 0)
(2.49955 0.446055 0)
(2.5048 0.43827 0)
(2.50017 0.420305 0)
(2.49147 0.398156 0)
(2.49459 0.388949 0)
(2.50273 0.385357 0)
(2.51259 0.382789 0)
(2.52257 0.380032 0)
(2.53223 0.37587 0)
(2.54354 0.369983 0)
(2.55417 0.362894 0)
(2.56168 0.355996 0)
(2.56414 0.346449 0)
(2.55551 0.327347 0)
(2.54344 0.307936 0)
(2.54829 0.304677 0)
(2.55677 0.30157 0)
(2.56917 0.297004 0)
(2.58339 0.291713 0)
(2.59213 0.286379 0)
(2.60154 0.283933 0)
(2.61155 0.2825 0)
(2.62017 0.278919 0)
(2.6238 0.270527 0)
(2.61817 0.25411 0)
(2.60489 0.232584 0)
(2.60287 0.221836 0)
(2.60946 0.22117 0)
(2.61653 0.219055 0)
(2.62393 0.218368 0)
(2.6268 0.210125 0)
(2.6188 0.177182 0)
(2.5708 0.0818238 0)
(2.46896 -0.116433 0)
(2.32935 -0.3522 0)
(2.30518 -0.395378 0)
(2.26521 -0.420949 0)
(2.25185 -0.447421 0)
(2.24312 -0.471617 0)
(2.24539 -0.477901 0)
(2.25563 -0.473183 0)
(2.26683 -0.462984 0)
(2.28237 -0.457723 0)
(2.29808 -0.46059 0)
(2.31282 -0.469698 0)
(2.32309 -0.477714 0)
(2.32938 -0.48422 0)
(2.32717 -0.492249 0)
(2.31766 -0.498516 0)
(2.31818 -0.500197 0)
(2.32715 -0.500433 0)
(2.33691 -0.500488 0)
(2.34889 -0.499399 0)
(2.36682 -0.496437 0)
(2.37791 -0.494494 0)
(2.38834 -0.495703 0)
(2.39673 -0.496958 0)
(2.40055 -0.500336 0)
(2.39648 -0.507695 0)
(2.38827 -0.520521 0)
(2.39313 -0.528017 0)
(2.39732 -0.529714 0)
(2.40028 -0.533176 0)
(2.40204 -0.54432 0)
(2.39323 -0.571876 0)
(2.37171 -0.611699 0)
(2.3381 -0.667555 0)
(2.30854 -0.708169 0)
(2.28227 -0.726659 0)
(2.27225 -0.737511 0)
(2.27328 -0.75042 0)
(2.28309 -0.754247 0)
(2.29271 -0.750558 0)
(2.30343 -0.737755 0)
(2.31804 -0.729858 0)
(2.33086 -0.730646 0)
(2.34129 -0.734095 0)
(2.34911 -0.737222 0)
(2.35196 -0.739793 0)
(2.35027 -0.744322 0)
(2.35433 -0.74794 0)
(2.3632 -0.748702 0)
(2.37216 -0.747344 0)
(2.38257 -0.743539 0)
(2.39315 -0.738642 0)
(2.40291 -0.738673 0)
(2.41244 -0.740261 0)
(2.41929 -0.741862 0)
(2.20274 0.799445 0)
(2.20081 0.807317 0)
(2.19811 0.801386 0)
(2.20749 0.780276 0)
(2.22704 0.761607 0)
(2.24105 0.742464 0)
(2.2505 0.735087 0)
(2.25527 0.73904 0)
(2.25659 0.744079 0)
(2.25834 0.744019 0)
(2.2658 0.732828 0)
(2.27734 0.707944 0)
(2.28713 0.679572 0)
(2.29396 0.662753 0)
(2.30056 0.662625 0)
(2.30687 0.665944 0)
(2.3149 0.666508 0)
(2.32359 0.666141 0)
(2.33536 0.663241 0)
(2.34851 0.651999 0)
(2.35558 0.629078 0)
(2.35227 0.602363 0)
(2.34855 0.583073 0)
(2.35618 0.581134 0)
(2.36568 0.582341 0)
(2.37666 0.580619 0)
(2.39002 0.576724 0)
(2.40403 0.571295 0)
(2.41643 0.56417 0)
(2.42677 0.55703 0)
(2.43287 0.548008 0)
(2.42809 0.533085 0)
(2.41513 0.509635 0)
(2.41406 0.491245 0)
(2.4231 0.489638 0)
(2.43693 0.483533 0)
(2.44836 0.477116 0)
(2.46259 0.47237 0)
(2.47495 0.4698 0)
(2.48474 0.46904 0)
(2.49361 0.466926 0)
(2.50042 0.460779 0)
(2.4993 0.446572 0)
(2.48664 0.422349 0)
(2.48695 0.406292 0)
(2.49578 0.401611 0)
(2.50397 0.39952 0)
(2.51338 0.397141 0)
(2.52412 0.394609 0)
(2.53518 0.389766 0)
(2.54615 0.382258 0)
(2.55477 0.375033 0)
(2.55938 0.368145 0)
(2.55485 0.353906 0)
(2.54024 0.331173 0)
(2.54016 0.322162 0)
(2.54736 0.320601 0)
(2.55806 0.314475 0)
(2.5718 0.309968 0)
(2.58533 0.304786 0)
(2.59281 0.301222 0)
(2.60257 0.298914 0)
(2.61228 0.296583 0)
(2.6191 0.290114 0)
(2.61652 0.274324 0)
(2.60305 0.252181 0)
(2.59817 0.239145 0)
(2.60512 0.238696 0)
(2.6121 0.237623 0)
(2.61903 0.235894 0)
(2.61832 0.221856 0)
(2.59937 0.165981 0)
(2.51459 0.01594 0)
(2.38492 -0.203288 0)
(2.3397 -0.313135 0)
(2.2767 -0.430751 0)
(2.23999 -0.458353 0)
(2.23041 -0.451156 0)
(2.2362 -0.453784 0)
(2.24646 -0.456138 0)
(2.25639 -0.458063 0)
(2.2643 -0.45706 0)
(2.27668 -0.454453 0)
(2.29305 -0.455582 0)
(2.30382 -0.457179 0)
(2.31709 -0.459934 0)
(2.32575 -0.462517 0)
(2.32797 -0.466397 0)
(2.32206 -0.476361 0)
(2.31985 -0.489742 0)
(2.32779 -0.493934 0)
(2.33644 -0.494869 0)
(2.34644 -0.492857 0)
(2.36152 -0.48647 0)
(2.37405 -0.479632 0)
(2.38437 -0.479913 0)
(2.39523 -0.481023 0)
(2.40277 -0.483187 0)
(2.40186 -0.490465 0)
(2.39244 -0.502372 0)
(2.39216 -0.509432 0)
(2.39554 -0.510268 0)
(2.39718 -0.512272 0)
(2.39552 -0.52615 0)
(2.38445 -0.555047 0)
(2.36545 -0.597155 0)
(2.32174 -0.664706 0)
(2.30757 -0.697195 0)
(2.28556 -0.708839 0)
(2.2785 -0.720121 0)
(2.27673 -0.732775 0)
(2.28283 -0.737165 0)
(2.29194 -0.735049 0)
(2.30216 -0.727708 0)
(2.31663 -0.722337 0)
(2.3294 -0.718706 0)
(2.33965 -0.718754 0)
(2.34832 -0.71973 0)
(2.35366 -0.722827 0)
(2.3543 -0.729718 0)
(2.35556 -0.735253 0)
(2.36356 -0.736658 0)
(2.37224 -0.735813 0)
(2.38239 -0.731442 0)
(2.39249 -0.725935 0)
(2.40214 -0.72509 0)
(2.41188 -0.72574 0)
(2.41942 -0.726289 0)
(2.42318 -0.728268 0)
(2.19392 0.813581 0)
(2.19513 0.818211 0)
(2.19826 0.806004 0)
(2.2156 0.786944 0)
(2.23234 0.765685 0)
(2.24256 0.750833 0)
(2.24838 0.74947 0)
(2.25019 0.754143 0)
(2.25051 0.757209 0)
(2.25388 0.752112 0)
(2.26425 0.732892 0)
(2.27746 0.705309 0)
(2.28764 0.68415 0)
(2.29555 0.676864 0)
(2.30299 0.679902 0)
(2.31011 0.682962 0)
(2.31836 0.683755 0)
(2.32719 0.683234 0)
(2.33777 0.67659 0)
(2.34459 0.655552 0)
(2.34345 0.626149 0)
(2.34045 0.601792 0)
(2.34835 0.595233 0)
(2.35772 0.596657 0)
(2.36803 0.597068 0)
(2.38021 0.594904 0)
(2.39445 0.591772 0)
(2.40851 0.585659 0)
(2.42017 0.578481 0)
(2.42793 0.568884 0)
(2.4249 0.551362 0)
(2.40983 0.529211 0)
(2.4051 0.51079 0)
(2.41358 0.507956 0)
(2.42504 0.504353 0)
(2.43952 0.495839 0)
(2.45101 0.490561 0)
(2.466 0.486402 0)
(2.47772 0.485083 0)
(2.48764 0.48475 0)
(2.49594 0.481909 0)
(2.49786 0.471463 0)
(2.48717 0.446624 0)
(2.47622 0.425004 0)
(2.48642 0.418375 0)
(2.4969 0.414927 0)
(2.50549 0.413194 0)
(2.51536 0.411195 0)
(2.5269 0.408678 0)
(2.53855 0.402736 0)
(2.54819 0.394379 0)
(2.55427 0.387129 0)
(2.55345 0.378797 0)
(2.54053 0.358264 0)
(2.53273 0.339903 0)
(2.53988 0.339013 0)
(2.54768 0.334244 0)
(2.55999 0.326788 0)
(2.57407 0.322535 0)
(2.58516 0.318026 0)
(2.59308 0.315598 0)
(2.60267 0.312875 0)
(2.61126 0.307934 0)
(2.61319 0.295103 0)
(2.60269 0.273036 0)
(2.59324 0.256733 0)
(2.60181 0.255703 0)
(2.60711 0.255872 0)
(2.61098 0.252379 0)
(2.6061 0.225833 0)
(2.55099 0.11671 0)
(2.47179 -0.0418636 0)
(2.34291 -0.256962 0)
(2.2521 -0.428937 0)
(2.23475 -0.433804 0)
(2.24376 -0.423772 0)
(2.24289 -0.423748 0)
(2.24522 -0.427535 0)
(2.24836 -0.435193 0)
(2.26079 -0.4395 0)
(2.26948 -0.439607 0)
(2.27753 -0.436019 0)
(2.29061 -0.432262 0)
(2.30122 -0.432697 0)
(2.31171 -0.437139 0)
(2.32121 -0.442301 0)
(2.32675 -0.448142 0)
(2.32569 -0.458606 0)
(2.32102 -0.467972 0)
(2.32587 -0.470735 0)
(2.33436 -0.471643 0)
(2.34341 -0.471521 0)
(2.35584 -0.4702 0)
(2.37136 -0.467605 0)
(2.38027 -0.467773 0)
(2.3913 -0.469603 0)
(2.4006 -0.471094 0)
(2.40343 -0.475026 0)
(2.39559 -0.482979 0)
(2.39107 -0.491181 0)
(2.39417 -0.493168 0)
(2.3954 -0.495949 0)
(2.39151 -0.510482 0)
(2.38044 -0.537438 0)
(2.34856 -0.594685 0)
(2.32209 -0.643288 0)
(2.30732 -0.669467 0)
(2.28635 -0.694949 0)
(2.27295 -0.71118 0)
(2.27453 -0.718818 0)
(2.28385 -0.722071 0)
(2.29383 -0.72094 0)
(2.30427 -0.715824 0)
(2.31693 -0.711055 0)
(2.32942 -0.705644 0)
(2.3392 -0.705259 0)
(2.34851 -0.707509 0)
(2.35421 -0.709774 0)
(2.3555 -0.712076 0)
(2.35613 -0.716599 0)
(2.36368 -0.720368 0)
(2.37165 -0.721371 0)
(2.38101 -0.719012 0)
(2.39229 -0.713648 0)
(2.40166 -0.711847 0)
(2.41192 -0.712821 0)
(2.42041 -0.713233 0)
(2.4252 -0.713751 0)
(2.42417 -0.716595 0)
(2.1869 0.822678 0)
(2.1945 0.821675 0)
(2.20383 0.81027 0)
(2.22112 0.791615 0)
(2.23319 0.771526 0)
(2.23933 0.761387 0)
(2.24207 0.762535 0)
(2.24311 0.766187 0)
(2.24528 0.765996 0)
(2.2515 0.754509 0)
(2.26572 0.730988 0)
(2.28008 0.708562 0)
(2.29003 0.695988 0)
(2.29815 0.694223 0)
(2.30583 0.698213 0)
(2.3136 0.701034 0)
(2.32192 0.701731 0)
(2.3295 0.697761 0)
(2.33319 0.679636 0)
(2.33163 0.649987 0)
(2.33129 0.621377 0)
(2.33906 0.611707 0)
(2.3494 0.61256 0)
(2.35937 0.612666 0)
(2.37086 0.612009 0)
(2.3844 0.610477 0)
(2.39938 0.606005 0)
(2.41283 0.599429 0)
(2.42236 0.589977 0)
(2.42111 0.572158 0)
(2.40588 0.547606 0)
(2.39747 0.528896 0)
(2.40454 0.525064 0)
(2.41443 0.523926 0)
(2.43033 0.516978 0)
(2.44054 0.509702 0)
(2.45489 0.504518 0)
(2.4691 0.501622 0)
(2.48019 0.500874 0)
(2.48971 0.499612 0)
(2.4951 0.492514 0)
(2.48679 0.472524 0)
(2.47365 0.446135 0)
(2.47462 0.434558 0)
(2.48638 0.430701 0)
(2.49857 0.428365 0)
(2.50764 0.426826 0)
(2.51808 0.425086 0)
(2.53014 0.421808 0)
(2.54122 0.415198 0)
(2.5489 0.406959 0)
(2.55132 0.398814 0)
(2.54255 0.386807 0)
(2.52766 0.363373 0)
(2.53233 0.355232 0)
(2.54064 0.354177 0)
(2.54988 0.346979 0)
(2.56242 0.339365 0)
(2.57552 0.334948 0)
(2.58433 0.331374 0)
(2.59287 0.328864 0)
(2.6017 0.324545 0)
(2.60643 0.314098 0)
(2.60061 0.29441 0)
(2.59157 0.27674 0)
(2.59565 0.272696 0)
(2.60124 0.273272 0)
(2.60436 0.265871 0)
(2.57812 0.208877 0)
(2.51559 0.0794065 0)
(2.37826 -0.169184 0)
(2.27212 -0.34998 0)
(2.26381 -0.358355 0)
(2.2486 -0.384832 0)
(2.24394 -0.397801 0)
(2.24441 -0.399738 0)
(2.24938 -0.405559 0)
(2.2508 -0.412323 0)
(2.25049 -0.413075 0)
(2.25957 -0.411083 0)
(2.2711 -0.410907 0)
(2.28463 -0.413811 0)
(2.29997 -0.420396 0)
(2.31085 -0.424953 0)
(2.31951 -0.428052 0)
(2.32467 -0.431352 0)
(2.32366 -0.43609 0)
(2.31756 -0.445739 0)
(2.32288 -0.45438 0)
(2.33241 -0.456718 0)
(2.34207 -0.458093 0)
(2.35337 -0.457649 0)
(2.36859 -0.454405 0)
(2.37806 -0.452319 0)
(2.38793 -0.454081 0)
(2.39762 -0.456074 0)
(2.40381 -0.459053 0)
(2.39982 -0.46744 0)
(2.39261 -0.481567 0)
(2.39442 -0.486315 0)
(2.39437 -0.488976 0)
(2.38945 -0.501565 0)
(2.37596 -0.532306 0)
(2.34032 -0.58477 0)
(2.32754 -0.620341 0)
(2.30067 -0.655627 0)
(2.28258 -0.683591 0)
(2.2747 -0.694154 0)
(2.27453 -0.700011 0)
(2.28302 -0.706568 0)
(2.29382 -0.707955 0)
(2.30428 -0.703635 0)
(2.31686 -0.697316 0)
(2.32929 -0.693247 0)
(2.33958 -0.694164 0)
(2.3488 -0.695787 0)
(2.35522 -0.695366 0)
(2.35652 -0.695604 0)
(2.3555 -0.701951 0)
(2.3625 -0.7065 0)
(2.37077 -0.707772 0)
(2.37957 -0.706821 0)
(2.3911 -0.702829 0)
(2.40053 -0.699417 0)
(2.4112 -0.699802 0)
(2.42047 -0.700363 0)
(2.42697 -0.700381 0)
(2.42756 -0.700921 0)
(2.42149 -0.703742 0)
(2.18476 0.828703 0)
(2.19817 0.823334 0)
(2.2111 0.815314 0)
(2.22344 0.798232 0)
(2.22959 0.780378 0)
(2.23106 0.773235 0)
(2.23228 0.77439 0)
(2.2356 0.775921 0)
(2.24151 0.771031 0)
(2.25255 0.753571 0)
(2.27023 0.73286 0)
(2.28358 0.718005 0)
(2.29288 0.711598 0)
(2.30094 0.71327 0)
(2.30834 0.717469 0)
(2.31626 0.719282 0)
(2.32309 0.716306 0)
(2.32395 0.700269 0)
(2.32011 0.671967 0)
(2.32031 0.641293 0)
(2.32967 0.627821 0)
(2.34031 0.62887 0)
(2.35132 0.629213 0)
(2.3622 0.62931 0)
(2.37476 0.628838 0)
(2.38938 0.625543 0)
(2.40383 0.619531 0)
(2.41549 0.610475 0)
(2.41681 0.592963 0)
(2.40243 0.567344 0)
(2.39058 0.546414 0)
(2.39593 0.541572 0)
(2.40532 0.541921 0)
(2.41809 0.538103 0)
(2.43413 0.529914 0)
(2.44388 0.524045 0)
(2.45924 0.519555 0)
(2.47166 0.517641 0)
(2.48178 0.516616 0)
(2.48914 0.511791 0)
(2.48571 0.494078 0)
(2.46802 0.467928 0)
(2.46885 0.452503 0)
(2.47693 0.447318 0)
(2.48802 0.4429 0)
(2.50015 0.442295 0)
(2.51008 0.441125 0)
(2.52073 0.438948 0)
(2.53247 0.434378 0)
(2.54189 0.428077 0)
(2.54736 0.419489 0)
(2.54413 0.408272 0)
(2.52891 0.390763 0)
(2.5238 0.372325 0)
(2.53391 0.370469 0)
(2.54329 0.367476 0)
(2.55314 0.359678 0)
(2.565 0.352828 0)
(2.57555 0.348019 0)
(2.5837 0.344507 0)
(2.59207 0.340389 0)
(2.59825 0.332524 0)
(2.59549 0.315152 0)
(2.58847 0.29644 0)
(2.59132 0.290915 0)
(2.59356 0.29051 0)
(2.58643 0.264366 0)
(2.55421 0.174001 0)
(2.42901 -0.0361279 0)
(2.33091 -0.204492 0)
(2.28973 -0.292089 0)
(2.24137 -0.383126 0)
(2.21946 -0.40232 0)
(2.22334 -0.397449 0)
(2.23346 -0.391454 0)
(2.2436 -0.3895 0)
(2.25186 -0.393966 0)
(2.25407 -0.406646 0)
(2.25674 -0.413081 0)
(2.26556 -0.413876 0)
(2.27829 -0.411877 0)
(2.29316 -0.405943 0)
(2.30613 -0.405097 0)
(2.31715 -0.407638 0)
(2.3251 -0.411232 0)
(2.32847 -0.417888 0)
(2.32338 -0.430262 0)
(2.3207 -0.439997 0)
(2.32976 -0.441452 0)
(2.33908 -0.440885 0)
(2.35015 -0.439034 0)
(2.36468 -0.436688 0)
(2.37572 -0.435826 0)
(2.38577 -0.438163 0)
(2.39551 -0.440873 0)
(2.40262 -0.444274 0)
(2.40245 -0.450517 0)
(2.39539 -0.46059 0)
(2.39363 -0.466656 0)
(2.39257 -0.470455 0)
(2.38751 -0.486704 0)
(2.36395 -0.530884 0)
(2.35017 -0.566229 0)
(2.30973 -0.625077 0)
(2.29693 -0.657596 0)
(2.28166 -0.665966 0)
(2.27987 -0.665543 0)
(2.28109 -0.675372 0)
(2.28388 -0.688748 0)
(2.29145 -0.692243 0)
(2.30078 -0.689731 0)
(2.3133 -0.686257 0)
(2.32752 -0.683958 0)
(2.33912 -0.682047 0)
(2.34926 -0.682008 0)
(2.35736 -0.682542 0)
(2.36116 -0.68566 0)
(2.35957 -0.690831 0)
(2.36034 -0.692053 0)
(2.36842 -0.691281 0)
(2.37713 -0.690816 0)
(2.38743 -0.688955 0)
(2.3988 -0.685177 0)
(2.40866 -0.684171 0)
(2.41871 -0.685248 0)
(2.42741 -0.6865 0)
(2.43226 -0.688868 0)
(2.42943 -0.693078 0)
(2.42434 -0.694605 0)
(2.18948 0.834087 0)
(2.2068 0.823663 0)
(2.21884 0.815806 0)
(2.22494 0.804041 0)
(2.22448 0.790002 0)
(2.22213 0.784247 0)
(2.22358 0.784579 0)
(2.23003 0.783302 0)
(2.24021 0.772817 0)
(2.25718 0.755233 0)
(2.27494 0.74014 0)
(2.28697 0.730694 0)
(2.2958 0.728636 0)
(2.30337 0.732102 0)
(2.31006 0.735704 0)
(2.31645 0.733712 0)
(2.31627 0.719116 0)
(2.30938 0.692428 0)
(2.30871 0.662776 0)
(2.31933 0.644495 0)
(2.33179 0.643693 0)
(2.34357 0.64515 0)
(2.35459 0.646184 0)
(2.36633 0.646721 0)
(2.37992 0.644877 0)
(2.39407 0.639201 0)
(2.40676 0.630318 0)
(2.41094 0.613423 0)
(2.39862 0.587624 0)
(2.3841 0.564237 0)
(2.38756 0.557539 0)
(2.3966 0.558814 0)
(2.40816 0.55655 0)
(2.42467 0.551049 0)
(2.43629 0.543538 0)
(2.44937 0.538323 0)
(2.46284 0.535529 0)
(2.47334 0.534035 0)
(2.48139 0.530366 0)
(2.48151 0.51639 0)
(2.46598 0.488666 0)
(2.45841 0.468517 0)
(2.46916 0.465365 0)
(2.47915 0.460314 0)
(2.49087 0.456349 0)
(2.50212 0.456245 0)
(2.51223 0.455301 0)
(2.52241 0.452667 0)
(2.53259 0.44781 0)
(2.54043 0.441168 0)
(2.54268 0.429055 0)
(2.53278 0.411918 0)
(2.51905 0.39431 0)
(2.5262 0.385544 0)
(2.53607 0.384913 0)
(2.5468 0.380257 0)
(2.55608 0.372853 0)
(2.56666 0.366541 0)
(2.57554 0.361412 0)
(2.58324 0.35653 0)
(2.5898 0.349576 0)
(2.59017 0.335681 0)
(2.58464 0.316788 0)
(2.58402 0.307873 0)
(2.5834 0.301275 0)
(2.56774 0.253556 0)
(2.47024 0.0770918 0)
(2.40332 -0.0833744 0)
(2.28781 -0.262368 0)
(2.20931 -0.391536 0)
(2.19596 -0.393948 0)
(2.21599 -0.383097 0)
(2.22506 -0.376775 0)
(2.23444 -0.373012 0)
(2.24488 -0.371122 0)
(2.25243 -0.375233 0)
(2.25626 -0.383744 0)
(2.25648 -0.390094 0)
(2.26256 -0.391857 0)
(2.27252 -0.392183 0)
(2.28559 -0.391322 0)
(2.30003 -0.392384 0)
(2.31303 -0.39476 0)
(2.32378 -0.396945 0)
(2.32961 -0.399889 0)
(2.32885 -0.40519 0)
(2.32245 -0.413633 0)
(2.32701 -0.418836 0)
(2.33706 -0.42058 0)
(2.34771 -0.421529 0)
(2.36031 -0.42133 0)
(2.37312 -0.420223 0)
(2.38274 -0.421363 0)
(2.39301 -0.423088 0)
(2.4011 -0.425611 0)
(2.40353 -0.430181 0)
(2.39864 -0.443419 0)
(2.39333 -0.458146 0)
(2.39117 -0.463039 0)
(2.3798 -0.484643 0)
(2.36302 -0.519616 0)
(2.33183 -0.578101 0)
(2.30864 -0.624838 0)
(2.29991 -0.646232 0)
(2.28861 -0.649407 0)
(2.28442 -0.650785 0)
(2.28244 -0.657271 0)
(2.28205 -0.666141 0)
(2.28766 -0.67136 0)
(2.29723 -0.671831 0)
(2.30841 -0.670702 0)
(2.32328 -0.668977 0)
(2.33706 -0.66569 0)
(2.34694 -0.667128 0)
(2.35712 -0.669958 0)
(2.36335 -0.671689 0)
(2.36305 -0.673165 0)
(2.36038 -0.676404 0)
(2.36657 -0.678114 0)
(2.37503 -0.677769 0)
(2.38436 -0.675109 0)
(2.39586 -0.671199 0)
(2.40558 -0.668517 0)
(2.41575 -0.670323 0)
(2.42556 -0.672671 0)
(2.43271 -0.674492 0)
(2.43391 -0.676754 0)
(2.42826 -0.679569 0)
(2.42876 -0.679922 0)
(2.19804 0.836386 0)
(2.21275 0.830872 0)
(2.2205 0.825382 0)
(2.22305 0.814339 0)
(2.21967 0.799245 0)
(2.21656 0.792872 0)
(2.2193 0.792247 0)
(2.228 0.787766 0)
(2.24272 0.775004 0)
(2.2619 0.761937 0)
(2.27777 0.751164 0)
(2.28895 0.745591 0)
(2.29733 0.746047 0)
(2.30418 0.749063 0)
(2.30946 0.749362 0)
(2.3096 0.736375 0)
(2.30001 0.711172 0)
(2.29836 0.683851 0)
(2.30754 0.664506 0)
(2.32318 0.659053 0)
(2.33583 0.659912 0)
(2.3477 0.662286 0)
(2.3589 0.663473 0)
(2.37145 0.663272 0)
(2.38498 0.659152 0)
(2.39732 0.650537 0)
(2.40347 0.633968 0)
(2.39394 0.607905 0)
(2.37778 0.582299 0)
(2.37928 0.573161 0)
(2.3879 0.574822 0)
(2.39905 0.573571 0)
(2.41343 0.569807 0)
(2.43015 0.562903 0)
(2.44055 0.557436 0)
(2.45442 0.553773 0)
(2.4652 0.552163 0)
(2.47345 0.549133 0)
(2.4754 0.537708 0)
(2.46272 0.511509 0)
(2.45088 0.486652 0)
(2.45807 0.480758 0)
(2.46938 0.476805 0)
(2.48217 0.473256 0)
(2.49331 0.471824 0)
(2.5037 0.471213 0)
(2.5133 0.469865 0)
(2.52237 0.467238 0)
(2.53123 0.462207 0)
(2.53737 0.452202 0)
(2.53374 0.432345 0)
(2.51975 0.413974 0)
(2.51711 0.401945 0)
(2.52881 0.399587 0)
(2.53836 0.398427 0)
(2.54961 0.392736 0)
(2.55796 0.38666 0)
(2.56762 0.380992 0)
(2.57573 0.374748 0)
(2.58248 0.3671 0)
(2.58409 0.354772 0)
(2.58044 0.336491 0)
(2.57724 0.323506 0)
(2.56784 0.300498 0)
(2.51318 0.193071 0)
(2.44725 0.0304479 0)
(2.30095 -0.211082 0)
(2.21933 -0.341191 0)
(2.21761 -0.337937 0)
(2.21357 -0.340197 0)
(2.21274 -0.350621 0)
(2.22578 -0.350517 0)
(2.23895 -0.348343 0)
(2.24915 -0.3486 0)
(2.25446 -0.349657 0)
(2.25584 -0.352271 0)
(2.25488 -0.360278 0)
(2.25969 -0.3718 0)
(2.27068 -0.377618 0)
(2.28235 -0.38112 0)
(2.29553 -0.383291 0)
(2.30705 -0.383839 0)
(2.31801 -0.383662 0)
(2.32733 -0.382685 0)
(2.33082 -0.385724 0)
(2.32698 -0.397068 0)
(2.32842 -0.407097 0)
(2.33817 -0.409635 0)
(2.34787 -0.41054 0)
(2.3591 -0.409389 0)
(2.37131 -0.405861 0)
(2.3813 -0.405382 0)
(2.39111 -0.406567 0)
(2.39988 -0.408078 0)
(2.40474 -0.411928 0)
(2.40226 -0.422528 0)
(2.39397 -0.438164 0)
(2.38867 -0.444603 0)
(2.37603 -0.465385 0)
(2.35455 -0.504166 0)
(2.31371 -0.582281 0)
(2.30435 -0.618727 0)
(2.2994 -0.628335 0)
(2.2933 -0.637658 0)
(2.28859 -0.644381 0)
(2.28759 -0.646121 0)
(2.28595 -0.652066 0)
(2.28815 -0.657517 0)
(2.29869 -0.65837 0)
(2.30799 -0.657145 0)
(2.32011 -0.652819 0)
(2.33461 -0.650271 0)
(2.34478 -0.651765 0)
(2.35408 -0.654198 0)
(2.36169 -0.655259 0)
(2.36505 -0.657416 0)
(2.36274 -0.663845 0)
(2.36581 -0.667047 0)
(2.37399 -0.666089 0)
(2.38252 -0.663315 0)
(2.39272 -0.657758 0)
(2.40187 -0.652088 0)
(2.41221 -0.653526 0)
(2.42225 -0.656105 0)
(2.43062 -0.658128 0)
(2.4349 -0.660674 0)
(2.43183 -0.664951 0)
(2.42967 -0.667795 0)
(2.43641 -0.666633 0)
(2.20442 0.8382 0)
(2.21616 0.838281 0)
(2.21959 0.836467 0)
(2.21588 0.828633 0)
(2.21369 0.810543 0)
(2.21446 0.801157 0)
(2.21969 0.798451 0)
(2.2302 0.791172 0)
(2.24699 0.780881 0)
(2.26406 0.771787 0)
(2.2782 0.76448 0)
(2.28886 0.76112 0)
(2.29688 0.761419 0)
(2.30241 0.76141 0)
(2.30249 0.752407 0)
(2.29406 0.728368 0)
(2.28911 0.702777 0)
(2.29748 0.687015 0)
(2.31227 0.676906 0)
(2.3276 0.675292 0)
(2.3406 0.677359 0)
(2.3521 0.679258 0)
(2.36401 0.679906 0)
(2.37686 0.677529 0)
(2.38866 0.670448 0)
(2.39535 0.655087 0)
(2.38843 0.628912 0)
(2.37155 0.601082 0)
(2.37084 0.589534 0)
(2.37907 0.591027 0)
(2.38969 0.590273 0)
(2.40345 0.586984 0)
(2.42134 0.581386 0)
(2.43289 0.575374 0)
(2.44622 0.571632 0)
(2.45757 0.569942 0)
(2.46595 0.568071 0)
(2.46933 0.559284 0)
(2.45877 0.534811 0)
(2.44264 0.505573 0)
(2.4473 0.496606 0)
(2.45916 0.493121 0)
(2.47236 0.48887 0)
(2.48456 0.488355 0)
(2.49498 0.487678 0)
(2.5047 0.486452 0)
(2.51286 0.485084 0)
(2.52122 0.48265 0)
(2.52986 0.475034 0)
(2.53206 0.456205 0)
(2.5205 0.43165 0)
(2.51138 0.419338 0)
(2.51863 0.413731 0)
(2.52962 0.413653 0)
(2.54003 0.410894 0)
(2.55108 0.403665 0)
(2.55883 0.400216 0)
(2.56876 0.39444 0)
(2.57676 0.386399 0)
(2.57894 0.376044 0)
(2.57461 0.35419 0)
(2.56812 0.332671 0)
(2.53671 0.278709 0)
(2.47372 0.12272 0)
(2.32294 -0.146664 0)
(2.28488 -0.212835 0)
(2.23931 -0.27063 0)
(2.22011 -0.322443 0)
(2.20293 -0.342851 0)
(2.20825 -0.343439 0)
(2.21905 -0.336426 0)
(2.22933 -0.326945 0)
(2.24008 -0.326679 0)
(2.24993 -0.331435 0)
(2.25553 -0.340331 0)
(2.25665 -0.350544 0)
(2.2587 -0.356569 0)
(2.26777 -0.358214 0)
(2.27894 -0.359855 0)
(2.29087 -0.362383 0)
(2.30382 -0.366612 0)
(2.31429 -0.370919 0)
(2.32376 -0.37409 0)
(2.33174 -0.377349 0)
(2.33253 -0.38111 0)
(2.32842 -0.38462 0)
(2.33565 -0.385883 0)
(2.34593 -0.387148 0)
(2.35669 -0.389294 0)
(2.36888 -0.391734 0)
(2.38028 -0.392815 0)
(2.39058 -0.393566 0)
(2.39939 -0.393665 0)
(2.40443 -0.394871 0)
(2.40384 -0.401379 0)
(2.39418 -0.419888 0)
(2.3862 -0.430688 0)
(2.37021 -0.454504 0)
(2.3401 -0.501904 0)
(2.30569 -0.564121 0)
(2.30307 -0.592094 0)
(2.29031 -0.626619 0)
(2.28456 -0.636924 0)
(2.28768 -0.633602 0)
(2.29247 -0.629 0)
(2.29577 -0.636742 0)
(2.29458 -0.645579 0)
(2.2968 -0.642367 0)
(2.30603 -0.636552 0)
(2.31741 -0.634815 0)
(2.33077 -0.636143 0)
(2.34208 -0.637227 0)
(2.35161 -0.639176 0)
(2.35955 -0.640866 0)
(2.3653 -0.644426 0)
(2.3669 -0.649596 0)
(2.3661 -0.651475 0)
(2.37205 -0.649756 0)
(2.38035 -0.647581 0)
(2.38926 -0.643372 0)
(2.39914 -0.63724 0)
(2.40826 -0.636702 0)
(2.41871 -0.638955 0)
(2.42765 -0.641619 0)
(2.43422 -0.645236 0)
(2.43565 -0.650213 0)
(2.43173 -0.653938 0)
(2.43597 -0.653511 0)
(2.44411 -0.651651 0)
(2.2063 0.845934 0)
(2.2139 0.851275 0)
(2.21371 0.852239 0)
(2.20821 0.839673 0)
(2.21177 0.817663 0)
(2.21606 0.808801 0)
(2.22299 0.806601 0)
(2.2338 0.799477 0)
(2.24971 0.791019 0)
(2.26516 0.782373 0)
(2.27815 0.775961 0)
(2.28827 0.773101 0)
(2.29499 0.77162 0)
(2.29598 0.76517 0)
(2.28807 0.74714 0)
(2.28151 0.720686 0)
(2.28907 0.708435 0)
(2.30131 0.699352 0)
(2.31786 0.691232 0)
(2.33284 0.691896 0)
(2.34476 0.69417 0)
(2.35621 0.695754 0)
(2.36868 0.694903 0)
(2.38025 0.689795 0)
(2.38731 0.676858 0)
(2.38264 0.651315 0)
(2.36577 0.621009 0)
(2.36284 0.605958 0)
(2.37084 0.607063 0)
(2.38071 0.607147 0)
(2.39367 0.603988 0)
(2.41012 0.599243 0)
(2.42547 0.592999 0)
(2.43728 0.589325 0)
(2.44959 0.587222 0)
(2.45853 0.585808 0)
(2.46314 0.579988 0)
(2.45543 0.558506 0)
(2.43617 0.528118 0)
(2.43655 0.511781 0)
(2.44852 0.50829 0)
(2.46211 0.504928 0)
(2.47482 0.504108 0)
(2.4861 0.504185 0)
(2.49603 0.503574 0)
(2.5044 0.502222 0)
(2.51194 0.500814 0)
(2.52122 0.495861 0)
(2.52744 0.481263 0)
(2.52005 0.455141 0)
(2.50739 0.435558 0)
(2.50909 0.430204 0)
(2.51917 0.427223 0)
(2.53011 0.42611 0)
(2.54135 0.421729 0)
(2.55037 0.415905 0)
(2.55971 0.411861 0)
(2.5684 0.407067 0)
(2.57335 0.401803 0)
(2.56815 0.367285 0)
(2.5504 0.325471 0)
(2.4959 0.218965 0)
(2.36552 -0.00178913 0)
(2.32411 -0.126997 0)
(2.24632 -0.24636 0)
(2.19649 -0.307272 0)
(2.18777 -0.326875 0)
(2.19653 -0.332064 0)
(2.205 -0.328862 0)
(2.21497 -0.32121 0)
(2.22844 -0.319097 0)
(2.24152 -0.323191 0)
(2.25239 -0.328932 0)
(2.25928 -0.333499 0)
(2.25945 -0.335767 0)
(2.25642 -0.338061 0)
(2.26492 -0.341684 0)
(2.27659 -0.343896 0)
(2.28908 -0.347562 0)
(2.30261 -0.353061 0)
(2.31368 -0.355834 0)
(2.3233 -0.357321 0)
(2.33147 -0.359344 0)
(2.33597 -0.362417 0)
(2.33355 -0.36894 0)
(2.3358 -0.375022 0)
(2.34536 -0.37645 0)
(2.35575 -0.377218 0)
(2.36684 -0.377239 0)
(2.37776 -0.376687 0)
(2.38808 -0.376822 0)
(2.39749 -0.376978 0)
(2.4045 -0.377326 0)
(2.40615 -0.383274 0)
(2.39503 -0.404118 0)
(2.38329 -0.421981 0)
(2.36239 -0.448665 0)
(2.33484 -0.489342 0)
(2.2963 -0.551052 0)
(2.28397 -0.591538 0)
(2.28471 -0.614987 0)
(2.28484 -0.617671 0)
(2.28596 -0.616736 0)
(2.29119 -0.615358 0)
(2.29789 -0.62026 0)
(2.29933 -0.626071 0)
(2.29767 -0.625071 0)
(2.3059 -0.624619 0)
(2.31592 -0.625352 0)
(2.3279 -0.62485 0)
(2.33898 -0.624246 0)
(2.34873 -0.625942 0)
(2.35714 -0.626616 0)
(2.36337 -0.627209 0)
(2.36673 -0.629808 0)
(2.36667 -0.634999 0)
(2.37104 -0.638424 0)
(2.37922 -0.63803 0)
(2.38765 -0.633811 0)
(2.39698 -0.62554 0)
(2.40555 -0.621939 0)
(2.41581 -0.622752 0)
(2.42481 -0.624339 0)
(2.43126 -0.62674 0)
(2.43391 -0.630691 0)
(2.43141 -0.635739 0)
(2.43488 -0.639299 0)
(2.44265 -0.639823 0)
(2.45143 -0.637477 0)
(2.20505 0.862691 0)
(2.2073 0.870455 0)
(2.20338 0.865934 0)
(2.20311 0.84475 0)
(2.21267 0.825014 0)
(2.21905 0.817821 0)
(2.22712 0.817213 0)
(2.23711 0.811047 0)
(2.25186 0.801711 0)
(2.26574 0.791775 0)
(2.27772 0.784636 0)
(2.28681 0.780805 0)
(2.28995 0.775707 0)
(2.28372 0.762954 0)
(2.27423 0.741224 0)
(2.28008 0.727008 0)
(2.29352 0.722487 0)
(2.30777 0.71119 0)
(2.32387 0.706272 0)
(2.33655 0.707908 0)
(2.3477 0.709844 0)
(2.35963 0.71015 0)
(2.37146 0.707078 0)
(2.37908 0.697709 0)
(2.37676 0.674527 0)
(2.36086 0.642971 0)
(2.35482 0.623252 0)
(2.36288 0.622803 0)
(2.37261 0.623483 0)
(2.38451 0.620592 0)
(2.39914 0.616388 0)
(2.41654 0.610452 0)
(2.42792 0.606504 0)
(2.44067 0.604474 0)
(2.45031 0.603125 0)
(2.45597 0.598956 0)
(2.45077 0.581843 0)
(2.43202 0.550449 0)
(2.42815 0.53077 0)
(2.43733 0.525583 0)
(2.45083 0.520854 0)
(2.46508 0.519522 0)
(2.47679 0.519714 0)
(2.48754 0.519986 0)
(2.4961 0.519442 0)
(2.50381 0.518014 0)
(2.51244 0.51446 0)
(2.52049 0.504761 0)
(2.51807 0.480861 0)
(2.50316 0.454593 0)
(2.50191 0.444779 0)
(2.5091 0.442548 0)
(2.51965 0.440548 0)
(2.5308 0.438713 0)
(2.54122 0.434158 0)
(2.55 0.430054 0)
(2.55782 0.425746 0)
(2.56668 0.42199 0)
(2.55274 0.376435 0)
(2.52166 0.298738 0)
(2.40597 0.111434 0)
(2.33979 -0.0465205 0)
(2.24421 -0.219699 0)
(2.18532 -0.295701 0)
(2.18137 -0.306929 0)
(2.18458 -0.310385 0)
(2.19053 -0.311801 0)
(2.20241 -0.310346 0)
(2.21523 -0.305899 0)
(2.22987 -0.300423 0)
(2.24263 -0.301769 0)
(2.25361 -0.304647 0)
(2.26498 -0.308261 0)
(2.2702 -0.314151 0)
(2.26432 -0.322736 0)
(2.26382 -0.328631 0)
(2.27516 -0.330094 0)
(2.28664 -0.331361 0)
(2.2989 -0.332885 0)
(2.31039 -0.334472 0)
(2.32096 -0.336724 0)
(2.33063 -0.339821 0)
(2.33806 -0.344758 0)
(2.33996 -0.350691 0)
(2.33727 -0.355529 0)
(2.34324 -0.357819 0)
(2.35291 -0.358566 0)
(2.36331 -0.359374 0)
(2.37424 -0.360188 0)
(2.38475 -0.361506 0)
(2.3948 -0.36263 0)
(2.4026 -0.363681 0)
(2.40593 -0.36817 0)
(2.39952 -0.382606 0)
(2.38006 -0.408869 0)
(2.35798 -0.437412 0)
(2.3285 -0.477097 0)
(2.27925 -0.554626 0)
(2.26836 -0.59119 0)
(2.2777 -0.586204 0)
(2.28406 -0.595763 0)
(2.2869 -0.597964 0)
(2.29104 -0.598889 0)
(2.29485 -0.600877 0)
(2.29714 -0.609179 0)
(2.29983 -0.618415 0)
(2.30735 -0.619991 0)
(2.31747 -0.617339 0)
(2.32786 -0.611233 0)
(2.33784 -0.608513 0)
(2.34694 -0.609978 0)
(2.35469 -0.610523 0)
(2.36079 -0.610102 0)
(2.36494 -0.612122 0)
(2.3663 -0.618874 0)
(2.36971 -0.624329 0)
(2.37771 -0.624402 0)
(2.38571 -0.621391 0)
(2.39534 -0.614435 0)
(2.40344 -0.609381 0)
(2.41347 -0.608654 0)
(2.42316 -0.608305 0)
(2.43033 -0.608561 0)
(2.43411 -0.611555 0)
(2.4328 -0.618377 0)
(2.43283 -0.623781 0)
(2.44033 -0.624083 0)
(2.4485 -0.623191 0)
(2.45854 -0.622019 0)
(2.19763 0.884543 0)
(2.1924 0.886436 0)
(2.19287 0.870385 0)
(2.20347 0.851587 0)
(2.21511 0.831074 0)
(2.22315 0.825777 0)
(2.23057 0.828175 0)
(2.239 0.822724 0)
(2.25274 0.811474 0)
(2.26568 0.799041 0)
(2.2766 0.790729 0)
(2.28311 0.785309 0)
(2.28071 0.776608 0)
(2.26996 0.760474 0)
(2.27088 0.745836 0)
(2.28249 0.743255 0)
(2.30125 0.732677 0)
(2.31527 0.723433 0)
(2.3276 0.721945 0)
(2.33828 0.723042 0)
(2.3492 0.723456 0)
(2.36089 0.721658 0)
(2.37024 0.715216 0)
(2.37 0.697593 0)
(2.35602 0.667607 0)
(2.34818 0.643669 0)
(2.35415 0.639794 0)
(2.36421 0.64006 0)
(2.37593 0.63709 0)
(2.38925 0.63305 0)
(2.40622 0.627609 0)
(2.41872 0.622593 0)
(2.43127 0.620666 0)
(2.44177 0.619934 0)
(2.4481 0.616964 0)
(2.44486 0.602616 0)
(2.42672 0.573835 0)
(2.4209 0.549715 0)
(2.42846 0.544869 0)
(2.43901 0.539334 0)
(2.45544 0.535045 0)
(2.46778 0.535197 0)
(2.47896 0.535812 0)
(2.48823 0.535896 0)
(2.4954 0.535406 0)
(2.50421 0.532824 0)
(2.51327 0.524079 0)
(2.51369 0.504365 0)
(2.49971 0.477819 0)
(2.49373 0.461031 0)
(2.50099 0.458236 0)
(2.51009 0.456607 0)
(2.52149 0.454593 0)
(2.53153 0.452705 0)
(2.54161 0.448603 0)
(2.54992 0.446308 0)
(2.54794 0.42942 0)
(2.52983 0.365218 0)
(2.45954 0.221232 0)
(2.36903 0.0501407 0)
(2.21691 -0.194421 0)
(2.20416 -0.242294 0)
(2.20275 -0.247133 0)
(2.19405 -0.250541 0)
(2.19457 -0.265215 0)
(2.20056 -0.277592 0)
(2.20452 -0.285984 0)
(2.21101 -0.282406 0)
(2.22334 -0.277319 0)
(2.23802 -0.276143 0)
(2.25157 -0.28081 0)
(2.26383 -0.290731 0)
(2.27318 -0.298689 0)
(2.27562 -0.304728 0)
(2.27033 -0.308895 0)
(2.2722 -0.310683 0)
(2.28324 -0.312457 0)
(2.2954 -0.314609 0)
(2.30749 -0.318398 0)
(2.31825 -0.322206 0)
(2.32778 -0.324053 0)
(2.33614 -0.325694 0)
(2.34157 -0.327902 0)
(2.34109 -0.332966 0)
(2.34138 -0.34042 0)
(2.35057 -0.344151 0)
(2.36038 -0.345394 0)
(2.37077 -0.346354 0)
(2.38137 -0.346653 0)
(2.39106 -0.346837 0)
(2.39875 -0.347123 0)
(2.40299 -0.350105 0)
(2.39788 -0.365837 0)
(2.37905 -0.398201 0)
(2.35478 -0.433462 0)
(2.31244 -0.484997 0)
(2.27247 -0.548673 0)
(2.27084 -0.559345 0)
(2.27224 -0.577192 0)
(2.27394 -0.589323 0)
(2.28037 -0.586375 0)
(2.28733 -0.581462 0)
(2.29324 -0.584591 0)
(2.2978 -0.591899 0)
(2.29994 -0.599189 0)
(2.30753 -0.602607 0)
(2.3163 -0.601082 0)
(2.32733 -0.596699 0)
(2.33779 -0.597065 0)
(2.34766 -0.598848 0)
(2.35572 -0.59814 0)
(2.36105 -0.596269 0)
(2.36478 -0.597461 0)
(2.3664 -0.602626 0)
(2.36777 -0.608227 0)
(2.37541 -0.609941 0)
(2.38336 -0.609098 0)
(2.39287 -0.604521 0)
(2.40237 -0.597908 0)
(2.41139 -0.595766 0)
(2.42132 -0.595089 0)
(2.42979 -0.594083 0)
(2.43495 -0.593932 0)
(2.43347 -0.597716 0)
(2.43017 -0.603979 0)
(2.43653 -0.606481 0)
(2.44442 -0.606702 0)
(2.45386 -0.606331 0)
(2.46499 -0.606304 0)
(2.19405 0.897131 0)
(2.18078 0.892459 0)
(2.18789 0.874677 0)
(2.20698 0.853169 0)
(2.21739 0.832355 0)
(2.226 0.833117 0)
(2.23143 0.83788 0)
(2.24008 0.831421 0)
(2.25378 0.817679 0)
(2.26556 0.803465 0)
(2.27426 0.795391 0)
(2.27607 0.788664 0)
(2.26848 0.777591 0)
(2.26338 0.76405 0)
(2.27283 0.762116 0)
(2.29046 0.754304 0)
(2.30637 0.742597 0)
(2.31863 0.737711 0)
(2.32777 0.737527 0)
(2.33716 0.737489 0)
(2.3481 0.735501 0)
(2.35851 0.730153 0)
(2.36202 0.716634 0)
(2.3517 0.69124 0)
(2.34226 0.665133 0)
(2.34668 0.657801 0)
(2.35555 0.658363 0)
(2.36698 0.654468 0)
(2.37994 0.649942 0)
(2.39493 0.645321 0)
(2.40961 0.638986 0)
(2.42112 0.636163 0)
(2.43258 0.6352 0)
(2.44001 0.633569 0)
(2.43819 0.621927 0)
(2.42086 0.595777 0)
(2.41253 0.569628 0)
(2.41947 0.563041 0)
(2.43015 0.558829 0)
(2.44441 0.551798 0)
(2.45926 0.551416 0)
(2.47035 0.552048 0)
(2.48093 0.552594 0)
(2.48734 0.552308 0)
(2.49556 0.551133 0)
(2.50536 0.544676 0)
(2.50927 0.526052 0)
(2.49723 0.497686 0)
(2.48747 0.477315 0)
(2.49277 0.474495 0)
(2.50133 0.473504 0)
(2.51289 0.471211 0)
(2.52336 0.470029 0)
(2.53308 0.468286 0)
(2.53987 0.463274 0)
(2.53383 0.431622 0)
(2.4875 0.314895 0)
(2.39056 0.127829 0)
(2.24744 -0.100076 0)
(2.21426 -0.168185 0)
(2.18423 -0.257524 0)
(2.18144 -0.272825 0)
(2.1865 -0.262121 0)
(2.1973 -0.253462 0)
(2.20569 -0.255221 0)
(2.20771 -0.260043 0)
(2.21277 -0.265993 0)
(2.22142 -0.268986 0)
(2.23366 -0.273858 0)
(2.24746 -0.277607 0)
(2.26186 -0.280269 0)
(2.27321 -0.283041 0)
(2.27881 -0.286701 0)
(2.27727 -0.292894 0)
(2.2764 -0.300423 0)
(2.28324 -0.304517 0)
(2.29386 -0.30612 0)
(2.30544 -0.306692 0)
(2.31621 -0.306732 0)
(2.32557 -0.307193 0)
(2.33397 -0.308642 0)
(2.34123 -0.311407 0)
(2.34552 -0.316801 0)
(2.34518 -0.324386 0)
(2.34839 -0.328377 0)
(2.3571 -0.329146 0)
(2.36683 -0.329458 0)
(2.37686 -0.32987 0)
(2.38683 -0.331201 0)
(2.39549 -0.333201 0)
(2.40033 -0.336757 0)
(2.3963 -0.349337 0)
(2.37936 -0.380858 0)
(2.34839 -0.428333 0)
(2.3123 -0.472849 0)
(2.27266 -0.528274 0)
(2.26251 -0.556888 0)
(2.26415 -0.576308 0)
(2.27383 -0.575278 0)
(2.27868 -0.573086 0)
(2.28681 -0.569885 0)
(2.29528 -0.570478 0)
(2.29985 -0.575367 0)
(2.29939 -0.579037 0)
(2.30342 -0.581416 0)
(2.31325 -0.582827 0)
(2.3237 -0.5842 0)
(2.33653 -0.584556 0)
(2.34651 -0.584306 0)
(2.35531 -0.583801 0)
(2.36205 -0.582067 0)
(2.36605 -0.581235 0)
(2.3663 -0.584379 0)
(2.36545 -0.591093 0)
(2.37232 -0.595169 0)
(2.38032 -0.595801 0)
(2.38879 -0.593687 0)
(2.40005 -0.588343 0)
(2.40918 -0.583789 0)
(2.41968 -0.58282 0)
(2.42932 -0.582447 0)
(2.43641 -0.581813 0)
(2.43748 -0.582103 0)
(2.4315 -0.585125 0)
(2.43328 -0.588121 0)
(2.44089 -0.58886 0)
(2.44934 -0.589179 0)
(2.45967 -0.589409 0)
(2.47151 -0.589474 0)
(2.20355 0.903936 0)
(2.18036 0.893287 0)
(2.18974 0.874586 0)
(2.20881 0.847015 0)
(2.21782 0.834952 0)
(2.22516 0.841783 0)
(2.22896 0.846819 0)
(2.2408 0.83802 0)
(2.25496 0.820938 0)
(2.26503 0.806148 0)
(2.27038 0.7997 0)
(2.26656 0.793747 0)
(2.25894 0.782387 0)
(2.26473 0.77948 0)
(2.27924 0.774605 0)
(2.29685 0.761103 0)
(2.31008 0.752176 0)
(2.31884 0.750698 0)
(2.32557 0.751378 0)
(2.33457 0.749622 0)
(2.34495 0.744228 0)
(2.35147 0.733053 0)
(2.34681 0.712541 0)
(2.33662 0.686753 0)
(2.33972 0.675435 0)
(2.34781 0.676586 0)
(2.35766 0.674232 0)
(2.37036 0.667309 0)
(2.38386 0.663206 0)
(2.39974 0.656765 0)
(2.41073 0.651572 0)
(2.4222 0.649815 0)
(2.43085 0.648317 0)
(2.431 0.639567 0)
(2.41546 0.616845 0)
(2.4035 0.589164 0)
(2.41056 0.57935 0)
(2.42178 0.577346 0)
(2.43383 0.570278 0)
(2.45021 0.567484 0)
(2.4623 0.568762 0)
(2.47298 0.569641 0)
(2.48083 0.569417 0)
(2.48753 0.568887 0)
(2.49688 0.564486 0)
(2.50321 0.548259 0)
(2.49496 0.519573 0)
(2.4819 0.494273 0)
(2.48527 0.488948 0)
(2.49349 0.488968 0)
(2.50469 0.487965 0)
(2.51461 0.486082 0)
(2.5249 0.486975 0)
(2.52694 0.473983 0)
(2.50122 0.399712 0)
(2.40349 0.206044 0)
(2.33536 0.0480235 0)
(2.22525 -0.128133 0)
(2.16495 -0.236101 0)
(2.16055 -0.239886 0)
(2.18281 -0.231131 0)
(2.18937 -0.230702 0)
(2.20181 -0.232932 0)
(2.21293 -0.238245 0)
(2.21423 -0.249385 0)
(2.21617 -0.261478 0)
(2.22501 -0.262675 0)
(2.23484 -0.261015 0)
(2.24663 -0.259018 0)
(2.25814 -0.260612 0)
(2.27109 -0.26485 0)
(2.28096 -0.269902 0)
(2.28344 -0.276639 0)
(2.27906 -0.283893 0)
(2.28235 -0.286341 0)
(2.29142 -0.286801 0)
(2.30191 -0.288028 0)
(2.3131 -0.290008 0)
(2.32362 -0.291733 0)
(2.33284 -0.29277 0)
(2.34043 -0.293616 0)
(2.34545 -0.295318 0)
(2.3458 -0.299287 0)
(2.34576 -0.306158 0)
(2.35348 -0.310512 0)
(2.36317 -0.312109 0)
(2.37316 -0.313427 0)
(2.38325 -0.315196 0)
(2.39186 -0.317983 0)
(2.39641 -0.322289 0)
(2.39273 -0.334642 0)
(2.37504 -0.369981 0)
(2.34179 -0.420602 0)
(2.31206 -0.460662 0)
(2.25959 -0.529794 0)
(2.25277 -0.563886 0)
(2.26229 -0.562968 0)
(2.27447 -0.553498 0)
(2.2805 -0.551606 0)
(2.28827 -0.552182 0)
(2.29645 -0.554279 0)
(2.30116 -0.556858 0)
(2.29891 -0.562537 0)
(2.30129 -0.570219 0)
(2.31167 -0.572892 0)
(2.32172 -0.572627 0)
(2.33324 -0.569638 0)
(2.34458 -0.566647 0)
(2.3533 -0.567052 0)
(2.36144 -0.567316 0)
(2.36771 -0.566659 0)
(2.37025 -0.567998 0)
(2.36732 -0.573732 0)
(2.36848 -0.578489 0)
(2.37704 -0.57941 0)
(2.38527 -0.579109 0)
(2.39473 -0.577365 0)
(2.40676 -0.573911 0)
(2.41647 -0.571886 0)
(2.42739 -0.572095 0)
(2.43722 -0.572237 0)
(2.44298 -0.572221 0)
(2.43946 -0.573203 0)
(2.43302 -0.573802 0)
(2.4385 -0.572498 0)
(2.44691 -0.572152 0)
(2.45581 -0.572171 0)
(2.46596 -0.57203 0)
(2.477 -0.571692 0)
(2.24797 0.881365 0)
(2.20316 0.885738 0)
(2.20018 0.862616 0)
(2.21061 0.851082 0)
(2.2175 0.845287 0)
(2.22156 0.85317 0)
(2.22624 0.855316 0)
(2.24198 0.842282 0)
(2.25525 0.822727 0)
(2.26285 0.809727 0)
(2.26449 0.806339 0)
(2.25868 0.802064 0)
(2.25907 0.795205 0)
(2.26979 0.792801 0)
(2.28666 0.779837 0)
(2.29967 0.768429 0)
(2.30918 0.764158 0)
(2.31467 0.764642 0)
(2.3212 0.763653 0)
(2.33046 0.758027 0)
(2.33873 0.747171 0)
(2.33964 0.730325 0)
(2.33225 0.707614 0)
(2.3333 0.693097 0)
(2.34115 0.69363 0)
(2.34954 0.693818 0)
(2.35975 0.686701 0)
(2.37356 0.680564 0)
(2.38828 0.675322 0)
(2.40077 0.667993 0)
(2.4113 0.66397 0)
(2.42045 0.661803 0)
(2.42306 0.654634 0)
(2.41027 0.637214 0)
(2.39541 0.609232 0)
(2.40137 0.594844 0)
(2.41155 0.594282 0)
(2.42612 0.588561 0)
(2.44054 0.583039 0)
(2.45404 0.584448 0)
(2.46503 0.586323 0)
(2.4744 0.586809 0)
(2.48071 0.586411 0)
(2.48903 0.583526 0)
(2.49599 0.570157 0)
(2.4909 0.542134 0)
(2.47719 0.513046 0)
(2.47842 0.503203 0)
(2.48569 0.50392 0)
(2.49631 0.502946 0)
(2.50659 0.505481 0)
(2.513 0.499381 0)
(2.50512 0.460345 0)
(2.4406 0.314555 0)
(2.34688 0.125682 0)
(2.23976 -0.0682174 0)
(2.15468 -0.184063 0)
(2.14979 -0.250895 0)
(2.16221 -0.257078 0)
(2.17885 -0.237106 0)
(2.19447 -0.218245 0)
(2.20305 -0.212029 0)
(2.21388 -0.213866 0)
(2.21885 -0.228573 0)
(2.21577 -0.245187 0)
(2.22299 -0.249123 0)
(2.23362 -0.248352 0)
(2.24668 -0.245144 0)
(2.26 -0.243028 0)
(2.27005 -0.24426 0)
(2.28022 -0.247187 0)
(2.28561 -0.252647 0)
(2.28163 -0.260976 0)
(2.27882 -0.26913 0)
(2.28856 -0.272106 0)
(2.29917 -0.273769 0)
(2.31019 -0.275365 0)
(2.32106 -0.27638 0)
(2.33098 -0.276024 0)
(2.33954 -0.27552 0)
(2.34667 -0.276873 0)
(2.35004 -0.282165 0)
(2.34859 -0.291207 0)
(2.3516 -0.29656 0)
(2.36069 -0.297307 0)
(2.37045 -0.297323 0)
(2.3801 -0.298648 0)
(2.38918 -0.300921 0)
(2.39313 -0.305623 0)
(2.38969 -0.320273 0)
(2.36775 -0.360133 0)
(2.34007 -0.406514 0)
(2.29325 -0.462294 0)
(2.25012 -0.530365 0)
(2.25123 -0.538748 0)
(2.26292 -0.542159 0)
(2.27456 -0.540319 0)
(2.28235 -0.538868 0)
(2.29172 -0.534337 0)
(2.29885 -0.535673 0)
(2.3018 -0.542443 0)
(2.30062 -0.549988 0)
(2.3006 -0.557732 0)
(2.30812 -0.558206 0)
(2.3181 -0.556276 0)
(2.33007 -0.555423 0)
(2.34337 -0.554093 0)
(2.3528 -0.552665 0)
(2.36125 -0.551899 0)
(2.36839 -0.550479 0)
(2.37317 -0.550883 0)
(2.37172 -0.555225 0)
(2.36715 -0.5619 0)
(2.37284 -0.563594 0)
(2.38127 -0.563105 0)
(2.39023 -0.561769 0)
(2.4008 -0.560141 0)
(2.41341 -0.558325 0)
(2.42278 -0.558082 0)
(2.43358 -0.559905 0)
(2.44335 -0.561521 0)
(2.44772 -0.562882 0)
(2.4413 -0.563854 0)
(2.43804 -0.561957 0)
(2.44497 -0.55883 0)
(2.45371 -0.5567 0)
(2.4631 -0.555887 0)
(2.47235 -0.554735 0)
(2.48073 -0.554552 0)
(2.38216 0.754175 0)
(2.26317 0.862995 0)
(2.22932 0.841588 0)
(2.21401 0.859245 0)
(2.21314 0.864279 0)
(2.2136 0.869853 0)
(2.22242 0.865871 0)
(2.24239 0.84601 0)
(2.25432 0.824228 0)
(2.2592 0.814989 0)
(2.2588 0.817428 0)
(2.25592 0.817155 0)
(2.26158 0.812102 0)
(2.27625 0.801252 0)
(2.28909 0.785689 0)
(2.29887 0.77839 0)
(2.30531 0.777166 0)
(2.31039 0.776402 0)
(2.31768 0.771817 0)
(2.32557 0.761853 0)
(2.33004 0.745568 0)
(2.32782 0.725405 0)
(2.32697 0.710794 0)
(2.33524 0.70964 0)
(2.34304 0.71111 0)
(2.35055 0.708394 0)
(2.36192 0.699114 0)
(2.37627 0.693836 0)
(2.38994 0.686284 0)
(2.40054 0.678788 0)
(2.40941 0.674678 0)
(2.41377 0.668109 0)
(2.40545 0.653337 0)
(2.38883 0.630742 0)
(2.39136 0.611574 0)
(2.40206 0.609753 0)
(2.41617 0.606744 0)
(2.43126 0.599649 0)
(2.4457 0.599099 0)
(2.45734 0.601474 0)
(2.46746 0.60315 0)
(2.47433 0.603317 0)
(2.48206 0.601457 0)
(2.48879 0.590679 0)
(2.48503 0.564439 0)
(2.47203 0.533021 0)
(2.47122 0.519169 0)
(2.47899 0.519479 0)
(2.48692 0.518173 0)
(2.49693 0.521143 0)
(2.49808 0.502338 0)
(2.45107 0.394565 0)
(2.35295 0.184568 0)
(2.29701 0.0429459 0)
(2.19965 -0.100918 0)
(2.15698 -0.200789 0)
(2.14316 -0.20562 0)
(2.15441 -0.202112 0)
(2.17462 -0.193866 0)
(2.19466 -0.190531 0)
(2.20989 -0.192376 0)
(2.21782 -0.197358 0)
(2.21615 -0.207928 0)
(2.21104 -0.220357 0)
(2.21729 -0.226658 0)
(2.22869 -0.227524 0)
(2.24187 -0.22622 0)
(2.25759 -0.222953 0)
(2.26951 -0.222539 0)
(2.27981 -0.224148 0)
(2.28666 -0.228669 0)
(2.28519 -0.240637 0)
(2.27905 -0.255597 0)
(2.28489 -0.259462 0)
(2.29596 -0.259481 0)
(2.30683 -0.258886 0)
(2.31755 -0.257434 0)
(2.32732 -0.256657 0)
(2.33691 -0.257101 0)
(2.34599 -0.258765 0)
(2.35198 -0.263305 0)
(2.35146 -0.271265 0)
(2.34981 -0.278851 0)
(2.35777 -0.28093 0)
(2.36794 -0.281852 0)
(2.37762 -0.283201 0)
(2.38625 -0.286022 0)
(2.3909 -0.291986 0)
(2.38732 -0.307584 0)
(2.36507 -0.346166 0)
(2.33262 -0.401347 0)
(2.27941 -0.463455 0)
(2.25681 -0.499145 0)
(2.25078 -0.520057 0)
(2.26094 -0.535027 0)
(2.27278 -0.533258 0)
(2.28161 -0.528187 0)
(2.2905 -0.519575 0)
(2.29877 -0.519235 0)
(2.3051 -0.524922 0)
(2.30434 -0.535276 0)
(2.2996 -0.540464 0)
(2.30558 -0.539776 0)
(2.31542 -0.541178 0)
(2.32688 -0.543144 0)
(2.34047 -0.543135 0)
(2.35234 -0.539711 0)
(2.36109 -0.537472 0)
(2.36901 -0.536196 0)
(2.37523 -0.536198 0)
(2.37683 -0.538521 0)
(2.37029 -0.54303 0)
(2.36855 -0.545689 0)
(2.37662 -0.545589 0)
(2.38512 -0.54457 0)
(2.39516 -0.542738 0)
(2.40741 -0.541558 0)
(2.41956 -0.542461 0)
(2.42899 -0.545006 0)
(2.43904 -0.547724 0)
(2.44752 -0.550447 0)
(2.45047 -0.552936 0)
(2.44523 -0.554088 0)
(2.44618 -0.552415 0)
(2.45464 -0.549703 0)
(2.46327 -0.546094 0)
(2.47145 -0.542023 0)
(2.47899 -0.539824 0)
(2.48621 -0.53947 0)
(2.53314 0.592351 0)
(2.38421 0.748743 0)
(2.28234 0.813255 0)
(2.2251 0.853782 0)
(2.21255 0.878143 0)
(2.21294 0.879843 0)
(2.22307 0.871287 0)
(2.24 0.85041 0)
(2.24842 0.830592 0)
(2.25157 0.827549 0)
(2.25366 0.833185 0)
(2.25584 0.832224 0)
(2.26544 0.822847 0)
(2.27944 0.804781 0)
(2.28849 0.792082 0)
(2.29584 0.789643 0)
(2.30086 0.789585 0)
(2.30654 0.786239 0)
(2.31366 0.77734 0)
(2.31853 0.762417 0)
(2.321 0.742006 0)
(2.32244 0.727323 0)
(2.32939 0.724562 0)
(2.33808 0.726008 0)
(2.34491 0.727152 0)
(2.35112 0.721081 0)
(2.36434 0.712169 0)
(2.37804 0.70458 0)
(2.38971 0.694997 0)
(2.39894 0.687079 0)
(2.40385 0.680538 0)
(2.39956 0.668226 0)
(2.3849 0.64945 0)
(2.38233 0.632011 0)
(2.39288 0.625227 0)
(2.40561 0.622938 0)
(2.42116 0.617811 0)
(2.43645 0.613998 0)
(2.44935 0.615619 0)
(2.46026 0.618306 0)
(2.46743 0.619155 0)
(2.47509 0.618286 0)
(2.48163 0.609309 0)
(2.47884 0.585464 0)
(2.46536 0.552362 0)
(2.46476 0.536278 0)
(2.47174 0.534484 0)
(2.47737 0.535409 0)
(2.48199 0.526701 0)
(2.46174 0.4614 0)
(2.3882 0.290081 0)
(2.28033 0.088692 0)
(2.20899 -0.075009 0)
(2.14515 -0.155765 0)
(2.13638 -0.211004 0)
(2.14536 -0.221316 0)
(2.15805 -0.209269 0)
(2.1797 -0.183531 0)
(2.19176 -0.170953 0)
(2.20779 -0.172301 0)
(2.21916 -0.178171 0)
(2.21837 -0.191428 0)
(2.21087 -0.209686 0)
(2.21604 -0.2192 0)
(2.22693 -0.219396 0)
(2.23974 -0.214121 0)
(2.25421 -0.206662 0)
(2.2666 -0.205976 0)
(2.27874 -0.207988 0)
(2.28688 -0.212511 0)
(2.28644 -0.223054 0)
(2.2784 -0.236537 0)
(2.28035 -0.242954 0)
(2.29169 -0.243886 0)
(2.30291 -0.243802 0)
(2.31508 -0.242908 0)
(2.32623 -0.241107 0)
(2.33562 -0.240577 0)
(2.34465 -0.240566 0)
(2.35133 -0.242989 0)
(2.35255 -0.250933 0)
(2.3496 -0.263181 0)
(2.35593 -0.268227 0)
(2.36655 -0.269159 0)
(2.37618 -0.269889 0)
(2.38431 -0.271796 0)
(2.38838 -0.278286 0)
(2.38484 -0.294062 0)
(2.35692 -0.341438 0)
(2.31965 -0.398709 0)
(2.28922 -0.440381 0)
(2.24536 -0.491055 0)
(2.23847 -0.528797 0)
(2.25143 -0.528744 0)
(2.2705 -0.514667 0)
(2.27968 -0.508417 0)
(2.29033 -0.503868 0)
(2.29996 -0.50443 0)
(2.30678 -0.508962 0)
(2.30716 -0.514116 0)
(2.30023 -0.519731 0)
(2.30308 -0.526995 0)
(2.31348 -0.529552 0)
(2.32436 -0.530609 0)
(2.33659 -0.530456 0)
(2.34992 -0.528364 0)
(2.35995 -0.5259 0)
(2.36874 -0.524676 0)
(2.37638 -0.523228 0)
(2.38097 -0.522953 0)
(2.3785 -0.526113 0)
(2.37135 -0.531961 0)
(2.37526 -0.533293 0)
(2.38395 -0.532254 0)
(2.39343 -0.530615 0)
(2.40443 -0.528605 0)
(2.41586 -0.526141 0)
(2.42534 -0.527196 0)
(2.43481 -0.529753 0)
(2.44307 -0.532425 0)
(2.44954 -0.535846 0)
(2.45111 -0.540688 0)
(2.4492 -0.542849 0)
(2.45507 -0.539897 0)
(2.46357 -0.536774 0)
(2.47196 -0.534153 0)
(2.48 -0.531422 0)
(2.48728 -0.527919 0)
(2.49315 -0.524307 0)
(2.5976 0.509819 0)
(2.53442 0.581003 0)
(2.38362 0.726798 0)
(2.28341 0.818654 0)
(2.22078 0.874517 0)
(2.22011 0.878613 0)
(2.22438 0.874423 0)
(2.23495 0.85694 0)
(2.24098 0.840042 0)
(2.24509 0.840454 0)
(2.24999 0.844481 0)
(2.25497 0.840818 0)
(2.26709 0.827841 0)
(2.27855 0.808586 0)
(2.28607 0.799532 0)
(2.29232 0.800235 0)
(2.29786 0.79965 0)
(2.30378 0.793446 0)
(2.30905 0.779808 0)
(2.31131 0.760149 0)
(2.31839 0.744362 0)
(2.3247 0.737775 0)
(2.33334 0.737943 0)
(2.34117 0.74143 0)
(2.34538 0.742479 0)
(2.35196 0.733865 0)
(2.36606 0.723728 0)
(2.37794 0.712509 0)
(2.38814 0.700965 0)
(2.39426 0.691467 0)
(2.39298 0.680818 0)
(2.38131 0.66608 0)
(2.37659 0.651356 0)
(2.38391 0.643615 0)
(2.39615 0.639374 0)
(2.41079 0.635429 0)
(2.42628 0.630648 0)
(2.44039 0.629958 0)
(2.45256 0.632585 0)
(2.46008 0.63425 0)
(2.46743 0.634277 0)
(2.474 0.626877 0)
(2.47196 0.604622 0)
(2.45841 0.572287 0)
(2.45877 0.55243 0)
(2.46216 0.549356 0)
(2.46589 0.546728 0)
(2.45611 0.508555 0)
(2.38772 0.36316 0)
(2.28664 0.131897 0)
(2.25839 0.0350799 0)
(2.18717 -0.0627053 0)
(2.15659 -0.145505 0)
(2.13757 -0.167304 0)
(2.13826 -0.174383 0)
(2.15397 -0.170672 0)
(2.17101 -0.159178 0)
(2.19513 -0.152719 0)
(2.20707 -0.155279 0)
(2.21581 -0.162004 0)
(2.21605 -0.175323 0)
(2.2094 -0.189717 0)
(2.21031 -0.196625 0)
(2.22119 -0.197099 0)
(2.23342 -0.195808 0)
(2.25098 -0.191722 0)
(2.26344 -0.18972 0)
(2.27547 -0.191037 0)
(2.28482 -0.194741 0)
(2.28685 -0.204771 0)
(2.27893 -0.219321 0)
(2.27706 -0.2275 0)
(2.28737 -0.2279 0)
(2.29871 -0.226329 0)
(2.31144 -0.224229 0)
(2.32393 -0.221272 0)
(2.33364 -0.220131 0)
(2.34329 -0.220436 0)
(2.35106 -0.222507 0)
(2.3531 -0.230967 0)
(2.34839 -0.245075 0)
(2.35304 -0.252559 0)
(2.36357 -0.253431 0)
(2.37373 -0.253573 0)
(2.38077 -0.255838 0)
(2.3857 -0.264357 0)
(2.38115 -0.28351 0)
(2.34833 -0.335922 0)
(2.31837 -0.38506 0)
(2.27306 -0.43662 0)
(2.23254 -0.488621 0)
(2.23323 -0.509149 0)
(2.24546 -0.509055 0)
(2.26477 -0.501747 0)
(2.27804 -0.495375 0)
(2.29006 -0.490358 0)
(2.30124 -0.487107 0)
(2.30913 -0.489997 0)
(2.31118 -0.495839 0)
(2.30463 -0.505684 0)
(2.30143 -0.513366 0)
(2.30939 -0.512304 0)
(2.31999 -0.51186 0)
(2.33192 -0.513152 0)
(2.34527 -0.51413 0)
(2.35787 -0.512348 0)
(2.36661 -0.510178 0)
(2.37526 -0.508874 0)
(2.38285 -0.508616 0)
(2.38598 -0.510902 0)
(2.37976 -0.515681 0)
(2.37441 -0.517947 0)
(2.38182 -0.517293 0)
(2.39111 -0.516453 0)
(2.40139 -0.514411 0)
(2.41228 -0.510472 0)
(2.42185 -0.510288 0)
(2.43169 -0.511991 0)
(2.44038 -0.513784 0)
(2.44747 -0.516712 0)
(2.45171 -0.521083 0)
(2.45119 -0.525461 0)
(2.45345 -0.527057 0)
(2.46209 -0.526478 0)
(2.4713 -0.525272 0)
(2.48027 -0.523063 0)
(2.48813 -0.520175 0)
(2.49471 -0.516804 0)
(2.49983 -0.513193 0)
(2.61002 0.491131 0)
(2.60096 0.503276 0)
(2.52132 0.589159 0)
(2.39115 0.73061 0)
(2.28691 0.844459 0)
(2.22721 0.872938 0)
(2.22711 0.872313 0)
(2.22982 0.862829 0)
(2.23373 0.851795 0)
(2.23977 0.84778 0)
(2.24596 0.848164 0)
(2.25266 0.843833 0)
(2.26602 0.831392 0)
(2.27648 0.813748 0)
(2.28357 0.807521 0)
(2.29013 0.808224 0)
(2.29691 0.805751 0)
(2.30199 0.796081 0)
(2.30487 0.778285 0)
(2.31045 0.763508 0)
(2.32042 0.753411 0)
(2.32694 0.748349 0)
(2.3364 0.751381 0)
(2.34157 0.757235 0)
(2.34417 0.756308 0)
(2.35313 0.745209 0)
(2.36652 0.731373 0)
(2.37684 0.716995 0)
(2.38415 0.704268 0)
(2.38521 0.692124 0)
(2.37807 0.679919 0)
(2.37161 0.668653 0)
(2.37689 0.662608 0)
(2.38748 0.657585 0)
(2.40148 0.652684 0)
(2.41668 0.648038 0)
(2.43126 0.645115 0)
(2.44439 0.64639 0)
(2.45297 0.648512 0)
(2.45962 0.649469 0)
(2.46595 0.644606 0)
(2.46364 0.62418 0)
(2.45177 0.591189 0)
(2.45061 0.567844 0)
(2.45125 0.561026 0)
(2.44352 0.536715 0)
(2.399 0.42711 0)
(2.32059 0.236665 0)
(2.22265 0.0580163 0)
(2.16902 -0.0838558 0)
(2.14481 -0.122152 0)
(2.13969 -0.14901 0)
(2.13842 -0.173521 0)
(2.13989 -0.17258 0)
(2.15207 -0.159602 0)
(2.17296 -0.140592 0)
(2.18879 -0.136983 0)
(2.20721 -0.139538 0)
(2.21778 -0.145382 0)
(2.21502 -0.15764 0)
(2.20688 -0.176146 0)
(2.20897 -0.189366 0)
(2.22042 -0.191261 0)
(2.23313 -0.188369 0)
(2.24937 -0.181193 0)
(2.26185 -0.175902 0)
(2.27353 -0.176073 0)
(2.28328 -0.17798 0)
(2.28628 -0.185936 0)
(2.27879 -0.202257 0)
(2.27571 -0.214733 0)
(2.28505 -0.216296 0)
(2.2958 -0.213673 0)
(2.30928 -0.209128 0)
(2.3225 -0.204275 0)
(2.33278 -0.202507 0)
(2.34286 -0.202663 0)
(2.35086 -0.204483 0)
(2.35301 -0.212171 0)
(2.34692 -0.22694 0)
(2.34882 -0.236292 0)
(2.35902 -0.237534 0)
(2.36868 -0.23761 0)
(2.3769 -0.241301 0)
(2.38174 -0.252312 0)
(2.37391 -0.276185 0)
(2.34249 -0.328469 0)
(2.3125 -0.381998 0)
(2.25752 -0.434381 0)
(2.23006 -0.474429 0)
(2.23132 -0.487617 0)
(2.24212 -0.492722 0)
(2.26131 -0.489776 0)
(2.27541 -0.482778 0)
(2.28659 -0.477043 0)
(2.29711 -0.473391 0)
(2.30661 -0.475282 0)
(2.3118 -0.481457 0)
(2.30812 -0.489955 0)
(2.30044 -0.493638 0)
(2.30524 -0.493786 0)
(2.31597 -0.495406 0)
(2.32767 -0.497378 0)
(2.34052 -0.498684 0)
(2.35408 -0.497247 0)
(2.3642 -0.49437 0)
(2.37252 -0.494204 0)
(2.38144 -0.495191 0)
(2.38864 -0.496608 0)
(2.38899 -0.499335 0)
(2.38057 -0.503368 0)
(2.38071 -0.505108 0)
(2.38982 -0.504665 0)
(2.39951 -0.503424 0)
(2.40993 -0.500072 0)
(2.41953 -0.498083 0)
(2.42871 -0.497531 0)
(2.43644 -0.496941 0)
(2.443 -0.496955 0)
(2.44811 -0.498885 0)
(2.44983 -0.504182 0)
(2.4516 -0.510223 0)
(2.45878 -0.512347 0)
(2.46767 -0.512941 0)
(2.47688 -0.512365 0)
(2.48593 -0.510487 0)
(2.49431 -0.507991 0)
(2.50145 -0.505422 0)
(2.50598 -0.502883 0)
(2.60962 0.492192 0)
(2.61229 0.493777 0)
(2.60142 0.511891 0)
(2.51543 0.614887 0)
(2.39739 0.755092 0)
(2.29483 0.84767 0)
(2.24225 0.864711 0)
(2.22716 0.865758 0)
(2.22377 0.860948 0)
(2.23194 0.856709 0)
(2.23952 0.852408 0)
(2.24949 0.847044 0)
(2.26542 0.833752 0)
(2.27525 0.8187 0)
(2.28151 0.814726 0)
(2.28817 0.814993 0)
(2.29469 0.81082 0)
(2.29862 0.797973 0)
(2.30313 0.782753 0)
(2.31101 0.775187 0)
(2.32132 0.761695 0)
(2.32865 0.75931 0)
(2.33611 0.765761 0)
(2.33946 0.771083 0)
(2.34374 0.766161 0)
(2.35475 0.752184 0)
(2.36655 0.734579 0)
(2.37468 0.718836 0)
(2.37734 0.70525 0)
(2.37304 0.692007 0)
(2.36691 0.683242 0)
(2.37023 0.680401 0)
(2.3801 0.677685 0)
(2.39292 0.67101 0)
(2.40786 0.665839 0)
(2.42299 0.661073 0)
(2.43664 0.659799 0)
(2.44647 0.661609 0)
(2.45296 0.663177 0)
(2.45841 0.661026 0)
(2.45532 0.644619 0)
(2.44314 0.611225 0)
(2.4405 0.579775 0)
(2.43434 0.560295 0)
(2.40189 0.493652 0)
(2.30793 0.299156 0)
(2.22363 0.0829986 0)
(2.21095 0.0231206 0)
(2.16488 -0.0356542 0)
(2.14698 -0.089925 0)
(2.13144 -0.115696 0)
(2.13516 -0.140306 0)
(2.14156 -0.142134 0)
(2.14752 -0.135625 0)
(2.16468 -0.124458 0)
(2.18782 -0.121242 0)
(2.19898 -0.122851 0)
(2.21076 -0.129008 0)
(2.21367 -0.141105 0)
(2.20681 -0.155698 0)
(2.20426 -0.164629 0)
(2.21354 -0.165614 0)
(2.22539 -0.164407 0)
(2.24438 -0.160639 0)
(2.25909 -0.157 0)
(2.27089 -0.157381 0)
(2.28102 -0.15926 0)
(2.28506 -0.166588 0)
(2.27816 -0.181795 0)
(2.27128 -0.193478 0)
(2.27928 -0.195323 0)
(2.29014 -0.194157 0)
(2.30395 -0.191786 0)
(2.31953 -0.187335 0)
(2.33074 -0.18503 0)
(2.34164 -0.18526 0)
(2.35048 -0.186447 0)
(2.35325 -0.193692 0)
(2.34598 -0.208887 0)
(2.34431 -0.22009 0)
(2.35388 -0.222289 0)
(2.36156 -0.22176 0)
(2.37072 -0.22553 0)
(2.3753 -0.23954 0)
(2.36732 -0.26682 0)
(2.33129 -0.326429 0)
(2.29916 -0.379723 0)
(2.26098 -0.420511 0)
(2.23336 -0.451663 0)
(2.22741 -0.476725 0)
(2.2369 -0.48076 0)
(2.25621 -0.474759 0)
(2.27163 -0.465069 0)
(2.28237 -0.461101 0)
(2.29455 -0.460604 0)
(2.30442 -0.464896 0)
(2.30928 -0.470938 0)
(2.31015 -0.474922 0)
(2.30549 -0.47958 0)
(2.30521 -0.48449 0)
(2.31502 -0.484555 0)
(2.32606 -0.483755 0)
(2.33769 -0.482358 0)
(2.34909 -0.479926 0)
(2.36039 -0.47705 0)
(2.36883 -0.476368 0)
(2.37735 -0.477906 0)
(2.38589 -0.479679 0)
(2.3919 -0.482247 0)
(2.39007 -0.486816 0)
(2.38362 -0.491764 0)
(2.38908 -0.492786 0)
(2.39824 -0.492304 0)
(2.40786 -0.489961 0)
(2.41714 -0.487739 0)
(2.42629 -0.486347 0)
(2.43446 -0.484208 0)
(2.44085 -0.48237 0)
(2.44526 -0.482289 0)
(2.4462 -0.484275 0)
(2.44601 -0.488196 0)
(2.45325 -0.491476 0)
(2.46171 -0.493043 0)
(2.47047 -0.49442 0)
(2.48003 -0.495232 0)
(2.48935 -0.494855 0)
(2.49815 -0.494482 0)
(2.50653 -0.49417 0)
(2.51163 -0.493935 0)
(2.60784 0.50129 0)
(2.61454 0.498333 0)
(2.61631 0.503261 0)
(2.59986 0.527886 0)
(2.52054 0.628042 0)
(2.40167 0.764207 0)
(2.30161 0.839087 0)
(2.24008 0.854486 0)
(2.2232 0.86992 0)
(2.22471 0.866667 0)
(2.23564 0.859687 0)
(2.24729 0.85346 0)
(2.26502 0.840019 0)
(2.27537 0.825812 0)
(2.28146 0.820681 0)
(2.2878 0.81866 0)
(2.29252 0.812538 0)
(2.29596 0.801255 0)
(2.30138 0.795968 0)
(2.31324 0.784413 0)
(2.31987 0.771614 0)
(2.32759 0.771401 0)
(2.33311 0.7783 0)
(2.33744 0.780068 0)
(2.34515 0.771275 0)
(2.35643 0.754574 0)
(2.36595 0.735056 0)
(2.37005 0.719217 0)
(2.36741 0.705276 0)
(2.3618 0.695536 0)
(2.36358 0.695352 0)
(2.37295 0.697185 0)
(2.38478 0.691791 0)
(2.39941 0.684962 0)
(2.41513 0.678861 0)
(2.42943 0.674199 0)
(2.44 0.673643 0)
(2.44713 0.67501 0)
(2.45143 0.675015 0)
(2.44785 0.661679 0)
(2.43406 0.631427 0)
(2.42504 0.5826 0)
(2.39453 0.525075 0)
(2.33153 0.382527 0)
(2.2249 0.152304 0)
(2.16723 0.0112639 0)
(2.13659 -0.0822465 0)
(2.13078 -0.0842908 0)
(2.13697 -0.0910091 0)
(2.13062 -0.108011 0)
(2.12393 -0.115124 0)
(2.13418 -0.117748 0)
(2.14864 -0.116613 0)
(2.1663 -0.113478 0)
(2.18603 -0.110387 0)
(2.19902 -0.110581 0)
(2.2089 -0.114285 0)
(2.21012 -0.123824 0)
(2.20389 -0.14027 0)
(2.20401 -0.154946 0)
(2.21413 -0.15818 0)
(2.22536 -0.156112 0)
(2.2419 -0.149778 0)
(2.25727 -0.142744 0)
(2.26818 -0.142115 0)
(2.27928 -0.14292 0)
(2.28448 -0.147714 0)
(2.27707 -0.162387 0)
(2.26981 -0.180235 0)
(2.27738 -0.186752 0)
(2.28793 -0.185821 0)
(2.30116 -0.18195 0)
(2.31737 -0.175678 0)
(2.32914 -0.17133 0)
(2.34018 -0.171045 0)
(2.35 -0.17173 0)
(2.35412 -0.176786 0)
(2.34627 -0.191442 0)
(2.3409 -0.205908 0)
(2.34977 -0.209887 0)
(2.35588 -0.209018 0)
(2.3633 -0.21348 0)
(2.36687 -0.22887 0)
(2.35623 -0.262455 0)
(2.31944 -0.325257 0)
(2.29241 -0.373119 0)
(2.25392 -0.40929 0)
(2.23018 -0.437983 0)
(2.22436 -0.462949 0)
(2.23301 -0.463623 0)
(2.24619 -0.458427 0)
(2.26796 -0.449128 0)
(2.2806 -0.445632 0)
(2.29381 -0.446773 0)
(2.30415 -0.448728 0)
(2.30998 -0.452486 0)
(2.31073 -0.459684 0)
(2.30754 -0.470331 0)
(2.30757 -0.473618 0)
(2.31331 -0.468716 0)
(2.32291 -0.465271 0)
(2.3345 -0.464845 0)
(2.3459 -0.464496 0)
(2.35686 -0.462565 0)
(2.36596 -0.460248 0)
(2.37418 -0.46078 0)
(2.38259 -0.463025 0)
(2.39042 -0.466701 0)
(2.39508 -0.471226 0)
(2.39167 -0.474705 0)
(2.38803 -0.475207 0)
(2.39576 -0.474984 0)
(2.40466 -0.474574 0)
(2.41391 -0.473667 0)
(2.423 -0.473263 0)
(2.43181 -0.472206 0)
(2.43997 -0.470547 0)
(2.44714 -0.469702 0)
(2.45112 -0.470688 0)
(2.44936 -0.473281 0)
(2.44989 -0.475009 0)
(2.45719 -0.475155 0)
(2.46532 -0.475847 0)
(2.47392 -0.476765 0)
(2.48291 -0.477285 0)
(2.4922 -0.47744 0)
(2.50074 -0.478502 0)
(2.50935 -0.479852 0)
(2.51473 -0.481284 0)
)
;

boundaryField
{
    inlet
    {
        type            fixedValue;
        value           nonuniform 0();
    }
    outlet
    {
        type            inletOutlet;
        inletValue      nonuniform 0();
        value           nonuniform 0();
    }
    bottom
    {
        type            slip;
    }
    top
    {
        type            slip;
    }
    obstacle
    {
        type            slip;
    }
    defaultFaces
    {
        type            empty;
    }
    procBoundary10to6
    {
        type            processor;
        value           nonuniform List<vector> 
129
(
(2.20499 0.681304 0)
(2.21233 0.66886 0)
(2.20532 0.653827 0)
(2.19168 0.629764 0)
(2.19464 0.615923 0)
(2.20989 0.614562 0)
(2.23133 0.600597 0)
(2.24599 0.592145 0)
(2.25653 0.5909 0)
(2.26985 0.58675 0)
(2.28644 0.576284 0)
(2.30007 0.563899 0)
(2.3063 0.55607 0)
(2.3059 0.546971 0)
(2.29899 0.527 0)
(2.29634 0.501855 0)
(2.31133 0.492181 0)
(2.32597 0.48245 0)
(2.33753 0.476919 0)
(2.34719 0.476442 0)
(2.35785 0.47381 0)
(2.36893 0.462061 0)
(2.37487 0.441375 0)
(2.37783 0.424566 0)
(2.38347 0.417134 0)
(2.39088 0.413791 0)
(2.39889 0.409616 0)
(2.40793 0.400043 0)
(2.41375 0.385365 0)
(2.41146 0.371351 0)
(2.4107 0.358461 0)
(2.42352 0.349938 0)
(2.43407 0.344685 0)
(2.44662 0.339099 0)
(2.45812 0.333464 0)
(2.46855 0.328231 0)
(2.47912 0.320995 0)
(2.48663 0.31232 0)
(2.48721 0.300109 0)
(2.47575 0.277933 0)
(2.46997 0.258726 0)
(2.47963 0.255998 0)
(2.48924 0.25156 0)
(2.49951 0.247276 0)
(2.51303 0.244282 0)
(2.52554 0.239557 0)
(2.53484 0.23492 0)
(2.54378 0.231783 0)
(2.55353 0.227055 0)
(2.56033 0.219851 0)
(2.55818 0.205243 0)
(2.54317 0.183993 0)
(2.5318 0.167747 0)
(2.53796 0.155351 0)
(2.54871 0.151406 0)
(2.55774 0.148119 0)
(2.5649 0.141233 0)
(2.57639 0.136663 0)
(2.58907 0.133911 0)
(2.59856 0.13128 0)
(2.60706 0.129532 0)
(2.61458 0.126546 0)
(2.6172 0.119337 0)
(2.60815 0.10086 0)
(2.59185 0.0768358 0)
(2.59485 0.0681229 0)
(2.60219 0.0663722 0)
(2.61179 0.0629487 0)
(2.62324 0.059517 0)
(2.63252 0.058266 0)
(2.64206 0.0569093 0)
(2.64947 0.0552143 0)
(2.65679 0.0527316 0)
(2.66192 0.0478191 0)
(2.65782 0.0363749 0)
(2.64125 0.0169437 0)
(2.6378 0.00636887 0)
(2.64334 0.00505784 0)
(2.64878 0.00225054 0)
(2.6574 -0.00181222 0)
(2.6692 -0.00809173 0)
(2.67473 -0.0118768 0)
(2.68174 -0.0156867 0)
(2.69086 -0.0214328 0)
(2.69709 -0.0279779 0)
(2.69262 -0.0383493 0)
(2.67869 -0.0536899 0)
(2.67799 -0.0603038 0)
(2.68438 -0.0607787 0)
(2.68739 -0.0638193 0)
(2.67878 -0.0962069 0)
(2.63006 -0.193751 0)
(2.47665 -0.42094 0)
(2.37482 -0.547024 0)
(2.31916 -0.647328 0)
(2.27262 -0.704317 0)
(2.2577 -0.709424 0)
(2.26782 -0.7065 0)
(2.28648 -0.700997 0)
(2.29973 -0.693227 0)
(2.30824 -0.690677 0)
(2.31726 -0.690299 0)
(2.33149 -0.693537 0)
(2.34462 -0.697476 0)
(2.35508 -0.700702 0)
(2.36523 -0.703774 0)
(2.36923 -0.706167 0)
(2.36551 -0.71177 0)
(2.36133 -0.719083 0)
(2.36537 -0.721733 0)
(2.37306 -0.721987 0)
(2.38123 -0.721544 0)
(2.39018 -0.720261 0)
(2.39973 -0.718121 0)
(2.40998 -0.716143 0)
(2.41741 -0.718946 0)
(2.42287 -0.72441 0)
(2.41901 -0.734764 0)
(2.41055 -0.755058 0)
(2.38418 -0.791832 0)
(2.35265 -0.830771 0)
(2.31584 -0.877219 0)
(2.28728 -0.927233 0)
(2.28622 -0.92856 0)
(2.29068 -0.920791 0)
(2.29599 -0.917608 0)
(2.30483 -0.921556 0)
(2.31147 -0.928149 0)
(2.31618 -0.927581 0)
)
;
    }
    procBoundary10to9
    {
        type            processor;
        value           nonuniform List<vector> 
29
(
(2.1968 0.703982 0)
(2.2026 0.707203 0)
(2.19946 0.709075 0)
(2.18706 0.714269 0)
(2.1696 0.724329 0)
(2.16053 0.734118 0)
(2.16508 0.744087 0)
(2.1777 0.759562 0)
(2.19121 0.770467 0)
(2.19986 0.777644 0)
(2.20139 0.786457 0)
(2.20131 0.791158 0)
(2.19967 0.797179 0)
(2.19893 0.79945 0)
(2.19215 0.80963 0)
(2.18211 0.82275 0)
(2.17404 0.834457 0)
(2.17385 0.842862 0)
(2.1806 0.843735 0)
(2.18686 0.843136 0)
(2.19288 0.847627 0)
(2.19957 0.857355 0)
(2.20949 0.87044 0)
(2.22055 0.867674 0)
(2.27773 0.825266 0)
(2.42153 0.704558 0)
(2.54372 0.579268 0)
(2.59885 0.513621 0)
(2.61098 0.493575 0)
)
;
    }
    procBoundary10to11
    {
        type            processor;
        value           nonuniform List<vector> 
32
(
(2.3334 -0.910122 0)
(2.34033 -0.893291 0)
(2.34673 -0.88542 0)
(2.35642 -0.865627 0)
(2.36756 -0.852598 0)
(2.37473 -0.836449 0)
(2.38372 -0.823709 0)
(2.39277 -0.809913 0)
(2.40146 -0.796887 0)
(2.40905 -0.784811 0)
(2.41552 -0.771585 0)
(2.42002 -0.758621 0)
(2.4217 -0.744458 0)
(2.42154 -0.733022 0)
(2.42042 -0.720635 0)
(2.42329 -0.706377 0)
(2.42913 -0.692548 0)
(2.43617 -0.677988 0)
(2.44475 -0.664437 0)
(2.45339 -0.648146 0)
(2.46144 -0.63448 0)
(2.46886 -0.620521 0)
(2.47529 -0.605673 0)
(2.48091 -0.589315 0)
(2.48542 -0.572373 0)
(2.48889 -0.555382 0)
(2.493 -0.540379 0)
(2.49682 -0.522675 0)
(2.50209 -0.510618 0)
(2.50509 -0.501297 0)
(2.50864 -0.493343 0)
(2.51158 -0.481888 0)
)
;
    }
    procBoundary10to13
    {
        type            processor;
        value           nonuniform List<vector> 3((2.61072 0.490767 0) (2.60714 0.494045 0) (2.60164 0.504027 0));
    }
    procBoundary10to14
    {
        type            processor;
        value           nonuniform List<vector> 
129
(
(2.60741 0.513264 0)
(2.61241 0.512539 0)
(2.61841 0.510235 0)
(2.62075 0.51058 0)
(2.60214 0.533143 0)
(2.5322 0.621588 0)
(2.40417 0.749502 0)
(2.28511 0.824208 0)
(2.23101 0.865901 0)
(2.22599 0.875519 0)
(2.23642 0.869539 0)
(2.24683 0.862907 0)
(2.26293 0.848708 0)
(2.27346 0.836355 0)
(2.27955 0.830839 0)
(2.28407 0.826158 0)
(2.28719 0.817614 0)
(2.29311 0.812703 0)
(2.3013 0.807638 0)
(2.31225 0.791959 0)
(2.3175 0.780997 0)
(2.3242 0.78289 0)
(2.32922 0.788144 0)
(2.33606 0.786478 0)
(2.34655 0.774805 0)
(2.35727 0.754587 0)
(2.36338 0.733281 0)
(2.36212 0.718182 0)
(2.35738 0.707626 0)
(2.35814 0.707767 0)
(2.36539 0.713358 0)
(2.37662 0.713062 0)
(2.39064 0.705482 0)
(2.4068 0.698801 0)
(2.42238 0.69055 0)
(2.43325 0.685919 0)
(2.44178 0.688005 0)
(2.44468 0.685064 0)
(2.43893 0.678408 0)
(2.4218 0.631018 0)
(2.3991 0.568898 0)
(2.34064 0.455829 0)
(2.22068 0.211995 0)
(2.167 0.0460279 0)
(2.15852 0.022407 0)
(2.13848 -0.0191585 0)
(2.12995 -0.0387405 0)
(2.12555 -0.0611867 0)
(2.13377 -0.0896922 0)
(2.13 -0.103421 0)
(2.12949 -0.0991052 0)
(2.13503 -0.093033 0)
(2.15392 -0.0888633 0)
(2.17499 -0.0896171 0)
(2.19018 -0.092389 0)
(2.20439 -0.0994029 0)
(2.20924 -0.109571 0)
(2.20375 -0.121857 0)
(2.19928 -0.130738 0)
(2.20723 -0.131804 0)
(2.21846 -0.1306 0)
(2.23563 -0.128297 0)
(2.25294 -0.125156 0)
(2.26485 -0.125402 0)
(2.27625 -0.12705 0)
(2.28253 -0.132014 0)
(2.27783 -0.144425 0)
(2.26655 -0.157944 0)
(2.26897 -0.162066 0)
(2.27959 -0.161216 0)
(2.2927 -0.160325 0)
(2.31113 -0.158165 0)
(2.32689 -0.15488 0)
(2.33748 -0.154532 0)
(2.34803 -0.155376 0)
(2.35388 -0.160241 0)
(2.34831 -0.172878 0)
(2.33785 -0.187257 0)
(2.34322 -0.19246 0)
(2.34904 -0.192328 0)
(2.355 -0.198507 0)
(2.3574 -0.216818 0)
(2.34048 -0.25959 0)
(2.3086 -0.319806 0)
(2.28396 -0.367125 0)
(2.24878 -0.400039 0)
(2.22921 -0.424742 0)
(2.22153 -0.444588 0)
(2.22988 -0.446444 0)
(2.2412 -0.44418 0)
(2.26086 -0.436355 0)
(2.27876 -0.428888 0)
(2.29165 -0.4293 0)
(2.30385 -0.431225 0)
(2.31073 -0.435727 0)
(2.31128 -0.443925 0)
(2.30641 -0.453487 0)
(2.30434 -0.456182 0)
(2.31241 -0.455026 0)
(2.3221 -0.453521 0)
(2.33248 -0.451507 0)
(2.34259 -0.448901 0)
(2.3524 -0.446009 0)
(2.36157 -0.443743 0)
(2.37011 -0.443455 0)
(2.37857 -0.444982 0)
(2.38637 -0.448002 0)
(2.39245 -0.452111 0)
(2.39532 -0.456609 0)
(2.39341 -0.460391 0)
(2.39425 -0.461179 0)
(2.40226 -0.460665 0)
(2.41062 -0.460368 0)
(2.41936 -0.459787 0)
(2.42807 -0.458631 0)
(2.43663 -0.45745 0)
(2.44514 -0.457137 0)
(2.45233 -0.45771 0)
(2.45464 -0.458787 0)
(2.45178 -0.459519 0)
(2.4539 -0.458889 0)
(2.46128 -0.458555 0)
(2.46973 -0.458803 0)
(2.47803 -0.459076 0)
(2.48625 -0.459184 0)
(2.49488 -0.460166 0)
(2.50358 -0.462173 0)
(2.51138 -0.464813 0)
(2.51623 -0.467853 0)
)
;
    }
}


// ************************************************************************* //
