/*--------------------------------*- C++ -*----------------------------------*\
  =========                 |
  \\      /  F ield         | OpenFOAM: The Open Source CFD Toolbox
   \\    /   O peration     | Website:  https://openfoam.org
    \\  /    A nd           | Version:  7
     \\/     M anipulation  |
\*---------------------------------------------------------------------------*/
FoamFile
{
    version     2.0;
    format      ascii;
    class       volVectorField;
    location    "2.1";
    object      U;
}
// * * * * * * * * * * * * * * * * * * * * * * * * * * * * * * * * * * * * * //

dimensions      [0 1 -1 0 0 0 0];

internalField   nonuniform List<vector> 
4128
(
(2.54521 -0.547843 0)
(2.46266 -0.657496 0)
(2.46058 -0.561794 0)
(2.51419 -0.456545 0)
(2.53644 -0.270307 0)
(2.55158 -0.188462 0)
(2.56533 -0.179537 0)
(2.56697 -0.160984 0)
(2.51814 -0.196064 0)
(2.52045 -0.197538 0)
(2.50391 -0.133518 0)
(2.4629 -0.113763 0)
(2.43804 -0.0907927 0)
(2.42271 -0.0586527 0)
(2.41928 -0.0344956 0)
(2.4049 -0.0322235 0)
(2.41075 -0.0423426 0)
(2.44185 -0.0329556 0)
(2.46612 -0.0202583 0)
(2.45517 -0.0236241 0)
(2.43806 -0.0278883 0)
(2.42533 -0.0327188 0)
(2.41677 -0.0360398 0)
(2.40876 -0.0342197 0)
(2.40444 -0.0242309 0)
(2.40239 -0.0120817 0)
(2.40195 -0.00632893 0)
(2.40549 -0.0104343 0)
(2.41053 -0.0174194 0)
(2.41435 -0.0214199 0)
(2.41571 -0.019264 0)
(2.41126 -0.0141778 0)
(2.40713 -0.00939062 0)
(2.40358 -0.00808687 0)
(2.40249 -0.00836048 0)
(2.40479 -0.00974481 0)
(2.40697 -0.0110496 0)
(2.40583 -0.00934064 0)
(2.40088 -0.00652739 0)
(2.39416 -0.00559015 0)
(2.38932 -0.0063443 0)
(2.38934 -0.00687253 0)
(2.3942 -0.00642578 0)
(2.40167 -0.00549062 0)
(2.40508 -0.00497359 0)
(2.40349 -0.00473013 0)
(2.40088 -0.00408387 0)
(2.39584 -0.00328745 0)
(2.39304 -0.00242463 0)
(2.39246 -0.00196728 0)
(2.39194 -0.000854758 0)
(2.39395 -0.00369048 0)
(1.94934 0.024355 0)
(0.946059 0.0355991 0)
(0.769368 0.0378937 0)
(0.679693 0.033759 0)
(0.603894 0.0317075 0)
(0.543597 0.0298115 0)
(0.49607 0.0276566 0)
(0.456837 0.0267232 0)
(0.42178 0.0259732 0)
(0.388512 0.0248437 0)
(0.356619 0.0232905 0)
(0.326941 0.0217694 0)
(0.300923 0.0203805 0)
(0.277843 0.0190482 0)
(0.256788 0.0174289 0)
(0.235846 0.0157738 0)
(0.213941 0.0143058 0)
(0.192799 0.0129702 0)
(0.174171 0.0116828 0)
(0.159364 0.0105289 0)
(0.147405 0.00976723 0)
(0.135639 0.00924238 0)
(0.12377 0.00884192 0)
(0.113217 0.00824383 0)
(0.104381 0.00765645 0)
(0.096199 0.00706365 0)
(0.0865443 0.0065456 0)
(0.0743961 0.00620449 0)
(0.0610245 0.0057869 0)
(0.0496474 0.00526155 0)
(0.0420871 0.00466478 0)
(0.0365816 0.00413315 0)
(0.030271 0.00380863 0)
(0.0226232 0.00362407 0)
(0.014085 0.00352612 0)
(0.00563855 0.00388552 0)
(3.02794 -0.615154 0)
(3.03073 -0.729097 0)
(3.02423 -0.777659 0)
(2.83779 -0.670318 0)
(2.70894 -0.510347 0)
(2.67508 -0.352639 0)
(2.67463 -0.294908 0)
(2.66827 -0.250323 0)
(2.66339 -0.221682 0)
(2.64348 -0.170389 0)
(2.60214 -0.105411 0)
(2.55516 -0.0628853 0)
(2.52747 -0.0688129 0)
(2.51875 -0.0582484 0)
(2.50752 -0.00755079 0)
(2.49605 0.00201416 0)
(2.4899 -0.0334402 0)
(2.50344 -0.0306017 0)
(2.51302 -0.0081722 0)
(2.49769 -0.0156755 0)
(2.48268 -0.0325519 0)
(2.48057 -0.0517547 0)
(2.47849 -0.0572305 0)
(2.46681 -0.0542908 0)
(2.45346 -0.036718 0)
(2.448 -0.00421174 0)
(2.44586 0.010831 0)
(2.44036 0.00556834 0)
(2.44078 -0.00865593 0)
(2.44731 -0.0210684 0)
(2.45198 -0.022497 0)
(2.44559 -0.0181129 0)
(2.43942 -0.0100126 0)
(2.43543 -0.00438612 0)
(2.43079 -0.00438848 0)
(2.42789 -0.00727435 0)
(2.42739 -0.0127337 0)
(2.42757 -0.0146916 0)
(2.4228 -0.0107674 0)
(2.418 -0.0055516 0)
(2.41573 -0.000655346 0)
(2.41571 0.00327476 0)
(2.41788 0.00589497 0)
(2.42129 0.00499133 0)
(2.42378 -0.000359703 0)
(2.42206 -0.00603976 0)
(2.41821 -0.00947284 0)
(2.41548 -0.0116263 0)
(2.41416 -0.0112176 0)
(2.4137 -0.00796101 0)
(2.41455 -0.00167784 0)
(2.41633 2.93966e-05 0)
(2.06678 0.106882 0)
(0.984544 0.156118 0)
(0.782158 0.130285 0)
(0.704558 0.102852 0)
(0.638365 0.0871226 0)
(0.584306 0.0776285 0)
(0.539633 0.0664377 0)
(0.50062 0.0528486 0)
(0.463685 0.0431136 0)
(0.428266 0.038764 0)
(0.394439 0.036334 0)
(0.362701 0.0343002 0)
(0.334713 0.0331876 0)
(0.309578 0.0329911 0)
(0.286031 0.0327209 0)
(0.262339 0.0310135 0)
(0.237978 0.0278253 0)
(0.214584 0.0242539 0)
(0.193829 0.021141 0)
(0.177064 0.018513 0)
(0.163502 0.0166947 0)
(0.150273 0.0159519 0)
(0.137102 0.0161565 0)
(0.125093 0.0163163 0)
(0.114801 0.0160916 0)
(0.105473 0.0148477 0)
(0.0949595 0.0135654 0)
(0.0823461 0.012617 0)
(0.0685886 0.0122367 0)
(0.0563365 0.0125907 0)
(0.0472208 0.0129259 0)
(0.0399128 0.0127869 0)
(0.0319092 0.0125838 0)
(0.0234279 0.0118604 0)
(0.014095 0.0111459 0)
(0.00567698 0.0115725 0)
(3.04148 -0.368882 0)
(2.98981 -0.493273 0)
(2.92156 -0.509415 0)
(2.90556 -0.536322 0)
(2.8901 -0.573026 0)
(2.86754 -0.599465 0)
(2.8462 -0.603678 0)
(2.82646 -0.555983 0)
(2.84172 -0.51915 0)
(2.84885 -0.504594 0)
(2.83415 -0.46056 0)
(2.79922 -0.352849 0)
(2.76699 -0.281078 0)
(2.7161 -0.232582 0)
(2.65742 -0.144329 0)
(2.63352 -0.0937814 0)
(2.61391 -0.111587 0)
(2.6006 -0.0861844 0)
(2.58246 -0.0359482 0)
(2.56176 -0.0315323 0)
(2.55472 -0.0303994 0)
(2.55355 -0.0346891 0)
(2.54746 -0.0500416 0)
(2.53813 -0.0545945 0)
(2.5261 -0.0511839 0)
(2.51651 -0.0402326 0)
(2.51537 -0.0322587 0)
(2.50697 -0.0362886 0)
(2.50522 -0.0460416 0)
(2.50647 -0.0503822 0)
(2.50544 -0.0453937 0)
(2.49985 -0.0344589 0)
(2.49398 -0.0270852 0)
(2.48766 -0.0245315 0)
(2.4809 -0.0241531 0)
(2.47674 -0.0244957 0)
(2.476 -0.0229385 0)
(2.47498 -0.018146 0)
(2.47334 -0.0155837 0)
(2.47089 -0.0116757 0)
(2.47014 -0.0112239 0)
(2.46918 -0.0103621 0)
(2.46859 -0.00903216 0)
(2.46808 -0.0077172 0)
(2.4672 -0.0060416 0)
(2.46344 -0.00703811 0)
(2.45909 -0.00833478 0)
(2.45687 -0.0109965 0)
(2.45689 -0.0136886 0)
(2.45819 -0.0145026 0)
(2.45974 -0.0104387 0)
(2.45938 -0.00597436 0)
(2.32613 0.110189 0)
(1.11133 0.251418 0)
(0.856517 0.200974 0)
(0.785532 0.158655 0)
(0.71932 0.133301 0)
(0.667294 0.11513 0)
(0.620934 0.102743 0)
(0.57521 0.0963069 0)
(0.529333 0.0934399 0)
(0.486288 0.0902068 0)
(0.447588 0.0850727 0)
(0.41322 0.0786983 0)
(0.382733 0.0734541 0)
(0.354914 0.070552 0)
(0.328272 0.0685628 0)
(0.301167 0.0648605 0)
(0.273238 0.0595208 0)
(0.246033 0.0537158 0)
(0.221361 0.0480109 0)
(0.201003 0.0422991 0)
(0.184312 0.0374746 0)
(0.168677 0.034265 0)
(0.152316 0.0330874 0)
(0.137249 0.0325443 0)
(0.1237 0.0320823 0)
(0.111583 0.0299748 0)
(0.0990973 0.0279233 0)
(0.0857022 0.0261984 0)
(0.0721499 0.0246735 0)
(0.0599756 0.0237381 0)
(0.0498673 0.0230107 0)
(0.0409184 0.0222324 0)
(0.0315229 0.0214932 0)
(0.0227568 0.0205366 0)
(0.013397 0.019661 0)
(0.00559042 0.0205127 0)
(2.85606 -0.0911413 0)
(2.86236 -0.227427 0)
(2.82675 -0.331266 0)
(2.8753 -0.463592 0)
(2.87606 -0.575104 0)
(2.89074 -0.57802 0)
(2.88923 -0.581678 0)
(2.88429 -0.614426 0)
(2.8787 -0.614053 0)
(2.87465 -0.617003 0)
(2.86699 -0.615427 0)
(2.85511 -0.576239 0)
(2.82912 -0.542146 0)
(2.80618 -0.498488 0)
(2.77966 -0.414027 0)
(2.7573 -0.321232 0)
(2.74445 -0.29534 0)
(2.69262 -0.22545 0)
(2.64931 -0.135567 0)
(2.64177 -0.121325 0)
(2.6278 -0.100356 0)
(2.60884 -0.086949 0)
(2.59797 -0.0900169 0)
(2.58114 -0.0728706 0)
(2.57045 -0.0574265 0)
(2.56588 -0.0414043 0)
(2.56388 -0.0214366 0)
(2.56167 -0.0181286 0)
(2.55515 -0.0265626 0)
(2.55005 -0.0340372 0)
(2.54523 -0.028871 0)
(2.54244 -0.0182191 0)
(2.53801 -0.0145306 0)
(2.53271 -0.0147896 0)
(2.52725 -0.0198166 0)
(2.52266 -0.0307245 0)
(2.51958 -0.0381796 0)
(2.51679 -0.0400128 0)
(2.51739 -0.0391007 0)
(2.52075 -0.0352774 0)
(2.52372 -0.0281294 0)
(2.52233 -0.0219644 0)
(2.51904 -0.0169295 0)
(2.51476 -0.0096077 0)
(2.50982 -0.00219004 0)
(2.50651 0.00159292 0)
(2.5037 0.000890653 0)
(2.50141 -0.00409096 0)
(2.50099 -0.00935306 0)
(2.50238 -0.0124907 0)
(2.50402 -0.0111611 0)
(2.50284 -0.00965604 0)
(2.50258 0.0207336 0)
(1.32201 0.299464 0)
(0.949121 0.250808 0)
(0.886773 0.209629 0)
(0.82286 0.185239 0)
(0.771491 0.165543 0)
(0.725404 0.148224 0)
(0.681734 0.131719 0)
(0.637553 0.118643 0)
(0.593142 0.11099 0)
(0.551038 0.105001 0)
(0.511551 0.0984541 0)
(0.474598 0.0920033 0)
(0.440022 0.0869822 0)
(0.407119 0.0838118 0)
(0.374087 0.081735 0)
(0.340617 0.0788019 0)
(0.307654 0.0742786 0)
(0.276674 0.0689008 0)
(0.249097 0.0626491 0)
(0.22569 0.0557899 0)
(0.204781 0.0498249 0)
(0.184079 0.045489 0)
(0.16487 0.0436635 0)
(0.147147 0.0431336 0)
(0.130855 0.0412517 0)
(0.115153 0.0390596 0)
(0.0996648 0.0373833 0)
(0.0846334 0.0357405 0)
(0.070599 0.0343566 0)
(0.0579708 0.0328091 0)
(0.0462878 0.0313994 0)
(0.0348656 0.0304325 0)
(0.0247006 0.0296363 0)
(0.0145599 0.0289631 0)
(0.00585388 0.0303603 0)
(2.73563 -0.0278724 0)
(2.74615 -0.126134 0)
(2.75407 -0.158565 0)
(2.81192 -0.24788 0)
(2.8315 -0.31263 0)
(2.82799 -0.362823 0)
(2.83772 -0.458997 0)
(2.82849 -0.479684 0)
(2.82535 -0.524826 0)
(2.82114 -0.567877 0)
(2.81683 -0.60753 0)
(2.82119 -0.612728 0)
(2.82737 -0.621786 0)
(2.83146 -0.62201 0)
(2.82581 -0.590461 0)
(2.80675 -0.553202 0)
(2.78639 -0.507992 0)
(2.73979 -0.421638 0)
(2.6971 -0.294766 0)
(2.69035 -0.275127 0)
(2.66647 -0.226684 0)
(2.64218 -0.184712 0)
(2.64806 -0.172105 0)
(2.61678 -0.131719 0)
(2.60056 -0.102914 0)
(2.59476 -0.0945584 0)
(2.58686 -0.0671419 0)
(2.58488 -0.0598759 0)
(2.57865 -0.0552448 0)
(2.57244 -0.0504389 0)
(2.5716 -0.0427675 0)
(2.56691 -0.0323521 0)
(2.56366 -0.0278918 0)
(2.55983 -0.0249414 0)
(2.55174 -0.025861 0)
(2.54217 -0.0296609 0)
(2.53761 -0.0300033 0)
(2.53345 -0.0286618 0)
(2.53673 -0.0258496 0)
(2.54935 -0.0204538 0)
(2.55649 -0.0158105 0)
(2.55323 -0.0136117 0)
(2.54915 -0.0124234 0)
(2.54396 -0.0112354 0)
(2.53587 -0.0117828 0)
(2.53038 -0.0126519 0)
(2.52759 -0.0132918 0)
(2.52612 -0.0140566 0)
(2.52452 -0.0128638 0)
(2.52724 -0.00595925 0)
(2.53087 0.00237075 0)
(2.53089 0.00262786 0)
(2.52954 0.0057024 0)
(1.62788 0.322956 0)
(0.993718 0.306297 0)
(0.940901 0.264184 0)
(0.909152 0.235322 0)
(0.877737 0.208887 0)
(0.844455 0.183478 0)
(0.806218 0.165162 0)
(0.763919 0.15799 0)
(0.720393 0.156487 0)
(0.676419 0.156422 0)
(0.6325 0.154221 0)
(0.588592 0.148966 0)
(0.546128 0.141075 0)
(0.505862 0.132801 0)
(0.467233 0.125826 0)
(0.428845 0.119481 0)
(0.390227 0.11358 0)
(0.351531 0.108452 0)
(0.314535 0.102199 0)
(0.281331 0.093578 0)
(0.252356 0.0832637 0)
(0.226014 0.0743003 0)
(0.201383 0.0685358 0)
(0.178845 0.0650841 0)
(0.157703 0.061362 0)
(0.137787 0.0576659 0)
(0.119195 0.0544117 0)
(0.101383 0.0514541 0)
(0.0837021 0.0492553 0)
(0.0667586 0.0467874 0)
(0.0517322 0.0439918 0)
(0.0390323 0.0414841 0)
(0.0276906 0.0401825 0)
(0.0169539 0.0394653 0)
(0.00631096 0.0413423 0)
(2.57111 0.213289 0)
(2.63123 0.0867775 0)
(2.7045 -0.0507391 0)
(2.74643 -0.158804 0)
(2.75935 -0.203918 0)
(2.77202 -0.265728 0)
(2.78424 -0.347456 0)
(2.78815 -0.375489 0)
(2.78771 -0.424196 0)
(2.78996 -0.504973 0)
(2.79048 -0.517934 0)
(2.7868 -0.522673 0)
(2.8042 -0.542791 0)
(2.80891 -0.562396 0)
(2.8126 -0.579229 0)
(2.80121 -0.599623 0)
(2.79579 -0.621194 0)
(2.77919 -0.61286 0)
(2.75744 -0.573255 0)
(2.74498 -0.532766 0)
(2.72219 -0.470988 0)
(2.69191 -0.36395 0)
(2.69024 -0.30897 0)
(2.64966 -0.199716 0)
(2.62877 -0.138762 0)
(2.61659 -0.137982 0)
(2.5994 -0.099946 0)
(2.58996 -0.0980615 0)
(2.58415 -0.0942569 0)
(2.58614 -0.0829621 0)
(2.58669 -0.0714066 0)
(2.57597 -0.0644441 0)
(2.57355 -0.0623747 0)
(2.56993 -0.0574952 0)
(2.56094 -0.047678 0)
(2.54987 -0.0374029 0)
(2.54475 -0.0365761 0)
(2.53889 -0.036371 0)
(2.54308 -0.0329771 0)
(2.55973 -0.0261546 0)
(2.5649 -0.0225916 0)
(2.56272 -0.0226448 0)
(2.55792 -0.0241024 0)
(2.54815 -0.0269533 0)
(2.54004 -0.0259732 0)
(2.53834 -0.0216517 0)
(2.53799 -0.0196652 0)
(2.53714 -0.0170311 0)
(2.53891 -0.00909236 0)
(2.54406 0.000830506 0)
(2.54356 0.00311568 0)
(2.54219 0.00331496 0)
(2.53733 0.00199167 0)
(2.03006 0.292411 0)
(1.05953 0.310596 0)
(0.985583 0.260358 0)
(0.984933 0.234431 0)
(0.967304 0.22505 0)
(0.94463 0.215025 0)
(0.916464 0.203413 0)
(0.883008 0.19388 0)
(0.845975 0.191554 0)
(0.807623 0.191519 0)
(0.767794 0.187636 0)
(0.725381 0.179235 0)
(0.68058 0.168671 0)
(0.63497 0.159647 0)
(0.58997 0.153527 0)
(0.545432 0.149513 0)
(0.500746 0.145528 0)
(0.455632 0.139445 0)
(0.410394 0.130719 0)
(0.367064 0.119635 0)
(0.327253 0.107959 0)
(0.291426 0.0973793 0)
(0.258473 0.0899696 0)
(0.228027 0.085716 0)
(0.199511 0.081702 0)
(0.173152 0.0774225 0)
(0.149134 0.0730242 0)
(0.126625 0.0686211 0)
(0.104285 0.0651873 0)
(0.0823651 0.0618335 0)
(0.0627296 0.0585401 0)
(0.0471755 0.0550783 0)
(0.0341043 0.0526617 0)
(0.0214514 0.0512393 0)
(0.00738414 0.0529452 0)
(2.52645 0.217603 0)
(2.56736 0.16184 0)
(2.60856 0.0942976 0)
(2.64245 0.0275425 0)
(2.65949 -0.0110494 0)
(2.71055 -0.114453 0)
(2.72879 -0.222652 0)
(2.72926 -0.246932 0)
(2.73167 -0.266303 0)
(2.75151 -0.35147 0)
(2.75102 -0.390194 0)
(2.74118 -0.4142 0)
(2.76639 -0.450423 0)
(2.77521 -0.49793 0)
(2.78533 -0.503307 0)
(2.79216 -0.532089 0)
(2.78433 -0.587749 0)
(2.77283 -0.60899 0)
(2.77043 -0.605586 0)
(2.77408 -0.597042 0)
(2.77509 -0.591927 0)
(2.76603 -0.569827 0)
(2.75164 -0.528923 0)
(2.72539 -0.459393 0)
(2.69644 -0.360985 0)
(2.67802 -0.315228 0)
(2.63729 -0.231172 0)
(2.61571 -0.178544 0)
(2.60807 -0.168149 0)
(2.60488 -0.126369 0)
(2.61085 -0.100457 0)
(2.59843 -0.0912771 0)
(2.58863 -0.0887616 0)
(2.57849 -0.0802992 0)
(2.56287 -0.062966 0)
(2.55542 -0.0435368 0)
(2.55012 -0.0414895 0)
(2.54109 -0.0464381 0)
(2.54343 -0.0474136 0)
(2.55788 -0.0405157 0)
(2.56427 -0.035073 0)
(2.56371 -0.0320405 0)
(2.55852 -0.0296305 0)
(2.5469 -0.0311059 0)
(2.53935 -0.0342374 0)
(2.53891 -0.0345949 0)
(2.53992 -0.0321965 0)
(2.54476 -0.0243796 0)
(2.55233 -0.0126124 0)
(2.55106 -0.00773473 0)
(2.54938 -0.00607513 0)
(2.54512 -0.00205986 0)
(2.53862 -0.00228895 0)
(2.41986 0.148832 0)
(1.15633 0.314729 0)
(1.01305 0.267508 0)
(1.02746 0.245245 0)
(1.01951 0.229865 0)
(1.00563 0.220764 0)
(0.987184 0.217071 0)
(0.964538 0.218002 0)
(0.939057 0.221137 0)
(0.911009 0.224931 0)
(0.879044 0.226533 0)
(0.842189 0.225129 0)
(0.800462 0.219911 0)
(0.755521 0.21363 0)
(0.709579 0.208556 0)
(0.663561 0.204013 0)
(0.617014 0.198765 0)
(0.568131 0.192992 0)
(0.516291 0.18452 0)
(0.463024 0.172876 0)
(0.412702 0.158504 0)
(0.36691 0.144386 0)
(0.324703 0.133201 0)
(0.285708 0.12522 0)
(0.248784 0.118294 0)
(0.214851 0.110888 0)
(0.184487 0.103055 0)
(0.156878 0.0948484 0)
(0.130169 0.0876327 0)
(0.103551 0.0816217 0)
(0.078273 0.077529 0)
(0.0573667 0.0735266 0)
(0.0408488 0.069579 0)
(0.0257899 0.0660792 0)
(0.00846303 0.0663745 0)
(2.43296 0.345131 0)
(2.45279 0.308821 0)
(2.52931 0.204979 0)
(2.58456 0.081586 0)
(2.61163 0.0443715 0)
(2.63631 0.0164093 0)
(2.66725 -0.0674837 0)
(2.66996 -0.123006 0)
(2.68702 -0.195444 0)
(2.70464 -0.268292 0)
(2.70654 -0.285477 0)
(2.70839 -0.312814 0)
(2.73979 -0.374718 0)
(2.75322 -0.419862 0)
(2.76108 -0.430757 0)
(2.76809 -0.462352 0)
(2.76646 -0.50684 0)
(2.7604 -0.509822 0)
(2.75215 -0.520307 0)
(2.77018 -0.539013 0)
(2.77695 -0.559933 0)
(2.78207 -0.567384 0)
(2.77894 -0.577715 0)
(2.76898 -0.570561 0)
(2.75695 -0.555552 0)
(2.74206 -0.527779 0)
(2.71556 -0.477669 0)
(2.68848 -0.396311 0)
(2.67459 -0.335205 0)
(2.6403 -0.209082 0)
(2.6352 -0.134973 0)
(2.64289 -0.120341 0)
(2.60949 -0.0880341 0)
(2.58408 -0.0820583 0)
(2.56364 -0.0825465 0)
(2.55605 -0.0696285 0)
(2.55581 -0.0587003 0)
(2.55712 -0.0562382 0)
(2.56123 -0.052458 0)
(2.56392 -0.0445843 0)
(2.56595 -0.0412836 0)
(2.56954 -0.0311699 0)
(2.56216 -0.0223377 0)
(2.5457 -0.0280078 0)
(2.53959 -0.0330845 0)
(2.53736 -0.0413765 0)
(2.54232 -0.0417466 0)
(2.55451 -0.0301757 0)
(2.56173 -0.0180014 0)
(2.55945 -0.014381 0)
(2.5565 -0.0121202 0)
(2.54879 -0.00549363 0)
(2.54027 -0.00410326 0)
(2.55619 0.0181595 0)
(1.26586 0.271965 0)
(1.00853 0.258202 0)
(1.02209 0.25437 0)
(1.02352 0.247562 0)
(1.02058 0.240401 0)
(1.01306 0.234141 0)
(1.00091 0.234622 0)
(0.986676 0.239197 0)
(0.970661 0.247489 0)
(0.949844 0.255952 0)
(0.924001 0.258144 0)
(0.892799 0.254375 0)
(0.856801 0.248737 0)
(0.817726 0.243745 0)
(0.77599 0.241404 0)
(0.731657 0.240291 0)
(0.683959 0.236619 0)
(0.631192 0.230076 0)
(0.574211 0.219828 0)
(0.517278 0.205232 0)
(0.463915 0.188364 0)
(0.414119 0.171912 0)
(0.366771 0.15858 0)
(0.320259 0.14894 0)
(0.275742 0.140945 0)
(0.23536 0.13292 0)
(0.199016 0.124044 0)
(0.16504 0.115259 0)
(0.132183 0.107158 0)
(0.100882 0.101084 0)
(0.0737411 0.0954249 0)
(0.0515366 0.0898256 0)
(0.0318746 0.084467 0)
(0.0102917 0.0836014 0)
(2.34555 0.434878 0)
(2.38006 0.387255 0)
(2.46108 0.286397 0)
(2.50176 0.22565 0)
(2.54509 0.158121 0)
(2.59764 0.0526215 0)
(2.61577 -0.00541846 0)
(2.61394 -0.0192006 0)
(2.63499 -0.0778015 0)
(2.66197 -0.159967 0)
(2.66589 -0.189364 0)
(2.67844 -0.222367 0)
(2.70123 -0.271274 0)
(2.71564 -0.295957 0)
(2.71885 -0.301034 0)
(2.73323 -0.347685 0)
(2.74027 -0.409101 0)
(2.73653 -0.427874 0)
(2.73688 -0.451937 0)
(2.74855 -0.487521 0)
(2.75866 -0.495193 0)
(2.76846 -0.502659 0)
(2.77796 -0.53941 0)
(2.76826 -0.568489 0)
(2.75828 -0.570933 0)
(2.75747 -0.567987 0)
(2.75574 -0.564997 0)
(2.75019 -0.552083 0)
(2.74269 -0.517279 0)
(2.72577 -0.466583 0)
(2.70806 -0.387873 0)
(2.69919 -0.325811 0)
(2.65392 -0.225995 0)
(2.61994 -0.166748 0)
(2.60124 -0.164076 0)
(2.58477 -0.132828 0)
(2.58375 -0.105108 0)
(2.59363 -0.0753537 0)
(2.59685 -0.0537331 0)
(2.58564 -0.0541543 0)
(2.58278 -0.0547002 0)
(2.57971 -0.0439642 0)
(2.56524 -0.0304561 0)
(2.54938 -0.0308621 0)
(2.54267 -0.0372805 0)
(2.53999 -0.0479514 0)
(2.54594 -0.0464895 0)
(2.56342 -0.0335464 0)
(2.57053 -0.0220257 0)
(2.56764 -0.0197276 0)
(2.56414 -0.0190745 0)
(2.55497 -0.0188536 0)
(2.54249 -0.017059 0)
(2.54726 -0.0175233 0)
(1.38364 0.239956 0)
(0.984882 0.26129 0)
(0.996802 0.254306 0)
(1.01047 0.248478 0)
(1.01441 0.244514 0)
(1.01146 0.242531 0)
(1.00646 0.243843 0)
(1.00162 0.249388 0)
(0.994562 0.258643 0)
(0.983695 0.267784 0)
(0.966429 0.275503 0)
(0.943646 0.281534 0)
(0.917294 0.283666 0)
(0.888402 0.283866 0)
(0.85696 0.284147 0)
(0.821429 0.284173 0)
(0.779466 0.284941 0)
(0.731306 0.282729 0)
(0.677721 0.275212 0)
(0.620334 0.263844 0)
(0.562302 0.24977 0)
(0.505242 0.234217 0)
(0.449074 0.218747 0)
(0.393845 0.204431 0)
(0.339964 0.191938 0)
(0.289936 0.180464 0)
(0.245423 0.167926 0)
(0.20492 0.155079 0)
(0.166875 0.142228 0)
(0.130561 0.131123 0)
(0.0969226 0.12189 0)
(0.0666268 0.114917 0)
(0.0394236 0.108392 0)
(0.0121983 0.106389 0)
(2.24078 0.52776 0)
(2.31856 0.45385 0)
(2.41169 0.340964 0)
(2.46423 0.260293 0)
(2.48364 0.234173 0)
(2.5119 0.185299 0)
(2.54562 0.117281 0)
(2.57603 0.0372587 0)
(2.60354 -0.053791 0)
(2.61608 -0.083735 0)
(2.61322 -0.0832973 0)
(2.6436 -0.124596 0)
(2.67516 -0.197548 0)
(2.68906 -0.232589 0)
(2.69041 -0.238776 0)
(2.70555 -0.284927 0)
(2.71052 -0.329872 0)
(2.71146 -0.337882 0)
(2.71335 -0.356746 0)
(2.73284 -0.405138 0)
(2.73599 -0.440617 0)
(2.7437 -0.44591 0)
(2.75531 -0.464404 0)
(2.75579 -0.487188 0)
(2.74249 -0.494614 0)
(2.74215 -0.520507 0)
(2.74832 -0.531459 0)
(2.75509 -0.530417 0)
(2.76187 -0.527639 0)
(2.76061 -0.533187 0)
(2.75471 -0.530857 0)
(2.74345 -0.504044 0)
(2.72111 -0.453099 0)
(2.6984 -0.394627 0)
(2.67172 -0.328339 0)
(2.62225 -0.211541 0)
(2.6076 -0.147766 0)
(2.62666 -0.112603 0)
(2.6313 -0.0473849 0)
(2.60392 -0.043214 0)
(2.58323 -0.0469744 0)
(2.5704 -0.0528884 0)
(2.56267 -0.0510765 0)
(2.5554 -0.047113 0)
(2.5525 -0.0495433 0)
(2.55026 -0.0515234 0)
(2.55645 -0.0459104 0)
(2.57255 -0.0307356 0)
(2.57943 -0.0201611 0)
(2.57655 -0.0190782 0)
(2.57108 -0.0214911 0)
(2.5589 -0.0274239 0)
(2.54795 -0.0267057 0)
(2.54919 -0.0282645 0)
(1.58441 0.230852 0)
(0.979908 0.245927 0)
(0.969674 0.239527 0)
(0.989049 0.242688 0)
(1.00039 0.242493 0)
(1.00453 0.245363 0)
(1.00539 0.250291 0)
(1.00451 0.258346 0)
(0.999379 0.268607 0)
(0.991404 0.279841 0)
(0.979262 0.289855 0)
(0.96456 0.296721 0)
(0.947788 0.301677 0)
(0.929141 0.307074 0)
(0.907734 0.312665 0)
(0.881308 0.320186 0)
(0.848782 0.325211 0)
(0.809679 0.326083 0)
(0.763761 0.323445 0)
(0.712733 0.316911 0)
(0.658678 0.30631 0)
(0.602508 0.29144 0)
(0.544422 0.273388 0)
(0.484534 0.255105 0)
(0.424234 0.238066 0)
(0.365991 0.222937 0)
(0.31203 0.20873 0)
(0.26195 0.195233 0)
(0.214412 0.181658 0)
(0.168295 0.169409 0)
(0.124717 0.158275 0)
(0.0857495 0.148061 0)
(0.0501378 0.138972 0)
(0.0152291 0.135415 0)
(2.18144 0.572324 0)
(2.28947 0.462701 0)
(2.35273 0.390414 0)
(2.36104 0.374493 0)
(2.40955 0.313379 0)
(2.47339 0.210258 0)
(2.50953 0.148803 0)
(2.50909 0.133495 0)
(2.52776 0.0762142 0)
(2.56246 0.0121917 0)
(2.5834 -0.0256369 0)
(2.61881 -0.0798895 0)
(2.63543 -0.12476 0)
(2.64463 -0.127393 0)
(2.65016 -0.140177 0)
(2.67239 -0.198482 0)
(2.68189 -0.254164 0)
(2.68345 -0.27603 0)
(2.68873 -0.287648 0)
(2.69743 -0.301381 0)
(2.71016 -0.335103 0)
(2.71856 -0.369605 0)
(2.72585 -0.397412 0)
(2.73514 -0.426112 0)
(2.72851 -0.441481 0)
(2.73414 -0.473712 0)
(2.73934 -0.500244 0)
(2.7498 -0.502442 0)
(2.75834 -0.506701 0)
(2.76761 -0.518938 0)
(2.76484 -0.532373 0)
(2.7594 -0.535797 0)
(2.74994 -0.527008 0)
(2.74416 -0.5183 0)
(2.73165 -0.497785 0)
(2.70899 -0.448749 0)
(2.68845 -0.373005 0)
(2.67291 -0.277131 0)
(2.6574 -0.16726 0)
(2.65391 -0.153609 0)
(2.62869 -0.135236 0)
(2.59901 -0.120224 0)
(2.58213 -0.107412 0)
(2.57258 -0.0820108 0)
(2.57023 -0.0612929 0)
(2.56896 -0.0469494 0)
(2.57494 -0.037876 0)
(2.58203 -0.0302207 0)
(2.58262 -0.023706 0)
(2.57915 -0.0178274 0)
(2.56942 -0.0176913 0)
(2.55798 -0.0266118 0)
(2.55264 -0.0276638 0)
(2.55376 -0.0334607 0)
(1.82598 0.222298 0)
(1.00364 0.240185 0)
(0.966822 0.225159 0)
(0.984615 0.225968 0)
(0.995291 0.231009 0)
(1.00201 0.239276 0)
(1.00689 0.249899 0)
(1.00922 0.26278 0)
(1.0057 0.275475 0)
(0.998344 0.287826 0)
(0.987399 0.298837 0)
(0.974463 0.30831 0)
(0.96087 0.317698 0)
(0.946841 0.326593 0)
(0.931433 0.335579 0)
(0.912898 0.344389 0)
(0.889517 0.353321 0)
(0.859603 0.36177 0)
(0.824436 0.365611 0)
(0.784954 0.363374 0)
(0.740905 0.357218 0)
(0.690398 0.348097 0)
(0.633163 0.336326 0)
(0.571183 0.320933 0)
(0.506668 0.30318 0)
(0.441867 0.286256 0)
(0.379842 0.269757 0)
(0.321323 0.253489 0)
(0.265458 0.236667 0)
(0.211326 0.220542 0)
(0.161477 0.202808 0)
(0.114207 0.188744 0)
(0.067403 0.178832 0)
(0.0208138 0.173883 0)
(2.15811 0.57454 0)
(2.23748 0.49188 0)
(2.26574 0.471959 0)
(2.29766 0.42967 0)
(2.37188 0.338269 0)
(2.41745 0.272369 0)
(2.42564 0.253988 0)
(2.46314 0.185973 0)
(2.5006 0.0973231 0)
(2.52327 0.076611 0)
(2.53299 0.0719553 0)
(2.56828 0.0254542 0)
(2.60155 -0.0454518 0)
(2.61498 -0.0723335 0)
(2.62757 -0.100807 0)
(2.64494 -0.155842 0)
(2.65093 -0.170676 0)
(2.64316 -0.180376 0)
(2.67004 -0.228892 0)
(2.6827 -0.275251 0)
(2.69143 -0.278524 0)
(2.6996 -0.303023 0)
(2.70456 -0.341706 0)
(2.70954 -0.352043 0)
(2.71118 -0.360021 0)
(2.72344 -0.395974 0)
(2.72846 -0.423513 0)
(2.73199 -0.433532 0)
(2.73963 -0.443795 0)
(2.74984 -0.460402 0)
(2.75585 -0.474023 0)
(2.75085 -0.486735 0)
(2.73683 -0.50257 0)
(2.73456 -0.507697 0)
(2.73735 -0.507167 0)
(2.74135 -0.507745 0)
(2.74121 -0.498162 0)
(2.73673 -0.466637 0)
(2.7209 -0.403927 0)
(2.70759 -0.342643 0)
(2.66936 -0.257348 0)
(2.62185 -0.166345 0)
(2.6021 -0.15995 0)
(2.57531 -0.107975 0)
(2.57477 -0.046614 0)
(2.58338 -0.0321424 0)
(2.59253 -0.041214 0)
(2.58994 -0.0444358 0)
(2.58753 -0.0429653 0)
(2.58226 -0.0394044 0)
(2.57073 -0.0282801 0)
(2.56008 -0.0242626 0)
(2.55641 -0.0235107 0)
(2.55791 -0.0340714 0)
(2.1052 0.195397 0)
(1.04801 0.240791 0)
(0.975393 0.213508 0)
(0.996807 0.213193 0)
(1.00686 0.219567 0)
(1.01461 0.231485 0)
(1.02072 0.247396 0)
(1.02206 0.266477 0)
(1.01674 0.283284 0)
(1.00761 0.297038 0)
(0.997121 0.309325 0)
(0.985598 0.320778 0)
(0.973512 0.332263 0)
(0.960054 0.342965 0)
(0.945388 0.353616 0)
(0.928151 0.364269 0)
(0.908909 0.375638 0)
(0.887668 0.385394 0)
(0.863448 0.393746 0)
(0.834491 0.401415 0)
(0.799755 0.404421 0)
(0.759214 0.401372 0)
(0.710819 0.393037 0)
(0.654125 0.380978 0)
(0.591728 0.365768 0)
(0.527577 0.347494 0)
(0.463657 0.327922 0)
(0.399999 0.309229 0)
(0.336203 0.291156 0)
(0.272925 0.273057 0)
(0.209636 0.257663 0)
(0.146929 0.246355 0)
(0.0884464 0.232512 0)
(0.0276156 0.226072 0)
(2.11913 0.578399 0)
(2.16586 0.547075 0)
(2.18922 0.528327 0)
(2.26118 0.460576 0)
(2.33021 0.37102 0)
(2.36662 0.327808 0)
(2.38061 0.301372 0)
(2.41715 0.245909 0)
(2.45846 0.181786 0)
(2.4815 0.15623 0)
(2.51006 0.11699 0)
(2.54702 0.0502485 0)
(2.5641 0.0222754 0)
(2.56686 0.0233517 0)
(2.58792 -0.0164297 0)
(2.61666 -0.0902444 0)
(2.62697 -0.128503 0)
(2.62865 -0.135712 0)
(2.64273 -0.164616 0)
(2.65589 -0.199842 0)
(2.66526 -0.208223 0)
(2.67111 -0.223687 0)
(2.68451 -0.271951 0)
(2.68726 -0.3009 0)
(2.68987 -0.30345 0)
(2.70202 -0.327839 0)
(2.71014 -0.347951 0)
(2.71147 -0.353677 0)
(2.72257 -0.378232 0)
(2.73264 -0.414216 0)
(2.73838 -0.439312 0)
(2.73744 -0.461986 0)
(2.72955 -0.481247 0)
(2.72983 -0.49434 0)
(2.73937 -0.502644 0)
(2.74728 -0.502713 0)
(2.75236 -0.499231 0)
(2.75815 -0.497121 0)
(2.75765 -0.496175 0)
(2.74583 -0.484142 0)
(2.72491 -0.459805 0)
(2.69577 -0.412428 0)
(2.66187 -0.341153 0)
(2.61876 -0.244855 0)
(2.61005 -0.165492 0)
(2.63806 -0.135711 0)
(2.6479 -0.0891696 0)
(2.61961 -0.0777227 0)
(2.6022 -0.0773513 0)
(2.59199 -0.0723726 0)
(2.5794 -0.0517267 0)
(2.56515 -0.0320418 0)
(2.56113 -0.0292606 0)
(2.56023 -0.037215 0)
(2.39404 0.112393 0)
(1.12026 0.242006 0)
(0.994435 0.212085 0)
(1.02373 0.21299 0)
(1.03501 0.221231 0)
(1.04217 0.234992 0)
(1.04653 0.252863 0)
(1.04451 0.272044 0)
(1.036 0.289519 0)
(1.02418 0.305424 0)
(1.01315 0.319923 0)
(1.00245 0.333564 0)
(0.990196 0.347072 0)
(0.975449 0.359603 0)
(0.958437 0.371067 0)
(0.939612 0.381337 0)
(0.921145 0.392116 0)
(0.903917 0.40371 0)
(0.887139 0.416219 0)
(0.867817 0.427719 0)
(0.842825 0.436412 0)
(0.811909 0.440615 0)
(0.772555 0.44137 0)
(0.72466 0.436099 0)
(0.669835 0.425233 0)
(0.609508 0.412354 0)
(0.545838 0.397131 0)
(0.479133 0.380567 0)
(0.409685 0.36203 0)
(0.336864 0.345645 0)
(0.264316 0.329379 0)
(0.195148 0.31239 0)
(0.123339 0.299412 0)
(0.042186 0.296775 0)
(2.05986 0.608709 0)
(2.09161 0.597454 0)
(2.14879 0.554145 0)
(2.23244 0.466196 0)
(2.28314 0.405618 0)
(2.29645 0.398465 0)
(2.32604 0.360353 0)
(2.38849 0.283157 0)
(2.43027 0.226052 0)
(2.44937 0.213318 0)
(2.46495 0.1906 0)
(2.5033 0.132976 0)
(2.53102 0.083453 0)
(2.54455 0.0577843 0)
(2.56799 0.0094411 0)
(2.58206 -0.0328084 0)
(2.58429 -0.0370478 0)
(2.59121 -0.0584414 0)
(2.61969 -0.111031 0)
(2.63642 -0.155983 0)
(2.64363 -0.168059 0)
(2.65156 -0.185144 0)
(2.66274 -0.216002 0)
(2.66413 -0.224761 0)
(2.66861 -0.245497 0)
(2.68478 -0.285806 0)
(2.69172 -0.30823 0)
(2.69901 -0.304002 0)
(2.70558 -0.315367 0)
(2.71004 -0.350562 0)
(2.70881 -0.363677 0)
(2.70018 -0.370132 0)
(2.71233 -0.404409 0)
(2.71855 -0.427812 0)
(2.7259 -0.430124 0)
(2.73465 -0.440548 0)
(2.74649 -0.458805 0)
(2.75126 -0.47239 0)
(2.75582 -0.479968 0)
(2.74703 -0.485613 0)
(2.73051 -0.485563 0)
(2.72646 -0.481738 0)
(2.7181 -0.470841 0)
(2.70263 -0.431354 0)
(2.68606 -0.363305 0)
(2.68063 -0.274065 0)
(2.67197 -0.170107 0)
(2.64451 -0.086465 0)
(2.6205 -0.0884565 0)
(2.59393 -0.0833594 0)
(2.57282 -0.0764675 0)
(2.56632 -0.0608614 0)
(2.5666 -0.0452527 0)
(2.57435 -0.0412132 0)
(2.55677 0.00375476 0)
(1.21055 0.204227 0)
(1.00993 0.188831 0)
(1.04961 0.202118 0)
(1.0593 0.219882 0)
(1.06788 0.239074 0)
(1.07254 0.261646 0)
(1.06725 0.283527 0)
(1.05513 0.301813 0)
(1.04188 0.317154 0)
(1.03191 0.33028 0)
(1.02225 0.34468 0)
(1.00986 0.360181 0)
(0.993863 0.374915 0)
(0.974291 0.387217 0)
(0.952804 0.397407 0)
(0.933401 0.407924 0)
(0.919075 0.420043 0)
(0.906455 0.434017 0)
(0.891007 0.449146 0)
(0.870722 0.462826 0)
(0.845449 0.473625 0)
(0.81538 0.479273 0)
(0.778438 0.480349 0)
(0.733885 0.479237 0)
(0.683122 0.47389 0)
(0.627394 0.463277 0)
(0.565601 0.449135 0)
(0.496133 0.433774 0)
(0.421138 0.416453 0)
(0.342826 0.401265 0)
(0.257362 0.396426 0)
(0.165916 0.393674 0)
(0.0532063 0.401344 0)
(1.99997 0.644539 0)
(2.04957 0.617548 0)
(2.12698 0.5601 0)
(2.18563 0.487957 0)
(2.2125 0.469039 0)
(2.23248 0.452335 0)
(2.2991 0.39176 0)
(2.35348 0.315483 0)
(2.37926 0.297427 0)
(2.38733 0.28605 0)
(2.43577 0.228927 0)
(2.47426 0.160481 0)
(2.49099 0.145041 0)
(2.49213 0.133044 0)
(2.52094 0.0816334 0)
(2.54955 0.0206754 0)
(2.56044 0.00103677 0)
(2.57445 -0.026774 0)
(2.59191 -0.0692634 0)
(2.60111 -0.0772116 0)
(2.60045 -0.0833928 0)
(2.62682 -0.127128 0)
(2.63992 -0.173114 0)
(2.64621 -0.182601 0)
(2.64654 -0.187924 0)
(2.66234 -0.219416 0)
(2.67138 -0.246262 0)
(2.67876 -0.252748 0)
(2.68763 -0.268579 0)
(2.69409 -0.306091 0)
(2.69151 -0.328094 0)
(2.68691 -0.332204 0)
(2.69579 -0.351084 0)
(2.70573 -0.372731 0)
(2.71386 -0.379096 0)
(2.72232 -0.384823 0)
(2.73492 -0.407393 0)
(2.74031 -0.43405 0)
(2.74183 -0.452693 0)
(2.7367 -0.471057 0)
(2.72557 -0.486545 0)
(2.73094 -0.490072 0)
(2.73347 -0.484351 0)
(2.73957 -0.47285 0)
(2.74164 -0.466041 0)
(2.73583 -0.443852 0)
(2.7215 -0.39678 0)
(2.7022 -0.33306 0)
(2.6765 -0.276299 0)
(2.62164 -0.182999 0)
(2.58853 -0.14548 0)
(2.58379 -0.126128 0)
(2.58757 -0.0855224 0)
(2.60534 -0.0688067 0)
(2.60108 -0.0273837 0)
(1.26798 0.130751 0)
(1.00416 0.149124 0)
(1.06198 0.184089 0)
(1.06856 0.219214 0)
(1.07965 0.247247 0)
(1.08581 0.275243 0)
(1.08041 0.298865 0)
(1.06513 0.316443 0)
(1.04828 0.331357 0)
(1.04002 0.344673 0)
(1.03586 0.358323 0)
(1.02655 0.373474 0)
(1.01085 0.38889 0)
(0.988716 0.402228 0)
(0.964936 0.412951 0)
(0.947084 0.424303 0)
(0.935608 0.437137 0)
(0.924695 0.452407 0)
(0.910766 0.469167 0)
(0.892482 0.484974 0)
(0.870399 0.498222 0)
(0.846186 0.508066 0)
(0.818653 0.515295 0)
(0.787033 0.519656 0)
(0.748816 0.523134 0)
(0.70309 0.522974 0)
(0.648122 0.518676 0)
(0.583622 0.509013 0)
(0.509621 0.49968 0)
(0.429581 0.495288 0)
(0.346249 0.499268 0)
(0.251937 0.50085 0)
(0.114433 0.541776 0)
(1.96713 0.660777 0)
(2.0281 0.621415 0)
(2.08517 0.583537 0)
(2.13102 0.531343 0)
(2.15871 0.515057 0)
(2.20582 0.47898 0)
(2.27207 0.409249 0)
(2.30699 0.363723 0)
(2.31919 0.362476 0)
(2.3513 0.328123 0)
(2.40314 0.259536 0)
(2.43255 0.213543 0)
(2.43982 0.207354 0)
(2.46349 0.166646 0)
(2.49587 0.100473 0)
(2.51283 0.0770834 0)
(2.51292 0.0755879 0)
(2.53539 0.0414681 0)
(2.56502 -0.0139122 0)
(2.58021 -0.043858 0)
(2.58741 -0.0514354 0)
(2.60222 -0.0806052 0)
(2.61226 -0.111198 0)
(2.61551 -0.11584 0)
(2.62727 -0.139343 0)
(2.64597 -0.179412 0)
(2.65482 -0.199509 0)
(2.6581 -0.206983 0)
(2.66758 -0.231337 0)
(2.67488 -0.260881 0)
(2.67261 -0.266577 0)
(2.67153 -0.281516 0)
(2.68526 -0.308375 0)
(2.69327 -0.324079 0)
(2.70068 -0.332698 0)
(2.70876 -0.338806 0)
(2.71719 -0.346626 0)
(2.71901 -0.364686 0)
(2.71353 -0.384407 0)
(2.70493 -0.402619 0)
(2.70676 -0.424571 0)
(2.71733 -0.431259 0)
(2.72866 -0.442869 0)
(2.741 -0.449609 0)
(2.74664 -0.448336 0)
(2.74767 -0.454843 0)
(2.74261 -0.458331 0)
(2.73304 -0.447765 0)
(2.72071 -0.429488 0)
(2.69541 -0.389133 0)
(2.67186 -0.341322 0)
(2.63116 -0.235553 0)
(2.61308 -0.134803 0)
(2.61656 -0.0690135 0)
(2.64586 -0.0855416 0)
(1.29734 0.0550773 0)
(0.977753 0.107717 0)
(1.03927 0.174633 0)
(1.05016 0.227383 0)
(1.06662 0.260035 0)
(1.07782 0.286752 0)
(1.07461 0.308096 0)
(1.06055 0.327048 0)
(1.04642 0.345348 0)
(1.04121 0.359058 0)
(1.03977 0.37333 0)
(1.03257 0.388196 0)
(1.01764 0.402475 0)
(0.996469 0.415201 0)
(0.975305 0.426318 0)
(0.960883 0.439136 0)
(0.951745 0.454149 0)
(0.942609 0.471039 0)
(0.929924 0.487905 0)
(0.912229 0.50373 0)
(0.890881 0.5179 0)
(0.869643 0.530571 0)
(0.849588 0.542751 0)
(0.827262 0.554633 0)
(0.800278 0.565959 0)
(0.766218 0.574558 0)
(0.723318 0.579452 0)
(0.670126 0.57969 0)
(0.606772 0.578609 0)
(0.536894 0.578563 0)
(0.458324 0.594683 0)
(0.326732 0.663802 0)
(0.170102 0.829847 0)
(1.9409 0.670374 0)
(1.99755 0.635625 0)
(2.03627 0.612796 0)
(2.0882 0.569101 0)
(2.13138 0.537925 0)
(2.18234 0.503122 0)
(2.23208 0.442188 0)
(2.25577 0.41648 0)
(2.27386 0.406146 0)
(2.3273 0.355904 0)
(2.36951 0.286018 0)
(2.3895 0.264889 0)
(2.39574 0.255841 0)
(2.43041 0.209666 0)
(2.46249 0.150996 0)
(2.47985 0.129552 0)
(2.48838 0.113577 0)
(2.51736 0.0693033 0)
(2.53553 0.0348257 0)
(2.54276 0.0328445 0)
(2.55373 0.0131454 0)
(2.58018 -0.0368553 0)
(2.59415 -0.0753168 0)
(2.59838 -0.0807493 0)
(2.61048 -0.101281 0)
(2.62303 -0.131786 0)
(2.62865 -0.135655 0)
(2.62772 -0.1455 0)
(2.64511 -0.187388 0)
(2.65185 -0.218718 0)
(2.65542 -0.221806 0)
(2.65783 -0.231081 0)
(2.67217 -0.259059 0)
(2.67934 -0.269325 0)
(2.68585 -0.279639 0)
(2.69639 -0.300602 0)
(2.70266 -0.316548 0)
(2.70741 -0.331918 0)
(2.70289 -0.357019 0)
(2.69614 -0.375891 0)
(2.69689 -0.38688 0)
(2.71203 -0.396934 0)
(2.72346 -0.408266 0)
(2.73149 -0.418396 0)
(2.74239 -0.425105 0)
(2.74924 -0.438012 0)
(2.74529 -0.451392 0)
(2.73447 -0.457373 0)
(2.72807 -0.454638 0)
(2.72589 -0.451315 0)
(2.72126 -0.439976 0)
(2.70632 -0.400845 0)
(2.70195 -0.36151 0)
(2.66424 -0.232071 0)
(2.69947 -0.213576 0)
(1.25812 0.0120374 0)
(0.906825 0.0960875 0)
(0.953231 0.156278 0)
(0.969847 0.208883 0)
(0.994914 0.247972 0)
(1.01902 0.277126 0)
(1.0303 0.301259 0)
(1.02806 0.322433 0)
(1.02414 0.344259 0)
(1.02562 0.363019 0)
(1.03026 0.380768 0)
(1.02754 0.398261 0)
(1.01511 0.412828 0)
(0.99588 0.42638 0)
(0.97881 0.440443 0)
(0.97026 0.454683 0)
(0.965426 0.471834 0)
(0.957948 0.490083 0)
(0.945184 0.506618 0)
(0.927474 0.521303 0)
(0.906821 0.535051 0)
(0.889515 0.549619 0)
(0.876219 0.565657 0)
(0.8616 0.58274 0)
(0.842664 0.600048 0)
(0.818607 0.615988 0)
(0.787962 0.630121 0)
(0.748834 0.640853 0)
(0.700633 0.651696 0)
(0.645795 0.662597 0)
(0.589462 0.713826 0)
(0.546755 0.845256 0)
(0.644956 1.10576 0)
(1.91802 0.676927 0)
(1.95942 0.659468 0)
(1.99763 0.635514 0)
(2.05931 0.589363 0)
(2.11157 0.549319 0)
(2.14931 0.528062 0)
(2.1902 0.480671 0)
(2.21665 0.454771 0)
(2.25015 0.430556 0)
(2.30467 0.372221 0)
(2.33236 0.321028 0)
(2.34248 0.31814 0)
(2.36249 0.294017 0)
(2.40861 0.232195 0)
(2.43438 0.186636 0)
(2.44349 0.185044 0)
(2.4554 0.166393 0)
(2.49012 0.119573 0)
(2.51373 0.0763661 0)
(2.52387 0.0670567 0)
(2.53693 0.0443055 0)
(2.55501 0.00266574 0)
(2.56323 -0.00896382 0)
(2.56437 -0.017257 0)
(2.58898 -0.0540276 0)
(2.60443 -0.0968301 0)
(2.61172 -0.110934 0)
(2.61328 -0.114225 0)
(2.62476 -0.143954 0)
(2.63294 -0.171759 0)
(2.63641 -0.175065 0)
(2.64625 -0.191442 0)
(2.65863 -0.220728 0)
(2.66609 -0.229005 0)
(2.66924 -0.229085 0)
(2.68021 -0.250734 0)
(2.68593 -0.278853 0)
(2.68844 -0.294181 0)
(2.68011 -0.301521 0)
(2.68187 -0.324851 0)
(2.68839 -0.335987 0)
(2.69686 -0.338587 0)
(2.71037 -0.349495 0)
(2.71841 -0.366068 0)
(2.72421 -0.375501 0)
(2.73195 -0.384004 0)
(2.73036 -0.39796 0)
(2.71375 -0.417622 0)
(2.71398 -0.430006 0)
(2.71765 -0.43126 0)
(2.72338 -0.431466 0)
(2.73023 -0.431901 0)
(2.73447 -0.430088 0)
(2.7252 -0.396326 0)
(2.73711 -0.383881 0)
(1.30228 -0.0118923 0)
(0.832138 0.0818529 0)
(0.843886 0.138351 0)
(0.854578 0.199316 0)
(0.881296 0.245383 0)
(0.909878 0.27527 0)
(0.933437 0.293523 0)
(0.949892 0.312999 0)
(0.96253 0.33702 0)
(0.97659 0.361142 0)
(0.993031 0.381892 0)
(1.00151 0.401431 0)
(0.995582 0.418112 0)
(0.983411 0.435001 0)
(0.974435 0.452495 0)
(0.971842 0.469372 0)
(0.972064 0.489105 0)
(0.965608 0.507614 0)
(0.952841 0.521952 0)
(0.935708 0.53478 0)
(0.919634 0.549114 0)
(0.907845 0.565923 0)
(0.900125 0.585134 0)
(0.891298 0.606305 0)
(0.87846 0.627918 0)
(0.862296 0.648947 0)
(0.84236 0.670345 0)
(0.81766 0.689471 0)
(0.789475 0.713132 0)
(0.75878 0.737562 0)
(0.74332 0.804627 0)
(0.790524 0.906226 0)
(1.03715 1.04045 0)
(1.88637 0.696009 0)
(1.92271 0.681838 0)
(1.97856 0.645141 0)
(2.03779 0.596577 0)
(2.07438 0.576111 0)
(2.10205 0.55839 0)
(2.15157 0.513735 0)
(2.1944 0.471088 0)
(2.22671 0.451026 0)
(2.26568 0.404604 0)
(2.28819 0.367845 0)
(2.30349 0.359723 0)
(2.3442 0.320775 0)
(2.38106 0.260065 0)
(2.39819 0.238315 0)
(2.40249 0.236822 0)
(2.43536 0.201498 0)
(2.46743 0.14738 0)
(2.48272 0.130083 0)
(2.48293 0.127268 0)
(2.50752 0.091849 0)
(2.53234 0.0419757 0)
(2.54584 0.0186264 0)
(2.55031 0.0139004 0)
(2.56504 -0.0126802 0)
(2.57588 -0.040556 0)
(2.57684 -0.046874 0)
(2.59193 -0.0744159 0)
(2.60927 -0.11571 0)
(2.61746 -0.132075 0)
(2.61912 -0.131393 0)
(2.6318 -0.149382 0)
(2.64357 -0.178474 0)
(2.65095 -0.188388 0)
(2.65547 -0.188703 0)
(2.66177 -0.207144 0)
(2.66499 -0.23661 0)
(2.66577 -0.254739 0)
(2.66375 -0.268114 0)
(2.67064 -0.283483 0)
(2.68026 -0.296661 0)
(2.68917 -0.301096 0)
(2.6996 -0.307033 0)
(2.71041 -0.323457 0)
(2.71475 -0.343386 0)
(2.71767 -0.358816 0)
(2.71688 -0.374881 0)
(2.70823 -0.397433 0)
(2.70471 -0.410287 0)
(2.71422 -0.420473 0)
(2.72577 -0.429513 0)
(2.73657 -0.431944 0)
(2.74326 -0.426691 0)
(2.74539 -0.423662 0)
(2.74193 -0.422983 0)
(1.62163 -0.00113358 0)
(0.835711 0.0963199 0)
(0.796591 0.142311 0)
(0.798939 0.181272 0)
(0.802405 0.216927 0)
(0.810834 0.246663 0)
(0.824991 0.267612 0)
(0.846655 0.284685 0)
(0.871195 0.307414 0)
(0.896926 0.336407 0)
(0.923253 0.36572 0)
(0.944617 0.3896 0)
(0.953226 0.411268 0)
(0.954622 0.433254 0)
(0.957945 0.454244 0)
(0.965459 0.47489 0)
(0.971831 0.497728 0)
(0.967303 0.517009 0)
(0.955441 0.53074 0)
(0.939464 0.544421 0)
(0.929363 0.560373 0)
(0.923854 0.579332 0)
(0.920775 0.601931 0)
(0.916563 0.626574 0)
(0.909436 0.651078 0)
(0.898757 0.674659 0)
(0.887869 0.700624 0)
(0.876822 0.72678 0)
(0.869528 0.760199 0)
(0.867495 0.79687 0)
(0.889868 0.85124 0)
(0.982557 0.922253 0)
(1.23385 0.992512 0)
(1.8601 0.713683 0)
(1.90559 0.688705 0)
(1.9674 0.645026 0)
(2.01098 0.615192 0)
(2.03501 0.605754 0)
(2.07547 0.574547 0)
(2.131 0.521697 0)
(2.16653 0.494642 0)
(2.18911 0.48145 0)
(2.22832 0.438141 0)
(2.26031 0.396589 0)
(2.28276 0.383926 0)
(2.31978 0.348864 0)
(2.34844 0.297473 0)
(2.36214 0.287464 0)
(2.37643 0.273744 0)
(2.41676 0.228572 0)
(2.44083 0.182993 0)
(2.45163 0.176558 0)
(2.45887 0.162104 0)
(2.48914 0.116012 0)
(2.50608 0.0819447 0)
(2.50979 0.0815987 0)
(2.52293 0.060968 0)
(2.5475 0.0146794 0)
(2.55976 -0.0172585 0)
(2.56281 -0.0181739 0)
(2.57161 -0.0331523 0)
(2.58763 -0.0669605 0)
(2.59627 -0.0792181 0)
(2.59936 -0.0861637 0)
(2.618 -0.113206 0)
(2.62889 -0.142968 0)
(2.63541 -0.149528 0)
(2.64055 -0.156872 0)
(2.64834 -0.180462 0)
(2.65087 -0.204715 0)
(2.64789 -0.216903 0)
(2.65066 -0.229996 0)
(2.66129 -0.243236 0)
(2.67211 -0.254637 0)
(2.6804 -0.263282 0)
(2.6886 -0.268267 0)
(2.69507 -0.275138 0)
(2.69757 -0.290678 0)
(2.6982 -0.314115 0)
(2.69612 -0.332874 0)
(2.68948 -0.343458 0)
(2.69654 -0.353307 0)
(2.70636 -0.360764 0)
(2.7158 -0.368815 0)
(2.72579 -0.381488 0)
(2.73489 -0.387407 0)
(2.73904 -0.39339 0)
(2.73362 -0.407345 0)
(2.23539 -0.039663 0)
(0.937903 0.16238 0)
(0.803317 0.168788 0)
(0.796444 0.187849 0)
(0.7843 0.211492 0)
(0.768907 0.228502 0)
(0.761907 0.244313 0)
(0.768184 0.264386 0)
(0.786238 0.291999 0)
(0.810512 0.321 0)
(0.836165 0.348381 0)
(0.860732 0.372951 0)
(0.882869 0.394893 0)
(0.901704 0.419335 0)
(0.919453 0.446701 0)
(0.940861 0.472359 0)
(0.958433 0.498285 0)
(0.959315 0.521526 0)
(0.949278 0.538312 0)
(0.938257 0.554966 0)
(0.935152 0.571848 0)
(0.936946 0.592768 0)
(0.938779 0.61847 0)
(0.93716 0.644888 0)
(0.933804 0.669636 0)
(0.927384 0.694277 0)
(0.925973 0.721714 0)
(0.927884 0.751543 0)
(0.939422 0.789923 0)
(0.960424 0.832458 0)
(1.00998 0.875231 0)
(1.11905 0.928444 0)
(1.33454 0.963085 0)
(1.84146 0.72486 0)
(1.89749 0.690226 0)
(1.94648 0.655092 0)
(1.9748 0.643601 0)
(2.00639 0.625698 0)
(2.06206 0.582898 0)
(2.10772 0.538416 0)
(2.13056 0.528062 0)
(2.15574 0.508264 0)
(2.20245 0.460388 0)
(2.23376 0.42706 0)
(2.2544 0.416401 0)
(2.29034 0.379681 0)
(2.31778 0.33328 0)
(2.33305 0.325912 0)
(2.35615 0.306885 0)
(2.39327 0.257124 0)
(2.411 0.223667 0)
(2.41654 0.222511 0)
(2.43665 0.196996 0)
(2.46694 0.148848 0)
(2.48332 0.11978 0)
(2.48898 0.117073 0)
(2.50367 0.0951464 0)
(2.52367 0.0534978 0)
(2.53268 0.0378657 0)
(2.53556 0.0302346 0)
(2.558 -0.00150721 0)
(2.57298 -0.037952 0)
(2.5816 -0.0471585 0)
(2.58457 -0.0478496 0)
(2.60014 -0.0718718 0)
(2.61014 -0.0971232 0)
(2.6122 -0.0988981 0)
(2.62061 -0.118184 0)
(2.63136 -0.155853 0)
(2.63452 -0.170839 0)
(2.63013 -0.176628 0)
(2.6426 -0.191919 0)
(2.65387 -0.208031 0)
(2.66365 -0.215617 0)
(2.67156 -0.224978 0)
(2.67733 -0.23604 0)
(2.68328 -0.245544 0)
(2.68706 -0.256967 0)
(2.68374 -0.279797 0)
(2.68091 -0.301763 0)
(2.68016 -0.312104 0)
(2.68948 -0.319581 0)
(2.70195 -0.326476 0)
(2.7119 -0.335055 0)
(2.72106 -0.34825 0)
(2.72721 -0.359747 0)
(2.73174 -0.371669 0)
(2.72832 -0.39923 0)
(2.75081 -0.340266 0)
(1.20565 0.178697 0)
(0.875626 0.195911 0)
(0.82884 0.20838 0)
(0.79448 0.223388 0)
(0.761523 0.238591 0)
(0.745389 0.252825 0)
(0.745413 0.262697 0)
(0.750749 0.279615 0)
(0.757696 0.302425 0)
(0.766801 0.324318 0)
(0.781207 0.343029 0)
(0.802739 0.363822 0)
(0.830523 0.389311 0)
(0.86103 0.421212 0)
(0.893753 0.456055 0)
(0.924446 0.487241 0)
(0.936216 0.515743 0)
(0.933995 0.538836 0)
(0.932191 0.560636 0)
(0.936479 0.581377 0)
(0.946008 0.604596 0)
(0.953783 0.631731 0)
(0.954489 0.657137 0)
(0.950971 0.680743 0)
(0.949914 0.705888 0)
(0.956851 0.733686 0)
(0.971199 0.767332 0)
(0.995425 0.810013 0)
(1.03624 0.847786 0)
(1.10275 0.887678 0)
(1.21181 0.926081 0)
(1.38835 0.943948 0)
(1.83501 0.72451 0)
(1.88784 0.691737 0)
(1.92216 0.675379 0)
(1.94783 0.66409 0)
(1.99568 0.631972 0)
(2.04999 0.586153 0)
(2.08122 0.565964 0)
(2.09744 0.558567 0)
(2.13684 0.52625 0)
(2.18362 0.476388 0)
(2.21175 0.453838 0)
(2.22884 0.443684 0)
(2.26343 0.406968 0)
(2.29248 0.365875 0)
(2.31058 0.356466 0)
(2.33939 0.331148 0)
(2.36989 0.281693 0)
(2.3833 0.262261 0)
(2.38972 0.257766 0)
(2.42114 0.222733 0)
(2.44598 0.174935 0)
(2.45728 0.164141 0)
(2.46075 0.159703 0)
(2.487 0.123874 0)
(2.5064 0.0807373 0)
(2.51651 0.0690496 0)
(2.51932 0.0660302 0)
(2.53858 0.0381429 0)
(2.55245 0.00851493 0)
(2.55762 0.00347696 0)
(2.57029 -0.0148499 0)
(2.58853 -0.0495743 0)
(2.59648 -0.070394 0)
(2.59866 -0.0686622 0)
(2.60199 -0.0817155 0)
(2.61185 -0.118097 0)
(2.61736 -0.135379 0)
(2.61883 -0.140062 0)
(2.63263 -0.154561 0)
(2.64278 -0.171445 0)
(2.65133 -0.175882 0)
(2.66009 -0.183437 0)
(2.67041 -0.203923 0)
(2.67347 -0.224223 0)
(2.67508 -0.238918 0)
(2.66865 -0.249564 0)
(2.66477 -0.259862 0)
(2.67365 -0.269669 0)
(2.68099 -0.277391 0)
(2.69254 -0.288122 0)
(2.70263 -0.293986 0)
(2.71191 -0.300474 0)
(2.71633 -0.314851 0)
(2.71526 -0.324537 0)
(2.70917 -0.346882 0)
(2.7148 -0.354522 0)
(1.72603 0.19354 0)
(0.955928 0.286613 0)
(0.868171 0.272027 0)
(0.819039 0.267489 0)
(0.776239 0.264196 0)
(0.751054 0.267561 0)
(0.745911 0.271359 0)
(0.747018 0.282564 0)
(0.74318 0.294806 0)
(0.735768 0.305897 0)
(0.734185 0.318057 0)
(0.74386 0.334721 0)
(0.765902 0.359592 0)
(0.797906 0.392356 0)
(0.833772 0.429441 0)
(0.868506 0.46544 0)
(0.893575 0.496634 0)
(0.90619 0.526913 0)
(0.916407 0.556373 0)
(0.931825 0.582335 0)
(0.95192 0.608929 0)
(0.965229 0.637929 0)
(0.968338 0.663598 0)
(0.965399 0.688121 0)
(0.968764 0.713533 0)
(0.98243 0.741394 0)
(1.00714 0.77587 0)
(1.04154 0.819881 0)
(1.09629 0.858605 0)
(1.16991 0.893302 0)
(1.27323 0.920804 0)
(1.42086 0.928819 0)
(1.82729 0.726716 0)
(1.86598 0.706299 0)
(1.89409 0.697488 0)
(1.93441 0.674818 0)
(1.98863 0.634333 0)
(2.02604 0.605039 0)
(2.04449 0.599814 0)
(2.07434 0.580119 0)
(2.12603 0.535824 0)
(2.16284 0.496325 0)
(2.17873 0.490176 0)
(2.19932 0.472682 0)
(2.24201 0.429314 0)
(2.27198 0.392639 0)
(2.28878 0.38526 0)
(2.31264 0.361725 0)
(2.34139 0.315512 0)
(2.3566 0.299115 0)
(2.37051 0.287162 0)
(2.40314 0.247908 0)
(2.42116 0.20974 0)
(2.42906 0.20681 0)
(2.44004 0.192883 0)
(2.46915 0.150846 0)
(2.48407 0.119338 0)
(2.48824 0.119794 0)
(2.50062 0.10324 0)
(2.52468 0.0640429 0)
(2.53737 0.0376867 0)
(2.54244 0.0379106 0)
(2.55025 0.0273741 0)
(2.56765 -0.00543696 0)
(2.57619 -0.0261641 0)
(2.5788 -0.0335672 0)
(2.59042 -0.0623309 0)
(2.59843 -0.09304 0)
(2.60388 -0.0986831 0)
(2.60768 -0.100424 0)
(2.62203 -0.116029 0)
(2.63386 -0.136699 0)
(2.64124 -0.146868 0)
(2.64702 -0.14811 0)
(2.65163 -0.157627 0)
(2.6571 -0.184637 0)
(2.65829 -0.211182 0)
(2.65737 -0.226898 0)
(2.65832 -0.233849 0)
(2.66772 -0.237928 0)
(2.67781 -0.243104 0)
(2.68691 -0.256052 0)
(2.6947 -0.267938 0)
(2.70306 -0.269161 0)
(2.70832 -0.279452 0)
(2.70502 -0.300643 0)
(2.69809 -0.317385 0)
(2.70507 -0.337147 0)
(2.51398 -0.0600678 0)
(1.14725 0.323516 0)
(0.950361 0.318487 0)
(0.893044 0.295316 0)
(0.836673 0.282376 0)
(0.792642 0.28189 0)
(0.767936 0.286869 0)
(0.755147 0.291975 0)
(0.74271 0.29898 0)
(0.729587 0.308899 0)
(0.721815 0.31979 0)
(0.723895 0.332567 0)
(0.734271 0.354455 0)
(0.754209 0.381945 0)
(0.778722 0.411416 0)
(0.806377 0.440281 0)
(0.833943 0.471065 0)
(0.860197 0.503785 0)
(0.885117 0.539113 0)
(0.913652 0.574018 0)
(0.946747 0.60653 0)
(0.969048 0.638544 0)
(0.975702 0.664737 0)
(0.975978 0.690919 0)
(0.984573 0.717696 0)
(1.00467 0.745807 0)
(1.03679 0.779473 0)
(1.07769 0.820899 0)
(1.13835 0.857213 0)
(1.21305 0.88722 0)
(1.31071 0.909569 0)
(1.43756 0.913242 0)
(1.81745 0.732326 0)
(1.84736 0.722403 0)
(1.8806 0.706301 0)
(1.93147 0.673889 0)
(1.97524 0.642743 0)
(1.99879 0.633376 0)
(2.02026 0.621148 0)
(2.06759 0.585988 0)
(2.11355 0.541884 0)
(2.13717 0.527089 0)
(2.14786 0.520712 0)
(2.18435 0.489271 0)
(2.22681 0.441589 0)
(2.25037 0.421991 0)
(2.26192 0.416145 0)
(2.29262 0.383354 0)
(2.32124 0.338603 0)
(2.33699 0.327488 0)
(2.35187 0.315342 0)
(2.38235 0.275105 0)
(2.39896 0.243284 0)
(2.40654 0.240406 0)
(2.4265 0.217718 0)
(2.45211 0.175009 0)
(2.46474 0.155316 0)
(2.46872 0.155597 0)
(2.48702 0.133241 0)
(2.50764 0.0939732 0)
(2.5175 0.0803162 0)
(2.52114 0.076744 0)
(2.54116 0.0485729 0)
(2.55533 0.0124103 0)
(2.56154 0.00314058 0)
(2.5591 0.00265034 0)
(2.57235 -0.0249596 0)
(2.58375 -0.0539654 0)
(2.58898 -0.057097 0)
(2.59941 -0.0686333 0)
(2.61468 -0.0919031 0)
(2.6237 -0.103542 0)
(2.62984 -0.109198 0)
(2.63665 -0.124325 0)
(2.64211 -0.138352 0)
(2.64143 -0.150813 0)
(2.63958 -0.173976 0)
(2.64572 -0.194097 0)
(2.65168 -0.201342 0)
(2.65997 -0.202805 0)
(2.67362 -0.210383 0)
(2.68369 -0.223401 0)
(2.68778 -0.236867 0)
(2.69181 -0.246349 0)
(2.69454 -0.249448 0)
(2.68766 -0.262643 0)
(2.68694 -0.282526 0)
(2.69412 -0.29662 0)
(2.72761 -0.279398 0)
(1.55205 0.324153 0)
(1.03045 0.370242 0)
(0.965131 0.351192 0)
(0.907304 0.339231 0)
(0.854277 0.32899 0)
(0.813554 0.322071 0)
(0.783531 0.316069 0)
(0.758271 0.314765 0)
(0.737796 0.31839 0)
(0.726519 0.325191 0)
(0.727557 0.334571 0)
(0.734869 0.351935 0)
(0.740289 0.373163 0)
(0.747371 0.394314 0)
(0.759293 0.414825 0)
(0.77898 0.439119 0)
(0.806539 0.471182 0)
(0.840733 0.510386 0)
(0.881357 0.552903 0)
(0.925406 0.594204 0)
(0.958585 0.629175 0)
(0.974321 0.658522 0)
(0.981667 0.688863 0)
(0.997138 0.717898 0)
(1.02381 0.746467 0)
(1.0616 0.778933 0)
(1.10631 0.816866 0)
(1.16731 0.848535 0)
(1.23994 0.874808 0)
(1.32903 0.892954 0)
(1.44202 0.896588 0)
(1.79909 0.74694 0)
(1.83155 0.735606 0)
(1.87585 0.71008 0)
(1.92032 0.679561 0)
(1.94843 0.665515 0)
(1.97048 0.657909 0)
(2.01138 0.631311 0)
(2.06018 0.589056 0)
(2.08942 0.564425 0)
(2.10131 0.561688 0)
(2.12771 0.541452 0)
(2.17499 0.499188 0)
(2.2074 0.462315 0)
(2.22085 0.457319 0)
(2.2365 0.443066 0)
(2.27431 0.403789 0)
(2.30115 0.366351 0)
(2.3143 0.359997 0)
(2.33218 0.342232 0)
(2.36116 0.300187 0)
(2.37636 0.277822 0)
(2.38487 0.273779 0)
(2.41072 0.246231 0)
(2.43258 0.205076 0)
(2.44306 0.195079 0)
(2.44881 0.190959 0)
(2.47393 0.159956 0)
(2.49085 0.122987 0)
(2.49928 0.115766 0)
(2.50329 0.112037 0)
(2.52288 0.0831922 0)
(2.53613 0.0492477 0)
(2.5401 0.0428058 0)
(2.54554 0.0285835 0)
(2.56265 -0.00402067 0)
(2.5716 -0.022442 0)
(2.57738 -0.0195134 0)
(2.58415 -0.0255347 0)
(2.60119 -0.0524709 0)
(2.60989 -0.0688326 0)
(2.61542 -0.0729148 0)
(2.6266 -0.0949665 0)
(2.63082 -0.121931 0)
(2.6312 -0.136613 0)
(2.62863 -0.144386 0)
(2.63363 -0.153236 0)
(2.64409 -0.162126 0)
(2.65239 -0.174865 0)
(2.66415 -0.17834 0)
(2.6746 -0.184605 0)
(2.67986 -0.200745 0)
(2.68083 -0.21778 0)
(2.68136 -0.231845 0)
(2.67852 -0.24605 0)
(2.68107 -0.2546 0)
(2.68825 -0.266073 0)
(2.69446 -0.26668 0)
(2.30403 0.134362 0)
(1.16586 0.411887 0)
(1.03046 0.398747 0)
(0.982655 0.381199 0)
(0.932803 0.365536 0)
(0.886945 0.352426 0)
(0.845038 0.344118 0)
(0.806071 0.335862 0)
(0.772528 0.329831 0)
(0.749612 0.335195 0)
(0.741407 0.34153 0)
(0.744957 0.35135 0)
(0.744884 0.364718 0)
(0.740567 0.377991 0)
(0.739923 0.392091 0)
(0.748971 0.410066 0)
(0.767968 0.438556 0)
(0.800504 0.476124 0)
(0.843002 0.522113 0)
(0.890207 0.568992 0)
(0.930616 0.608831 0)
(0.959757 0.642311 0)
(0.979608 0.67791 0)
(1.00437 0.711484 0)
(1.03857 0.742674 0)
(1.08174 0.774429 0)
(1.12914 0.808467 0)
(1.18816 0.836409 0)
(1.25642 0.859655 0)
(1.3376 0.875776 0)
(1.43883 0.878799 0)
(1.78881 0.7558 0)
(1.82769 0.736408 0)
(1.87295 0.710006 0)
(1.905 0.693815 0)
(1.92644 0.686371 0)
(1.96024 0.665774 0)
(2.00949 0.629658 0)
(2.04506 0.601614 0)
(2.06109 0.5958 0)
(2.07843 0.58291 0)
(2.12267 0.547845 0)
(2.16389 0.505823 0)
(2.18438 0.492473 0)
(2.19153 0.488659 0)
(2.22272 0.460577 0)
(2.26151 0.415287 0)
(2.2834 0.392835 0)
(2.29181 0.390227 0)
(2.31379 0.366414 0)
(2.34307 0.323727 0)
(2.3596 0.305289 0)
(2.36994 0.298564 0)
(2.39613 0.269202 0)
(2.41437 0.234803 0)
(2.42345 0.23047 0)
(2.43454 0.218603 0)
(2.46088 0.181319 0)
(2.47396 0.152276 0)
(2.47867 0.153065 0)
(2.48972 0.138517 0)
(2.5111 0.100138 0)
(2.5215 0.0751127 0)
(2.52361 0.0748832 0)
(2.53019 0.0626971 0)
(2.54929 0.0325687 0)
(2.56013 0.0145099 0)
(2.56629 0.0122369 0)
(2.57921 -0.00433326 0)
(2.59154 -0.0310775 0)
(2.5981 -0.0418466 0)
(2.60148 -0.0413899 0)
(2.60458 -0.0546048 0)
(2.61085 -0.0846171 0)
(2.61672 -0.110268 0)
(2.6217 -0.12027 0)
(2.62717 -0.121708 0)
(2.63712 -0.129309 0)
(2.64898 -0.141794 0)
(2.65625 -0.155866 0)
(2.66547 -0.164131 0)
(2.67218 -0.171091 0)
(2.67026 -0.186521 0)
(2.66702 -0.205335 0)
(2.66703 -0.214959 0)
(2.67118 -0.22132 0)
(2.68267 -0.228254 0)
(2.6918 -0.241049 0)
(2.72315 -0.194261 0)
(1.48383 0.397697 0)
(1.09164 0.42947 0)
(1.04431 0.415068 0)
(1.00014 0.405224 0)
(0.956369 0.396552 0)
(0.914505 0.386783 0)
(0.872841 0.375154 0)
(0.829481 0.366947 0)
(0.794088 0.360636 0)
(0.771728 0.359886 0)
(0.761022 0.361467 0)
(0.753683 0.366291 0)
(0.745303 0.375353 0)
(0.738734 0.387708 0)
(0.743759 0.401083 0)
(0.757275 0.422143 0)
(0.778655 0.455979 0)
(0.813455 0.495206 0)
(0.852611 0.53777 0)
(0.891037 0.579026 0)
(0.928566 0.617402 0)
(0.963095 0.65721 0)
(1.00063 0.695498 0)
(1.04483 0.731074 0)
(1.09425 0.764631 0)
(1.14472 0.796378 0)
(1.20206 0.82294 0)
(1.26555 0.843687 0)
(1.34155 0.857623 0)
(1.43137 0.859757 0)
(1.78293 0.763066 0)
(1.8239 0.739792 0)
(1.85699 0.722261 0)
(1.88205 0.714276 0)
(1.91378 0.699005 0)
(1.95835 0.667979 0)
(1.9955 0.638773 0)
(2.01588 0.628985 0)
(2.03331 0.621362 0)
(2.07206 0.59319 0)
(2.11655 0.551571 0)
(2.14163 0.529358 0)
(2.14978 0.528468 0)
(2.17201 0.510453 0)
(2.21516 0.470988 0)
(2.24499 0.433974 0)
(2.25641 0.428945 0)
(2.26541 0.419726 0)
(2.29948 0.38507 0)
(2.32629 0.34603 0)
(2.3389 0.338484 0)
(2.34932 0.329179 0)
(2.37788 0.296028 0)
(2.39622 0.264841 0)
(2.4055 0.261155 0)
(2.42022 0.245189 0)
(2.44312 0.207751 0)
(2.45395 0.187714 0)
(2.4583 0.186796 0)
(2.47576 0.164783 0)
(2.4942 0.126241 0)
(2.50262 0.111466 0)
(2.50377 0.110549 0)
(2.52213 0.0889177 0)
(2.53828 0.0583001 0)
(2.54736 0.0503879 0)
(2.54931 0.052044 0)
(2.56403 0.0325836 0)
(2.57808 0.000820339 0)
(2.58449 -0.0088455 0)
(2.59006 -0.0206561 0)
(2.59673 -0.0490385 0)
(2.59883 -0.0594023 0)
(2.59839 -0.067147 0)
(2.61251 -0.0815153 0)
(2.6213 -0.0950435 0)
(2.63145 -0.0975837 0)
(2.64036 -0.104963 0)
(2.65089 -0.124514 0)
(2.65541 -0.142054 0)
(2.65931 -0.152513 0)
(2.65673 -0.158513 0)
(2.65323 -0.173545 0)
(2.66142 -0.189502 0)
(2.66814 -0.198252 0)
(2.67583 -0.200224 0)
(2.68859 -0.21242 0)
(2.69419 -0.213095 0)
(2.13436 0.259311 0)
(1.18118 0.46843 0)
(1.08494 0.454567 0)
(1.04965 0.444053 0)
(1.01399 0.43708 0)
(0.979251 0.428022 0)
(0.942205 0.417456 0)
(0.900596 0.406591 0)
(0.860972 0.394341 0)
(0.827443 0.385813 0)
(0.801452 0.378486 0)
(0.781317 0.376389 0)
(0.76213 0.382545 0)
(0.748614 0.392846 0)
(0.749919 0.403182 0)
(0.76109 0.422647 0)
(0.781223 0.448799 0)
(0.800817 0.481774 0)
(0.82454 0.515257 0)
(0.853748 0.548376 0)
(0.889778 0.585347 0)
(0.932979 0.626498 0)
(0.982898 0.668669 0)
(1.03833 0.709921 0)
(1.09571 0.747237 0)
(1.15159 0.777965 0)
(1.20889 0.805594 0)
(1.27037 0.825231 0)
(1.341 0.838268 0)
(1.42266 0.840706 0)
(1.78416 0.762105 0)
(1.81862 0.745966 0)
(1.8437 0.73654 0)
(1.87187 0.723221 0)
(1.91336 0.697904 0)
(1.9526 0.67193 0)
(1.97605 0.659488 0)
(1.99233 0.652217 0)
(2.02551 0.628975 0)
(2.0714 0.591873 0)
(2.10168 0.566533 0)
(2.1131 0.562941 0)
(2.12721 0.551247 0)
(2.16799 0.518078 0)
(2.20589 0.477361 0)
(2.22435 0.463101 0)
(2.22792 0.461929 0)
(2.25228 0.437624 0)
(2.28886 0.39596 0)
(2.31027 0.370838 0)
(2.31777 0.36971 0)
(2.33438 0.352547 0)
(2.36373 0.315039 0)
(2.38046 0.292243 0)
(2.38789 0.289292 0)
(2.40727 0.26691 0)
(2.42794 0.229372 0)
(2.43783 0.217062 0)
(2.44269 0.213545 0)
(2.46386 0.185373 0)
(2.47931 0.15032 0)
(2.48713 0.143794 0)
(2.49141 0.139875 0)
(2.51264 0.116101 0)
(2.52666 0.0871691 0)
(2.53416 0.0832834 0)
(2.53848 0.0776154 0)
(2.55643 0.0493361 0)
(2.56574 0.0234928 0)
(2.56872 0.0230576 0)
(2.56869 0.0158123 0)
(2.58251 -0.0181642 0)
(2.5894 -0.0397591 0)
(2.59469 -0.041149 0)
(2.60376 -0.0491944 0)
(2.6162 -0.0647219 0)
(2.62389 -0.0765157 0)
(2.63373 -0.0804064 0)
(2.639 -0.0865613 0)
(2.64138 -0.106136 0)
(2.6441 -0.129066 0)
(2.6456 -0.14421 0)
(2.64731 -0.15049 0)
(2.65459 -0.158437 0)
(2.66502 -0.165832 0)
(2.67127 -0.180411 0)
(2.67884 -0.185098 0)
(2.68951 -0.194749 0)
(2.69303 -0.109292 0)
(1.44718 0.450544 0)
(1.13298 0.476112 0)
(1.09974 0.465041 0)
(1.07055 0.458799 0)
(1.04071 0.454081 0)
(1.00788 0.449318 0)
(0.971951 0.440782 0)
(0.93452 0.429482 0)
(0.897803 0.418712 0)
(0.862745 0.410782 0)
(0.830674 0.403762 0)
(0.802503 0.398788 0)
(0.778275 0.406382 0)
(0.770971 0.414391 0)
(0.778483 0.424764 0)
(0.79448 0.445316 0)
(0.808796 0.469283 0)
(0.816902 0.49562 0)
(0.830801 0.524638 0)
(0.858782 0.55411 0)
(0.900118 0.591037 0)
(0.954286 0.634489 0)
(1.01782 0.679237 0)
(1.08391 0.719458 0)
(1.14643 0.751993 0)
(1.20523 0.78285 0)
(1.26761 0.803689 0)
(1.33607 0.817439 0)
(1.41257 0.820187 0)
(1.77708 0.770004 0)
(1.80335 0.761202 0)
(1.83215 0.749956 0)
(1.86984 0.727493 0)
(1.90655 0.703309 0)
(1.9315 0.69028 0)
(1.95185 0.682869 0)
(1.98321 0.663739 0)
(2.02558 0.630345 0)
(2.05683 0.603842 0)
(2.07194 0.596798 0)
(2.08619 0.589578 0)
(2.12255 0.561974 0)
(2.16349 0.521691 0)
(2.18601 0.499814 0)
(2.19136 0.499912 0)
(2.20734 0.484767 0)
(2.24665 0.448411 0)
(2.27568 0.411398 0)
(2.28747 0.404944 0)
(2.29253 0.400612 0)
(2.32189 0.373418 0)
(2.34954 0.334769 0)
(2.36309 0.321564 0)
(2.36865 0.317261 0)
(2.39093 0.290967 0)
(2.41034 0.256484 0)
(2.41972 0.24825 0)
(2.42752 0.239027 0)
(2.44996 0.207397 0)
(2.4627 0.180314 0)
(2.46924 0.180154 0)
(2.47912 0.170933 0)
(2.50176 0.141281 0)
(2.51316 0.116571 0)
(2.518 0.116516 0)
(2.52442 0.107495 0)
(2.5418 0.0773606 0)
(2.55078 0.0529164 0)
(2.55359 0.0495025 0)
(2.55831 0.035659 0)
(2.57049 0.00754057 0)
(2.57779 -0.00544212 0)
(2.58507 -0.00636347 0)
(2.59443 -0.0141298 0)
(2.60555 -0.0290154 0)
(2.61612 -0.047193 0)
(2.62352 -0.0630557 0)
(2.62947 -0.07132 0)
(2.62854 -0.0757027 0)
(2.62849 -0.0954445 0)
(2.63539 -0.118347 0)
(2.64145 -0.127954 0)
(2.64999 -0.127644 0)
(2.65624 -0.131855 0)
(2.66627 -0.145806 0)
(2.67167 -0.160036 0)
(2.67538 -0.177035 0)
(2.68467 -0.170736 0)
(2.01946 0.340354 0)
(1.19581 0.516632 0)
(1.12966 0.500597 0)
(1.1086 0.492646 0)
(1.08368 0.489534 0)
(1.05586 0.48672 0)
(1.02568 0.479956 0)
(0.993487 0.470086 0)
(0.960145 0.46102 0)
(0.92781 0.450675 0)
(0.894947 0.439254 0)
(0.86155 0.42941 0)
(0.832367 0.423066 0)
(0.812758 0.426293 0)
(0.809495 0.433955 0)
(0.817001 0.444112 0)
(0.825099 0.459205 0)
(0.827753 0.479134 0)
(0.83116 0.502681 0)
(0.846982 0.528404 0)
(0.878203 0.560543 0)
(0.928469 0.598423 0)
(0.990689 0.642009 0)
(1.06017 0.682685 0)
(1.127 0.719055 0)
(1.18908 0.753083 0)
(1.25449 0.776972 0)
(1.32453 0.79277 0)
(1.39881 0.797981 0)
(1.77205 0.778951 0)
(1.79737 0.768811 0)
(1.83235 0.750318 0)
(1.8692 0.729378 0)
(1.89488 0.716847 0)
(1.91466 0.708071 0)
(1.94423 0.69034 0)
(1.98492 0.662035 0)
(2.01738 0.639038 0)
(2.0345 0.628987 0)
(2.04838 0.62112 0)
(2.08063 0.597177 0)
(2.12284 0.561069 0)
(2.14931 0.537149 0)
(2.15772 0.534181 0)
(2.16751 0.524481 0)
(2.20399 0.493167 0)
(2.23983 0.453611 0)
(2.25759 0.4383 0)
(2.25991 0.439643 0)
(2.27888 0.420932 0)
(2.31394 0.383426 0)
(2.33562 0.35456 0)
(2.34226 0.353209 0)
(2.35146 0.341476 0)
(2.37882 0.307299 0)
(2.39639 0.278513 0)
(2.40351 0.275248 0)
(2.41385 0.262014 0)
(2.43658 0.229705 0)
(2.44946 0.208849 0)
(2.45633 0.20872 0)
(2.47061 0.194579 0)
(2.4901 0.162281 0)
(2.49915 0.14557 0)
(2.50126 0.146491 0)
(2.51503 0.127386 0)
(2.53071 0.0932454 0)
(2.5376 0.0781027 0)
(2.5371 0.0785651 0)
(2.54706 0.060791 0)
(2.56134 0.0327212 0)
(2.56976 0.0259274 0)
(2.5764 0.0224815 0)
(2.58995 0.00324717 0)
(2.59802 -0.00908278 0)
(2.60154 -0.00983584 0)
(2.60959 -0.0287261 0)
(2.6159 -0.0518655 0)
(2.61988 -0.0631083 0)
(2.61923 -0.0723596 0)
(2.6269 -0.0862542 0)
(2.63601 -0.0995264 0)
(2.64343 -0.107427 0)
(2.65187 -0.113388 0)
(2.65826 -0.11561 0)
(2.66005 -0.123101 0)
(2.6646 -0.143148 0)
(2.67057 -0.160967 0)
(2.65029 -0.0426112 0)
(1.44101 0.4921 0)
(1.17789 0.515276 0)
(1.15358 0.507669 0)
(1.12953 0.505181 0)
(1.10392 0.502284 0)
(1.07675 0.497909 0)
(1.04853 0.49251 0)
(1.0209 0.486032 0)
(0.994384 0.477771 0)
(0.965113 0.47005 0)
(0.932217 0.462536 0)
(0.89957 0.455112 0)
(0.871595 0.451374 0)
(0.854089 0.451686 0)
(0.847638 0.451968 0)
(0.845899 0.459945 0)
(0.845317 0.472351 0)
(0.846287 0.491677 0)
(0.857528 0.51232 0)
(0.879347 0.539683 0)
(0.917783 0.571605 0)
(0.971411 0.607679 0)
(1.03487 0.643781 0)
(1.09866 0.681092 0)
(1.16312 0.715098 0)
(1.23084 0.742319 0)
(1.30347 0.761817 0)
(1.37974 0.770071 0)
(1.7653 0.792231 0)
(1.79735 0.774902 0)
(1.83037 0.755195 0)
(1.85537 0.743426 0)
(1.8773 0.735403 0)
(1.90715 0.719038 0)
(1.94469 0.692281 0)
(1.97488 0.671435 0)
(1.99335 0.662025 0)
(2.01145 0.65315 0)
(2.04264 0.63104 0)
(2.08174 0.598329 0)
(2.10842 0.574866 0)
(2.12 0.568341 0)
(2.1311 0.561758 0)
(2.16353 0.535139 0)
(2.20166 0.496277 0)
(2.22259 0.474483 0)
(2.22702 0.475423 0)
(2.23873 0.464308 0)
(2.27462 0.43239 0)
(2.30335 0.395263 0)
(2.31532 0.385384 0)
(2.31646 0.384454 0)
(2.33913 0.361188 0)
(2.36633 0.323992 0)
(2.38033 0.30609 0)
(2.3838 0.304203 0)
(2.40087 0.284975 0)
(2.42304 0.253034 0)
(2.43523 0.240285 0)
(2.44117 0.239176 0)
(2.45929 0.218635 0)
(2.47571 0.185502 0)
(2.48337 0.174523 0)
(2.48612 0.173354 0)
(2.50215 0.150933 0)
(2.51538 0.118237 0)
(2.52116 0.109167 0)
(2.52184 0.105701 0)
(2.53943 0.0844894 0)
(2.55096 0.0603912 0)
(2.55899 0.0586527 0)
(2.56245 0.0588044 0)
(2.57789 0.0375051 0)
(2.58695 0.013131 0)
(2.59318 0.00896074 0)
(2.5972 -0.000722011 0)
(2.60433 -0.0264511 0)
(2.6086 -0.0411205 0)
(2.61228 -0.0477484 0)
(2.61981 -0.0585874 0)
(2.62465 -0.0628491 0)
(2.6334 -0.0726681 0)
(2.64489 -0.088504 0)
(2.64978 -0.103027 0)
(2.65442 -0.106731 0)
(2.65257 -0.10965 0)
(2.66033 -0.136989 0)
(2.6692 -0.137167 0)
(1.96249 0.389353 0)
(1.23617 0.552513 0)
(1.17856 0.539908 0)
(1.15695 0.535026 0)
(1.13371 0.531572 0)
(1.10984 0.528239 0)
(1.08635 0.524993 0)
(1.06467 0.520333 0)
(1.04367 0.51532 0)
(1.02125 0.50967 0)
(0.996391 0.500943 0)
(0.967821 0.492076 0)
(0.93964 0.48209 0)
(0.915059 0.475051 0)
(0.896003 0.471166 0)
(0.884301 0.468499 0)
(0.875346 0.476993 0)
(0.871295 0.49359 0)
(0.878419 0.509113 0)
(0.896207 0.529486 0)
(0.926722 0.55514 0)
(0.966659 0.585204 0)
(1.0162 0.614296 0)
(1.07087 0.644462 0)
(1.1312 0.674367 0)
(1.19693 0.703112 0)
(1.27064 0.724674 0)
(1.34806 0.737774 0)
(1.76925 0.793676 0)
(1.80183 0.776099 0)
(1.82608 0.764962 0)
(1.84561 0.756821 0)
(1.87327 0.741597 0)
(1.90992 0.718373 0)
(1.94006 0.699878 0)
(1.95852 0.69063 0)
(1.97634 0.680706 0)
(2.00713 0.659291 0)
(2.04485 0.630473 0)
(2.07137 0.611054 0)
(2.08424 0.602175 0)
(2.09721 0.593015 0)
(2.12694 0.569047 0)
(2.16518 0.534897 0)
(2.18852 0.512197 0)
(2.19518 0.509167 0)
(2.20271 0.501965 0)
(2.2356 0.474227 0)
(2.26982 0.436138 0)
(2.2873 0.417972 0)
(2.28839 0.420387 0)
(2.3002 0.405957 0)
(2.33251 0.371531 0)
(2.35445 0.339928 0)
(2.36221 0.336208 0)
(2.36594 0.330082 0)
(2.39118 0.304734 0)
(2.41186 0.274303 0)
(2.42276 0.267342 0)
(2.42833 0.263119 0)
(2.44753 0.237948 0)
(2.46194 0.207311 0)
(2.46838 0.201743 0)
(2.47346 0.195058 0)
(2.49208 0.166541 0)
(2.50262 0.139106 0)
(2.50779 0.136801 0)
(2.51152 0.131623 0)
(2.53093 0.110308 0)
(2.54227 0.0878485 0)
(2.54981 0.0856308 0)
(2.55592 0.0802591 0)
(2.56919 0.0567303 0)
(2.57612 0.0367981 0)
(2.58009 0.032795 0)
(2.58546 0.0207234 0)
(2.59286 -0.000788485 0)
(2.59495 -0.00967095 0)
(2.60613 -0.0245854 0)
(2.614 -0.0415167 0)
(2.62068 -0.0449045 0)
(2.6245 -0.0400672 0)
(2.63143 -0.0526012 0)
(2.64038 -0.0768875 0)
(2.64443 -0.0937178 0)
(2.64737 -0.0965367 0)
(2.64983 -0.105684 0)
(2.66008 -0.119759 0)
(2.61658 0.0199331 0)
(1.46619 0.531509 0)
(1.22149 0.550711 0)
(1.19532 0.54246 0)
(1.17176 0.541137 0)
(1.14911 0.541231 0)
(1.12843 0.540949 0)
(1.11023 0.53836 0)
(1.09325 0.534747 0)
(1.07622 0.529601 0)
(1.0567 0.52315 0)
(1.03258 0.517181 0)
(1.00698 0.509707 0)
(0.982388 0.501432 0)
(0.960188 0.495261 0)
(0.940619 0.492426 0)
(0.925441 0.491769 0)
(0.9131 0.501488 0)
(0.911694 0.518469 0)
(0.924178 0.529244 0)
(0.948116 0.54521 0)
(0.980144 0.566849 0)
(1.01697 0.588867 0)
(1.0574 0.61326 0)
(1.10758 0.635866 0)
(1.16647 0.659963 0)
(1.23488 0.681814 0)
(1.30977 0.699359 0)
(1.77312 0.79804 0)
(1.79567 0.788523 0)
(1.81568 0.781928 0)
(1.84293 0.767276 0)
(1.87669 0.744143 0)
(1.9042 0.727185 0)
(1.92253 0.719375 0)
(1.94279 0.709638 0)
(1.97353 0.688427 0)
(2.00839 0.661051 0)
(2.03263 0.644006 0)
(2.04639 0.636513 0)
(2.06329 0.625612 0)
(2.09373 0.601341 0)
(2.12883 0.570228 0)
(2.15172 0.550517 0)
(2.16049 0.544196 0)
(2.17006 0.537211 0)
(2.19929 0.512723 0)
(2.23495 0.476848 0)
(2.25484 0.453997 0)
(2.2588 0.453941 0)
(2.26502 0.446822 0)
(2.29649 0.417796 0)
(2.32462 0.380727 0)
(2.33715 0.367574 0)
(2.33696 0.369167 0)
(2.35393 0.35251 0)
(2.38265 0.320877 0)
(2.39948 0.298019 0)
(2.40449 0.297984 0)
(2.41305 0.286657 0)
(2.43497 0.255307 0)
(2.44764 0.230646 0)
(2.45228 0.228929 0)
(2.45982 0.218111 0)
(2.47851 0.188264 0)
(2.4888 0.166255 0)
(2.49414 0.166346 0)
(2.50341 0.157603 0)
(2.52219 0.133214 0)
(2.53141 0.115968 0)
(2.53515 0.11857 0)
(2.54303 0.107768 0)
(2.55789 0.0767933 0)
(2.56357 0.0624936 0)
(2.56478 0.0597474 0)
(2.57633 0.0367089 0)
(2.58277 0.0185244 0)
(2.58654 0.0189844 0)
(2.5921 0.0121749 0)
(2.60566 -0.00672354 0)
(2.61245 -0.0207878 0)
(2.61944 -0.0238503 0)
(2.62632 -0.0339179 0)
(2.62999 -0.0512801 0)
(2.63165 -0.0633074 0)
(2.63793 -0.0762068 0)
(2.64347 -0.0845212 0)
(2.65382 -0.0975176 0)
(2.66184 -0.0904148 0)
(1.95912 0.430187 0)
(1.26704 0.586329 0)
(1.21965 0.570488 0)
(1.19858 0.567666 0)
(1.177 0.569333 0)
(1.15868 0.57026 0)
(1.14386 0.567119 0)
(1.13077 0.562049 0)
(1.11735 0.556329 0)
(1.10126 0.551009 0)
(1.08214 0.545592 0)
(1.06211 0.538403 0)
(1.04192 0.531851 0)
(1.02275 0.526476 0)
(1.00474 0.520819 0)
(0.986692 0.518671 0)
(0.97118 0.517694 0)
(0.962085 0.523666 0)
(0.964105 0.534193 0)
(0.979448 0.543065 0)
(1.00435 0.553422 0)
(1.03426 0.567108 0)
(1.06528 0.583843 0)
(1.1003 0.603719 0)
(1.14489 0.625254 0)
(1.202 0.645066 0)
(1.2697 0.661967 0)
(1.77221 0.807877 0)
(1.79105 0.800727 0)
(1.8168 0.787236 0)
(1.84957 0.766861 0)
(1.8762 0.751587 0)
(1.89318 0.744088 0)
(1.91199 0.734145 0)
(1.9426 0.713704 0)
(1.97681 0.688699 0)
(1.99996 0.674027 0)
(2.01336 0.666614 0)
(2.03082 0.654695 0)
(2.06142 0.631088 0)
(2.09546 0.602542 0)
(2.11748 0.585595 0)
(2.12713 0.579169 0)
(2.1393 0.568995 0)
(2.16729 0.544933 0)
(2.20168 0.513629 0)
(2.22308 0.492474 0)
(2.22873 0.487513 0)
(2.23383 0.482215 0)
(2.2617 0.457398 0)
(2.29424 0.42111 0)
(2.31086 0.400705 0)
(2.31221 0.402829 0)
(2.31899 0.39355 0)
(2.34973 0.366477 0)
(2.37383 0.333932 0)
(2.3843 0.325403 0)
(2.38484 0.324822 0)
(2.40232 0.303556 0)
(2.4236 0.27017 0)
(2.43447 0.254348 0)
(2.43672 0.253516 0)
(2.44932 0.236402 0)
(2.46746 0.206466 0)
(2.47756 0.193132 0)
(2.48245 0.194331 0)
(2.49603 0.181775 0)
(2.51316 0.154372 0)
(2.52136 0.140168 0)
(2.52341 0.142058 0)
(2.53478 0.124696 0)
(2.54631 0.0946351 0)
(2.55094 0.0859333 0)
(2.55175 0.083913 0)
(2.56478 0.0637655 0)
(2.57418 0.0417903 0)
(2.58078 0.0385809 0)
(2.58819 0.033446 0)
(2.59879 0.0166628 0)
(2.60383 0.00800073 0)
(2.60763 0.00251301 0)
(2.618 -0.0190792 0)
(2.62288 -0.034446 0)
(2.62162 -0.0369968 0)
(2.62939 -0.0488171 0)
(2.63885 -0.0651646 0)
(2.64521 -0.0747598 0)
(2.65372 -0.0785529 0)
(2.59196 0.0691241 0)
(1.49919 0.563172 0)
(1.25539 0.586558 0)
(1.23292 0.57874 0)
(1.21331 0.57981 0)
(1.19683 0.580646 0)
(1.18253 0.579274 0)
(1.16993 0.575197 0)
(1.15747 0.569455 0)
(1.14296 0.564391 0)
(1.12677 0.560206 0)
(1.11038 0.556583 0)
(1.09475 0.554208 0)
(1.08091 0.551175 0)
(1.06697 0.548421 0)
(1.05148 0.546784 0)
(1.0356 0.54519 0)
(1.02171 0.545174 0)
(1.01463 0.548121 0)
(1.01874 0.550303 0)
(1.03469 0.555528 0)
(1.05811 0.563629 0)
(1.08505 0.572967 0)
(1.11438 0.584462 0)
(1.14849 0.599045 0)
(1.18932 0.615389 0)
(1.24186 0.631258 0)
(1.76546 0.822437 0)
(1.79176 0.809094 0)
(1.82322 0.78894 0)
(1.8481 0.775301 0)
(1.8647 0.769507 0)
(1.8839 0.760364 0)
(1.91366 0.740035 0)
(1.94628 0.715458 0)
(1.96812 0.702142 0)
(1.98131 0.696428 0)
(2.00043 0.684167 0)
(2.03119 0.65996 0)
(2.06298 0.633833 0)
(2.08321 0.618914 0)
(2.09369 0.6126 0)
(2.10839 0.601787 0)
(2.13737 0.577033 0)
(2.16952 0.546549 0)
(2.18998 0.529514 0)
(2.19667 0.524135 0)
(2.20467 0.515936 0)
(2.2304 0.492832 0)
(2.26336 0.4599 0)
(2.28234 0.437502 0)
(2.28562 0.435734 0)
(2.28861 0.431439 0)
(2.31613 0.408197 0)
(2.34551 0.373913 0)
(2.35995 0.355559 0)
(2.36019 0.358009 0)
(2.36829 0.346563 0)
(2.39477 0.316077 0)
(2.41241 0.286752 0)
(2.41851 0.282434 0)
(2.41935 0.278747 0)
(2.43915 0.256403 0)
(2.45664 0.228749 0)
(2.46662 0.221147 0)
(2.47113 0.220897 0)
(2.48692 0.204392 0)
(2.50146 0.176691 0)
(2.508 0.167475 0)
(2.50955 0.166299 0)
(2.523 0.144645 0)
(2.53334 0.115806 0)
(2.53838 0.109594 0)
(2.54155 0.105993 0)
(2.5563 0.0858173 0)
(2.56436 0.0717231 0)
(2.56864 0.0708939 0)
(2.58108 0.0572999 0)
(2.59118 0.0361731 0)
(2.59467 0.0324014 0)
(2.59661 0.0264077 0)
(2.60665 0.00379889 0)
(2.61207 -0.0141775 0)
(2.61632 -0.0163092 0)
(2.61818 -0.0178366 0)
(2.62949 -0.0326198 0)
(2.63664 -0.045929 0)
(2.64531 -0.0617497 0)
(2.64909 -0.0531337 0)
(1.99909 0.442727 0)
(1.30817 0.617928 0)
(1.25629 0.604798 0)
(1.24125 0.603541 0)
(1.22612 0.603682 0)
(1.21317 0.60149 0)
(1.20179 0.595907 0)
(1.18951 0.589061 0)
(1.17522 0.583887 0)
(1.1608 0.580389 0)
(1.14808 0.578282 0)
(1.13758 0.577396 0)
(1.12868 0.576803 0)
(1.1202 0.575556 0)
(1.1103 0.573521 0)
(1.09823 0.570651 0)
(1.0851 0.566391 0)
(1.07495 0.562184 0)
(1.07259 0.558638 0)
(1.07932 0.558071 0)
(1.0959 0.558193 0)
(1.11648 0.566244 0)
(1.13924 0.577964 0)
(1.1651 0.587667 0)
(1.19793 0.597632 0)
(1.23908 0.607377 0)
(1.7673 0.826958 0)
(1.79742 0.809826 0)
(1.82191 0.796928 0)
(1.83897 0.790693 0)
(1.85824 0.781952 0)
(1.88719 0.763237 0)
(1.91886 0.740644 0)
(1.93997 0.728158 0)
(1.95276 0.722799 0)
(1.97153 0.71114 0)
(2.00278 0.687475 0)
(2.03409 0.661984 0)
(2.0529 0.650115 0)
(2.06284 0.644161 0)
(2.07954 0.63143 0)
(2.10837 0.607655 0)
(2.13963 0.579478 0)
(2.15882 0.562414 0)
(2.16625 0.558372 0)
(2.17534 0.549621 0)
(2.20175 0.525692 0)
(2.23342 0.494262 0)
(2.25386 0.474735 0)
(2.25858 0.47037 0)
(2.26182 0.465261 0)
(2.28528 0.443978 0)
(2.31692 0.411959 0)
(2.33486 0.389466 0)
(2.33707 0.388537 0)
(2.3383 0.383629 0)
(2.36363 0.35852 0)
(2.38805 0.325041 0)
(2.39911 0.310491 0)
(2.39823 0.312609 0)
(2.40767 0.299257 0)
(2.43227 0.271981 0)
(2.44738 0.250404 0)
(2.4538 0.250482 0)
(2.45909 0.24543 0)
(2.47814 0.221686 0)
(2.49089 0.194641 0)
(2.49607 0.189752 0)
(2.49718 0.18631 0)
(2.5124 0.161427 0)
(2.52192 0.136699 0)
(2.5263 0.135443 0)
(2.5339 0.127633 0)
(2.54923 0.105058 0)
(2.55673 0.0948605 0)
(2.56087 0.0955214 0)
(2.57294 0.0802184 0)
(2.58161 0.0584329 0)
(2.5848 0.0524912 0)
(2.58648 0.0465113 0)
(2.59698 0.0251533 0)
(2.60378 0.00846777 0)
(2.60861 0.004993 0)
(2.61601 -0.00356215 0)
(2.62461 -0.0172547 0)
(2.62757 -0.0166096 0)
(2.63262 -0.0280481 0)
(2.63896 -0.0448942 0)
(2.58331 0.0868251 0)
(1.55227 0.589542 0)
(1.28972 0.621551 0)
(1.27463 0.615837 0)
(1.25991 0.615859 0)
(1.24825 0.610809 0)
(1.23624 0.605104 0)
(1.22257 0.599793 0)
(1.20814 0.595045 0)
(1.19488 0.592403 0)
(1.18458 0.592606 0)
(1.17712 0.594754 0)
(1.17158 0.595939 0)
(1.16686 0.595779 0)
(1.16095 0.594325 0)
(1.15249 0.59184 0)
(1.1425 0.587277 0)
(1.13373 0.582305 0)
(1.13046 0.5778 0)
(1.13328 0.575617 0)
(1.14361 0.573956 0)
(1.15727 0.576114 0)
(1.1744 0.580921 0)
(1.19105 0.587713 0)
(1.21605 0.590691 0)
(1.25063 0.593265 0)
(1.77325 0.82815 0)
(1.79658 0.816788 0)
(1.81333 0.811108 0)
(1.83279 0.802704 0)
(1.86147 0.784948 0)
(1.89235 0.763898 0)
(1.91296 0.752883 0)
(1.92553 0.748369 0)
(1.94439 0.737355 0)
(1.97539 0.714403 0)
(2.00644 0.689466 0)
(2.02481 0.678249 0)
(2.03393 0.674465 0)
(2.05081 0.661891 0)
(2.08124 0.636678 0)
(2.11112 0.610612 0)
(2.12935 0.596413 0)
(2.1375 0.589917 0)
(2.14822 0.581334 0)
(2.17362 0.558988 0)
(2.20474 0.527448 0)
(2.22444 0.508034 0)
(2.23056 0.505459 0)
(2.23476 0.499587 0)
(2.25795 0.477931 0)
(2.28861 0.446823 0)
(2.30898 0.424994 0)
(2.313 0.421072 0)
(2.31225 0.418152 0)
(2.3333 0.396935 0)
(2.36188 0.364666 0)
(2.37726 0.342783 0)
(2.37875 0.343286 0)
(2.37956 0.338074 0)
(2.40387 0.315726 0)
(2.4256 0.287117 0)
(2.43626 0.276718 0)
(2.4373 0.279153 0)
(2.44879 0.265682 0)
(2.46848 0.236818 0)
(2.47897 0.215622 0)
(2.48081 0.215075 0)
(2.48528 0.205465 0)
(2.50221 0.178282 0)
(2.51134 0.159727 0)
(2.516 0.160829 0)
(2.5254 0.152626 0)
(2.5399 0.129895 0)
(2.54685 0.12055 0)
(2.55196 0.119002 0)
(2.56422 0.10021 0)
(2.571 0.0794644 0)
(2.57199 0.0760264 0)
(2.57688 0.0657718 0)
(2.58806 0.0450592 0)
(2.59388 0.0382257 0)
(2.5966 0.0350967 0)
(2.60921 0.0213065 0)
(2.61779 0.00226753 0)
(2.62262 -0.00368298 0)
(2.62334 -0.00311454 0)
(2.63016 -0.0277558 0)
(2.6349 -0.0250624 0)
(2.08244 0.444619 0)
(1.35466 0.652937 0)
(1.30013 0.636537 0)
(1.29133 0.632232 0)
(1.27875 0.62776 0)
(1.26532 0.622345 0)
(1.25199 0.615716 0)
(1.23846 0.610118 0)
(1.22568 0.609096 0)
(1.21688 0.611427 0)
(1.21194 0.614071 0)
(1.20914 0.614963 0)
(1.20684 0.614328 0)
(1.20331 0.611598 0)
(1.19767 0.607351 0)
(1.19105 0.601765 0)
(1.18637 0.596858 0)
(1.18682 0.592366 0)
(1.19148 0.589678 0)
(1.19986 0.586658 0)
(1.20937 0.584074 0)
(1.22039 0.58204 0)
(1.23059 0.584558 0)
(1.24502 0.586644 0)
(1.27182 0.587487 0)
(1.77362 0.835442 0)
(1.78977 0.830027 0)
(1.80835 0.822205 0)
(1.83582 0.805657 0)
(1.86556 0.785926 0)
(1.88588 0.775509 0)
(1.8993 0.771526 0)
(1.9182 0.761583 0)
(1.9487 0.739839 0)
(1.97943 0.715867 0)
(1.99763 0.704975 0)
(2.00695 0.701903 0)
(2.02361 0.690469 0)
(2.05403 0.665767 0)
(2.08436 0.638674 0)
(2.10168 0.626898 0)
(2.10842 0.623061 0)
(2.12282 0.610841 0)
(2.14853 0.588223 0)
(2.17816 0.561495 0)
(2.19711 0.541209 0)
(2.2039 0.53606 0)
(2.20821 0.533077 0)
(2.23073 0.512803 0)
(2.26143 0.480235 0)
(2.2825 0.457623 0)
(2.28907 0.45434 0)
(2.28787 0.451893 0)
(2.30613 0.432084 0)
(2.33533 0.401574 0)
(2.35483 0.377691 0)
(2.35892 0.374181 0)
(2.35648 0.373249 0)
(2.37523 0.354529 0)
(2.40204 0.325617 0)
(2.41696 0.305884 0)
(2.41947 0.307613 0)
(2.4214 0.30307 0)
(2.44248 0.278921 0)
(2.45976 0.248579 0)
(2.46664 0.238342 0)
(2.46489 0.239082 0)
(2.47601 0.223258 0)
(2.49341 0.196425 0)
(2.50304 0.182828 0)
(2.50739 0.184414 0)
(2.51785 0.174475 0)
(2.5314 0.150727 0)
(2.53788 0.143311 0)
(2.54298 0.139507 0)
(2.55521 0.116301 0)
(2.5595 0.10197 0)
(2.5588 0.0988792 0)
(2.57069 0.0820907 0)
(2.58113 0.0624748 0)
(2.58755 0.0580913 0)
(2.5904 0.0589883 0)
(2.60025 0.0466831 0)
(2.60897 0.0271035 0)
(2.61338 0.0183893 0)
(2.61549 0.0114926 0)
(2.62144 -0.00998413 0)
(2.62791 -0.0164956 0)
(2.59061 0.0948537 0)
(1.63185 0.617522 0)
(1.32954 0.652319 0)
(1.32243 0.64633 0)
(1.30878 0.643421 0)
(1.29553 0.636537 0)
(1.28247 0.628452 0)
(1.26877 0.624613 0)
(1.25698 0.624911 0)
(1.2501 0.626919 0)
(1.24662 0.629484 0)
(1.24507 0.630075 0)
(1.24331 0.628877 0)
(1.24014 0.62479 0)
(1.23508 0.620113 0)
(1.23019 0.61502 0)
(1.22992 0.610742 0)
(1.23521 0.608269 0)
(1.24355 0.607021 0)
(1.25302 0.605464 0)
(1.26143 0.603364 0)
(1.26926 0.599525 0)
(1.27532 0.596083 0)
(1.28244 0.593544 0)
(1.30054 0.590933 0)
(1.7721 0.847504 0)
(1.78815 0.840221 0)
(1.81325 0.824992 0)
(1.84158 0.806737 0)
(1.8613 0.796696 0)
(1.87458 0.792454 0)
(1.89326 0.783038 0)
(1.92282 0.762808 0)
(1.95281 0.740859 0)
(1.97091 0.730471 0)
(1.98048 0.727356 0)
(1.99718 0.716892 0)
(2.02764 0.693152 0)
(2.05829 0.666273 0)
(2.07552 0.654595 0)
(2.08188 0.652564 0)
(2.09461 0.64189 0)
(2.12344 0.617674 0)
(2.15294 0.589546 0)
(2.17091 0.576507 0)
(2.17814 0.568841 0)
(2.18622 0.561121 0)
(2.20493 0.544936 0)
(2.23574 0.516124 0)
(2.25609 0.489581 0)
(2.26456 0.484105 0)
(2.26387 0.485482 0)
(2.28021 0.467862 0)
(2.30934 0.436785 0)
(2.33095 0.411261 0)
(2.33845 0.406219 0)
(2.33521 0.406886 0)
(2.3493 0.390642 0)
(2.37704 0.363025 0)
(2.39622 0.338802 0)
(2.40158 0.335244 0)
(2.39909 0.336078 0)
(2.415 0.317729 0)
(2.43756 0.287171 0)
(2.44913 0.26637 0)
(2.44969 0.266895 0)
(2.45039 0.260964 0)
(2.47072 0.238981 0)
(2.48612 0.214495 0)
(2.49404 0.209265 0)
(2.49558 0.210903 0)
(2.50987 0.195702 0)
(2.52264 0.170232 0)
(2.5281 0.165403 0)
(2.53326 0.159063 0)
(2.54407 0.134482 0)
(2.54774 0.123273 0)
(2.54931 0.120061 0)
(2.56301 0.104351 0)
(2.57318 0.0870339 0)
(2.57869 0.0835579 0)
(2.58371 0.0792043 0)
(2.5946 0.0620387 0)
(2.60095 0.0458224 0)
(2.60003 0.0454143 0)
(2.60183 0.0354732 0)
(2.61177 0.016334 0)
(2.62224 -0.0014893 0)
(2.62505 0.00539533 0)
(2.20584 0.41987 0)
(1.42457 0.670584 0)
(1.34873 0.662399 0)
(1.338 0.654425 0)
(1.32419 0.649756 0)
(1.31032 0.644762 0)
(1.29789 0.642161 0)
(1.28869 0.641399 0)
(1.28325 0.642964 0)
(1.28027 0.645113 0)
(1.27917 0.644652 0)
(1.27707 0.641931 0)
(1.27351 0.636001 0)
(1.26796 0.630298 0)
(1.26476 0.624588 0)
(1.26847 0.620699 0)
(1.27801 0.619377 0)
(1.28933 0.619471 0)
(1.30069 0.618673 0)
(1.31067 0.616298 0)
(1.31831 0.611911 0)
(1.32218 0.605714 0)
(1.32624 0.597706 0)
(1.33951 0.591573 0)
(1.77274 0.86116 0)
(1.79569 0.845324 0)
(1.82148 0.82714 0)
(1.83924 0.818056 0)
(1.85153 0.814143 0)
(1.86974 0.804574 0)
(1.5757 1.18922 0)
(2.16375 1.10846 0)
(2.60198 1.14848 0)
(2.57633 0.632244 0)
(2.55477 0.343595 0)
(2.484 -0.0223089 0)
(2.51494 -0.208303 0)
(2.54224 -0.206924 0)
(2.51906 -0.188889 0)
(2.47234 -0.188543 0)
(2.47103 -0.151397 0)
(2.46822 -0.132202 0)
(2.44542 -0.0918281 0)
(2.41457 -0.0468069 0)
(2.38078 -0.0466502 0)
(2.39025 -0.0456039 0)
(2.43605 -0.0283139 0)
(2.43868 -0.0260527 0)
(2.42715 -0.0260342 0)
(2.41166 -0.0229176 0)
(2.39035 -0.0186774 0)
(2.37174 -0.017292 0)
(2.35283 -0.0169827 0)
(2.35162 -0.0194881 0)
(2.36614 -0.0243534 0)
(2.35742 -0.0290314 0)
(2.3377 -0.0292686 0)
(2.31734 -0.0264701 0)
(2.29586 -0.0240631 0)
(2.27541 -0.022984 0)
(1.78034 0.984304 0)
(2.25334 0.624731 0)
(2.51435 0.246138 0)
(2.64449 0.033678 0)
(2.63904 -0.221669 0)
(2.61059 -0.445404 0)
(2.61509 -0.502175 0)
(2.65189 -0.427957 0)
(2.63698 -0.292299 0)
(2.59038 -0.191499 0)
(2.53731 -0.174131 0)
(2.49598 -0.170033 0)
(2.44631 -0.119457 0)
(2.43368 -0.0674568 0)
(2.43186 -0.047758 0)
(2.44243 -0.0305742 0)
(2.45524 -0.00176412 0)
(2.44581 -0.000312658 0)
(2.42921 -0.017247 0)
(2.41823 -0.0389884 0)
(2.40315 -0.0479264 0)
(2.38595 -0.049533 0)
(2.37663 -0.0472231 0)
(2.38217 -0.0441891 0)
(2.39256 -0.0474797 0)
(2.38984 -0.0535197 0)
(2.37893 -0.0564932 0)
(2.36147 -0.053669 0)
(2.34213 -0.0467978 0)
(2.32507 -0.0357103 0)
(1.69708 0.948713 0)
(2.01388 0.808721 0)
(2.31921 0.475274 0)
(2.48158 0.245764 0)
(2.54564 0.221111 0)
(2.59505 0.0434628 0)
(2.60963 -0.159601 0)
(2.6474 -0.182018 0)
(2.68892 -0.21317 0)
(2.68574 -0.216306 0)
(2.64918 -0.287164 0)
(2.6232 -0.332482 0)
(2.58258 -0.254372 0)
(2.56602 -0.164258 0)
(2.56615 -0.123981 0)
(2.54458 -0.0890338 0)
(2.51259 -0.0492947 0)
(2.49346 -0.0428662 0)
(2.48407 -0.0480407 0)
(2.47259 -0.0549774 0)
(2.45798 -0.0551955 0)
(2.4497 -0.0611256 0)
(2.45335 -0.0705976 0)
(2.45433 -0.0705741 0)
(2.44876 -0.0680785 0)
(2.43554 -0.0744353 0)
(2.42346 -0.0917894 0)
(2.41743 -0.102725 0)
(2.41048 -0.0966512 0)
(2.40011 -0.0832772 0)
(1.65101 0.919402 0)
(1.91876 0.810545 0)
(2.12996 0.647169 0)
(2.31263 0.453019 0)
(2.44679 0.336602 0)
(2.55894 0.186701 0)
(2.61088 -0.0516117 0)
(2.61714 -0.161829 0)
(2.65843 -0.197734 0)
(2.72395 -0.275327 0)
(2.72992 -0.345814 0)
(2.7282 -0.359004 0)
(2.68801 -0.337674 0)
(2.65656 -0.299166 0)
(2.63558 -0.256664 0)
(2.60477 -0.209206 0)
(2.58087 -0.169984 0)
(2.56378 -0.172007 0)
(2.5479 -0.162506 0)
(2.52753 -0.121894 0)
(2.5188 -0.093142 0)
(2.51945 -0.0895877 0)
(2.52387 -0.0825348 0)
(2.5172 -0.0684052 0)
(2.50034 -0.0681628 0)
(2.48529 -0.0751213 0)
(2.47444 -0.0889193 0)
(2.47369 -0.101015 0)
(2.4796 -0.101848 0)
(2.47265 -0.0946281 0)
(1.62481 0.908912 0)
(1.83849 0.830596 0)
(2.01402 0.72528 0)
(2.19428 0.571904 0)
(2.34147 0.419993 0)
(2.43783 0.349177 0)
(2.48123 0.242585 0)
(2.55612 0.0439863 0)
(2.59055 -0.0771332 0)
(2.64098 -0.0893674 0)
(2.68567 -0.111256 0)
(2.67812 -0.175512 0)
(2.66687 -0.249449 0)
(2.68267 -0.301968 0)
(2.68985 -0.317344 0)
(2.68791 -0.310601 0)
(2.66091 -0.300499 0)
(2.62565 -0.285398 0)
(2.59196 -0.261565 0)
(2.57702 -0.21527 0)
(2.58022 -0.180548 0)
(2.58074 -0.167325 0)
(2.57124 -0.16568 0)
(2.55104 -0.153575 0)
(2.53079 -0.132792 0)
(2.51791 -0.120708 0)
(2.50611 -0.115859 0)
(2.5042 -0.111801 0)
(2.51558 -0.110539 0)
(2.50911 -0.112113 0)
(1.60503 0.903109 0)
(1.7881 0.838073 0)
(1.94374 0.755177 0)
(2.07305 0.664635 0)
(2.2265 0.53402 0)
(2.35257 0.394056 0)
(2.42032 0.329105 0)
(2.43261 0.244805 0)
(2.51283 0.107879 0)
(2.5698 -0.0212756 0)
(2.62458 -0.0710076 0)
(2.664 -0.113735 0)
(2.66884 -0.208596 0)
(2.67316 -0.299474 0)
(2.6669 -0.335954 0)
(2.68479 -0.362228 0)
(2.68609 -0.36354 0)
(2.67707 -0.357069 0)
(2.65554 -0.339932 0)
(2.63222 -0.30719 0)
(2.61083 -0.281608 0)
(2.60308 -0.261662 0)
(2.58838 -0.242721 0)
(2.56844 -0.234039 0)
(2.54905 -0.213852 0)
(2.5338 -0.185659 0)
(2.5255 -0.166405 0)
(2.52058 -0.158174 0)
(2.52348 -0.156399 0)
(2.52214 -0.153786 0)
(1.5944 0.887575 0)
(1.74606 0.842716 0)
(1.87174 0.790387 0)
(2.00866 0.699262 0)
(2.14921 0.587844 0)
(2.25718 0.486659 0)
(2.33504 0.405756 0)
(2.37669 0.338939 0)
(2.42592 0.234818 0)
(2.5039 0.112991 0)
(2.55005 0.0148698 0)
(2.59921 -0.0212812 0)
(2.61127 -0.0397937 0)
(2.60856 -0.128512 0)
(2.61255 -0.215606 0)
(2.62265 -0.264923 0)
(2.65263 -0.286104 0)
(2.67297 -0.310987 0)
(2.66084 -0.33886 0)
(2.64646 -0.348149 0)
(2.63451 -0.349888 0)
(2.61945 -0.352197 0)
(2.61287 -0.344648 0)
(2.60501 -0.325939 0)
(2.59109 -0.301625 0)
(2.57557 -0.268542 0)
(2.55667 -0.223707 0)
(2.54106 -0.192861 0)
(2.52911 -0.191265 0)
(2.52829 -0.200916 0)
(1.57998 0.875515 0)
(1.70698 0.847687 0)
(1.82754 0.800049 0)
(1.96252 0.711479 0)
(2.06345 0.643896 0)
(2.15796 0.574394 0)
(2.26245 0.461893 0)
(2.33133 0.372869 0)
(2.35387 0.327636 0)
(2.4075 0.237715 0)
(2.47394 0.132985 0)
(2.52327 0.0689909 0)
(2.56224 -0.00289637 0)
(2.56977 -0.0574581 0)
(2.56077 -0.119553 0)
(2.58405 -0.193251 0)
(2.61851 -0.249396 0)
(2.63862 -0.313384 0)
(2.65047 -0.338669 0)
(2.6563 -0.358004 0)
(2.63498 -0.377034 0)
(2.62325 -0.379854 0)
(2.62242 -0.380915 0)
(2.62288 -0.381481 0)
(2.62682 -0.379684 0)
(2.61949 -0.359747 0)
(2.60293 -0.329524 0)
(2.58159 -0.290112 0)
(2.55766 -0.254763 0)
(2.53563 -0.240774 0)
(1.56045 0.863668 0)
(1.67557 0.841642 0)
(1.78956 0.802016 0)
(1.90864 0.728963 0)
(1.99952 0.673532 0)
(2.08696 0.621554 0)
(2.19401 0.520097 0)
(2.26637 0.426943 0)
(2.29834 0.387584 0)
(2.35797 0.293688 0)
(2.40942 0.200664 0)
(2.43749 0.177667 0)
(2.50017 0.0988155 0)
(2.52552 -0.0124743 0)
(2.53074 -0.052294 0)
(2.52879 -0.084952 0)
(2.56117 -0.132263 0)
(2.59004 -0.19526 0)
(2.60616 -0.243341 0)
(2.6247 -0.269447 0)
(2.6239 -0.294727 0)
(2.60345 -0.33601 0)
(2.60006 -0.349132 0)
(2.60303 -0.360948 0)
(2.61621 -0.394123 0)
(2.63298 -0.39654 0)
(2.63398 -0.392737 0)
(2.61731 -0.37986 0)
(2.59789 -0.364035 0)
(2.56972 -0.342915 0)
(1.53884 0.849049 0)
(1.64942 0.824021 0)
(1.74309 0.799324 0)
(1.8466 0.748702 0)
(1.95245 0.680442 0)
(2.0303 0.638167 0)
(2.11785 0.566825 0)
(2.19499 0.482697 0)
(2.24526 0.437878 0)
(2.30459 0.350821 0)
(2.35219 0.252904 0)
(2.38245 0.232929 0)
(2.4267 0.185662 0)
(2.47353 0.0749241 0)
(2.48809 0.00879269 0)
(2.49178 -0.0209035 0)
(2.51975 -0.0713816 0)
(2.54784 -0.122098 0)
(2.56943 -0.170638 0)
(2.59257 -0.230916 0)
(2.59978 -0.278849 0)
(2.59494 -0.314202 0)
(2.58705 -0.340147 0)
(2.59692 -0.349495 0)
(2.60995 -0.366429 0)
(2.62199 -0.399155 0)
(2.62581 -0.411899 0)
(2.62262 -0.411804 0)
(2.61028 -0.405003 0)
(2.59408 -0.397303 0)
(1.5195 0.831001 0)
(1.61951 0.809652 0)
(1.70333 0.788318 0)
(1.80258 0.743199 0)
(1.89621 0.688938 0)
(1.96761 0.655485 0)
(2.05417 0.593186 0)
(2.13899 0.506497 0)
(2.19201 0.467476 0)
(2.23425 0.412162 0)
(2.29614 0.311354 0)
(2.33392 0.270478 0)
(2.37153 0.23069 0)
(2.41741 0.140447 0)
(2.43577 0.0854484 0)
(2.44583 0.0538174 0)
(2.48668 -0.0222209 0)
(2.50294 -0.0644302 0)
(2.51413 -0.0771399 0)
(2.54872 -0.129943 0)
(2.56333 -0.203033 0)
(2.56782 -0.238021 0)
(2.56553 -0.246944 0)
(2.5632 -0.266335 0)
(2.57623 -0.294921 0)
(2.58437 -0.33444 0)
(2.5965 -0.369323 0)
(2.60714 -0.388755 0)
(2.61037 -0.401279 0)
(2.60248 -0.407069 0)
(1.50062 0.812503 0)
(1.59208 0.792691 0)
(1.67036 0.771442 0)
(1.75151 0.738364 0)
(1.84503 0.6916 0)
(1.91702 0.656601 0)
(1.99817 0.60381 0)
(2.07356 0.537608 0)
(2.12428 0.505134 0)
(2.18821 0.434082 0)
(2.23854 0.347743 0)
(2.26949 0.326946 0)
(2.31147 0.28603 0)
(2.36663 0.192466 0)
(2.389 0.13033 0)
(2.401 0.111317 0)
(2.43509 0.0543694 0)
(2.46185 -0.00853587 0)
(2.47954 -0.0269908 0)
(2.50597 -0.0665383 0)
(2.52625 -0.130132 0)
(2.5322 -0.174345 0)
(2.5409 -0.204939 0)
(2.54772 -0.232482 0)
(2.55173 -0.262328 0)
(2.56508 -0.296569 0)
(2.5795 -0.330984 0)
(2.58727 -0.365496 0)
(2.59591 -0.386308 0)
(2.60308 -0.40317 0)
(1.48047 0.792921 0)
(1.56579 0.775529 0)
(1.6382 0.75549 0)
(1.71179 0.726932 0)
(1.79878 0.689983 0)
(1.86922 0.658485 0)
(1.94399 0.613774 0)
(2.02044 0.553559 0)
(2.07359 0.521208 0)
(2.12051 0.474134 0)
(2.18291 0.388194 0)
(2.22548 0.343541 0)
(2.25878 0.318278 0)
(2.3072 0.247619 0)
(2.33188 0.19746 0)
(2.3523 0.164046 0)
(2.39777 0.0946293 0)
(2.4202 0.0404771 0)
(2.43678 0.0275287 0)
(2.46256 -0.00539991 0)
(2.48517 -0.0596627 0)
(2.49377 -0.102397 0)
(2.50576 -0.147476 0)
(2.51617 -0.186687 0)
(2.52535 -0.202726 0)
(2.52853 -0.214911 0)
(2.5413 -0.243928 0)
(2.55809 -0.28256 0)
(2.5667 -0.321816 0)
(2.57499 -0.345676 0)
(1.45791 0.770286 0)
(1.53992 0.75619 0)
(1.60628 0.738479 0)
(1.67619 0.715524 0)
(1.75505 0.686969 0)
(1.82374 0.659102 0)
(1.90136 0.617746 0)
(1.96772 0.569788 0)
(2.01652 0.543303 0)
(2.0748 0.490423 0)
(2.13152 0.411166 0)
(2.16551 0.382264 0)
(2.20639 0.350264 0)
(2.26168 0.27631 0)
(2.28929 0.23236 0)
(2.30679 0.210352 0)
(2.34872 0.153346 0)
(2.37713 0.100816 0)
(2.39667 0.0743757 0)
(2.43033 0.022916 0)
(2.44792 -0.018925 0)
(2.45077 -0.0341712 0)
(2.45949 -0.0755221 0)
(2.48422 -0.131113 0)
(2.49513 -0.17024 0)
(2.50946 -0.186744 0)
(2.52261 -0.196857 0)
(2.53109 -0.224427 0)
(2.54337 -0.263712 0)
(2.55032 -0.301706 0)
(1.42787 0.744534 0)
(1.50906 0.737338 0)
(1.5772 0.719354 0)
(1.64171 0.701519 0)
(1.71632 0.681027 0)
(1.78716 0.654123 0)
(1.84972 0.62597 0)
(1.91897 0.584848 0)
(1.97392 0.5472 0)
(2.01243 0.508122 0)
(2.07188 0.439635 0)
(2.1158 0.398085 0)
(2.16119 0.366469 0)
(2.21272 0.306105 0)
(2.2383 0.277359 0)
(2.26517 0.248809 0)
(2.31312 0.181995 0)
(2.33272 0.147717 0)
(2.34878 0.13196 0)
(2.38907 0.0807485 0)
(2.41082 0.0187527 0)
(2.42242 -0.00907667 0)
(2.42751 -0.0301732 0)
(2.44013 -0.0663892 0)
(2.46407 -0.10486 0)
(2.48095 -0.141364 0)
(2.49695 -0.166402 0)
(2.50954 -0.177984 0)
(2.50621 -0.193711 0)
(2.51144 -0.229884 0)
(1.38924 0.711486 0)
(1.47251 0.712088 0)
(1.54508 0.698301 0)
(1.61147 0.684389 0)
(1.68174 0.670648 0)
(1.75042 0.647124 0)
(1.81054 0.624592 0)
(1.87132 0.592035 0)
(1.92404 0.552833 0)
(1.96523 0.51068 0)
(2.02225 0.453861 0)
(2.06485 0.415632 0)
(2.11035 0.387162 0)
(2.16677 0.334907 0)
(2.20079 0.296574 0)
(2.22818 0.276463 0)
(2.26776 0.225824 0)
(2.29264 0.182018 0)
(2.31208 0.168107 0)
(2.344 0.124738 0)
(2.36804 0.067276 0)
(2.38206 0.0353959 0)
(2.40002 -0.00190238 0)
(2.41311 -0.0281948 0)
(2.42585 -0.0507168 0)
(2.45061 -0.0829861 0)
(2.46788 -0.119577 0)
(2.48002 -0.147197 0)
(2.48755 -0.165554 0)
(2.48133 -0.18251 0)
(1.34499 0.676343 0)
(1.42644 0.681908 0)
(1.50516 0.67578 0)
(1.57666 0.668332 0)
(1.64661 0.65801 0)
(1.71439 0.637842 0)
(1.76991 0.617595 0)
(1.82628 0.590758 0)
(1.87782 0.553006 0)
(1.91309 0.511793 0)
(1.96223 0.467182 0)
(2.0224 0.425967 0)
(2.07005 0.396647 0)
(2.11749 0.360969 0)
(2.15339 0.328074 0)
(2.18402 0.306561 0)
(2.2241 0.261197 0)
(2.25445 0.213542 0)
(2.27526 0.197045 0)
(2.30476 0.156042 0)
(2.32215 0.108825 0)
(2.33377 0.0801664 0)
(2.36564 0.0366929 0)
(2.38405 -0.00191962 0)
(2.39938 -0.0119905 0)
(2.41348 -0.0275802 0)
(2.43313 -0.0610743 0)
(2.44916 -0.0971153 0)
(2.45872 -0.131792 0)
(2.46157 -0.156732 0)
(1.30741 0.643574 0)
(1.38198 0.647198 0)
(1.45895 0.647681 0)
(1.53346 0.646953 0)
(1.60499 0.640961 0)
(1.67268 0.625737 0)
(1.72915 0.605538 0)
(1.78054 0.58217 0)
(1.82888 0.552007 0)
(1.86747 0.513979 0)
(1.91535 0.475986 0)
(1.97455 0.442322 0)
(2.02255 0.415918 0)
(2.0712 0.388268 0)
(2.11701 0.350245 0)
(2.15092 0.327255 0)
(2.17483 0.298413 0)
(2.20155 0.249896 0)
(2.22621 0.221816 0)
(2.26353 0.179393 0)
(2.28256 0.135923 0)
(2.29142 0.118738 0)
(2.31507 0.0864826 0)
(2.34765 0.0441015 0)
(2.36721 0.0194377 0)
(2.38738 0.000617427 0)
(2.40206 -0.0204882 0)
(2.4098 -0.043727 0)
(2.42387 -0.0788826 0)
(2.43369 -0.118444 0)
(1.28993 0.614998 0)
(1.34915 0.620601 0)
(1.4159 0.624216 0)
(1.48674 0.62461 0)
(1.55713 0.620051 0)
(1.62281 0.608372 0)
(1.67942 0.591539 0)
(1.72792 0.570673 0)
(1.77603 0.546585 0)
(1.82067 0.516101 0)
(1.87124 0.486956 0)
(1.93038 0.462361 0)
(1.98277 0.435471 0)
(2.03163 0.413071 0)
(2.07596 0.382677 0)
(2.10605 0.356607 0)
(2.13086 0.322305 0)
(2.15854 0.267222 0)
(2.17502 0.240182 0)
(2.19977 0.209714 0)
(2.23839 0.168377 0)
(2.26284 0.138916 0)
(2.28438 0.11534 0)
(2.30471 0.0870932 0)
(2.32308 0.0654389 0)
(2.34915 0.0377382 0)
(2.36773 0.00639745 0)
(2.37663 -0.0143854 0)
(2.3757 -0.0372286 0)
(2.38762 -0.0721839 0)
(1.29399 0.597721 0)
(1.34552 0.600966 0)
(1.40142 0.602929 0)
(1.45853 0.605125 0)
(1.51571 0.602102 0)
(1.5715 0.592605 0)
(1.62425 0.576026 0)
(1.67196 0.554789 0)
(1.72321 0.532803 0)
(1.77523 0.511702 0)
(1.82776 0.49206 0)
(1.88549 0.47279 0)
(1.93801 0.448282 0)
(1.98523 0.425642 0)
(2.02912 0.396693 0)
(2.0621 0.3666 0)
(2.08143 0.330909 0)
(2.10834 0.280979 0)
(2.13412 0.251348 0)
(2.16679 0.223438 0)
(2.19975 0.192919 0)
(2.22003 0.174877 0)
(2.24452 0.151687 0)
(2.27266 0.11838 0)
(2.29143 0.0984611 0)
(2.31248 0.0802704 0)
(2.33159 0.0531234 0)
(2.34434 0.0150829 0)
(2.34711 -0.0211317 0)
(2.34721 -0.0390367 0)
(1.30847 0.588631 0)
(1.35332 0.588935 0)
(1.40345 0.589754 0)
(1.44832 0.588698 0)
(1.49203 0.585378 0)
(1.53734 0.574904 0)
(1.5824 0.557869 0)
(1.6285 0.537469 0)
(1.68012 0.519334 0)
(1.73408 0.502845 0)
(1.78622 0.487051 0)
(1.84033 0.471761 0)
(1.89133 0.451705 0)
(1.93773 0.430255 0)
(1.9795 0.403636 0)
(2.00895 0.373645 0)
(2.02329 0.333738 0)
(2.05426 0.292273 0)
(2.08445 0.267078 0)
(2.11535 0.245855 0)
(2.15411 0.221685 0)
(2.18218 0.202651 0)
(2.21108 0.181989 0)
(2.24055 0.156788 0)
(2.26194 0.137508 0)
(2.28193 0.11868 0)
(2.29157 0.0801321 0)
(2.2949 0.0399147 0)
(2.31077 0.00760068 0)
(2.32562 -0.0193816 0)
(1.3317 0.588736 0)
(1.37083 0.584629 0)
(1.4136 0.576924 0)
(1.4532 0.571557 0)
(1.49025 0.567032 0)
(1.52567 0.555861 0)
(1.56349 0.539901 0)
(1.60706 0.525102 0)
(1.65477 0.514768 0)
(1.70457 0.50235 0)
(1.75316 0.489125 0)
(1.80281 0.475878 0)
(1.8502 0.458853 0)
(1.8929 0.436936 0)
(1.92849 0.407668 0)
(1.95147 0.374221 0)
(1.96699 0.33466 0)
(2.00348 0.307997 0)
(2.03849 0.287967 0)
(2.0759 0.266025 0)
(2.11537 0.245967 0)
(2.1476 0.230486 0)
(2.18013 0.214801 0)
(2.20818 0.195127 0)
(2.22734 0.171157 0)
(2.23458 0.137695 0)
(2.23971 0.095206 0)
(2.24732 0.0632142 0)
(2.26224 0.0390795 0)
(2.28789 0.018614 0)
(1.36467 0.586935 0)
(1.39671 0.581033 0)
(1.43102 0.572798 0)
(1.46416 0.564792 0)
(1.49371 0.556055 0)
(1.52142 0.544627 0)
(1.55255 0.53283 0)
(1.59009 0.523271 0)
(1.6349 0.514957 0)
(1.68382 0.504955 0)
(1.73152 0.494022 0)
(1.7773 0.481357 0)
(1.81917 0.46267 0)
(1.855 0.436928 0)
(1.88242 0.406697 0)
(1.90325 0.375839 0)
(1.92692 0.345386 0)
(1.96328 0.326789 0)
(2.00046 0.308671 0)
(2.04268 0.288426 0)
(2.08303 0.270074 0)
(2.11553 0.257573 0)
(2.14632 0.242438 0)
(2.16977 0.215787 0)
(2.17906 0.183233 0)
(2.17823 0.147805 0)
(2.19194 0.111339 0)
(2.21606 0.0825863 0)
(2.23954 0.0587711 0)
(2.26206 0.046449 0)
)
;

boundaryField
{
    inlet
    {
        type            fixedValue;
        value           nonuniform 0();
    }
    outlet
    {
        type            inletOutlet;
        inletValue      nonuniform 0();
        value           nonuniform 0();
    }
    bottom
    {
        type            slip;
    }
    top
    {
        type            slip;
    }
    obstacle
    {
        type            slip;
    }
    defaultFaces
    {
        type            empty;
    }
    procBoundary1to0
    {
        type            processor;
        value           nonuniform List<vector> 
24
(
(2.72713 -0.192434 0)
(3.00184 -0.572833 0)
(2.93037 -0.143413 0)
(2.78314 0.018874 0)
(2.63184 0.203866 0)
(2.52479 0.311252 0)
(2.42245 0.407665 0)
(2.36846 0.427402 0)
(2.30154 0.478098 0)
(2.21245 0.55353 0)
(2.11279 0.62815 0)
(2.0533 0.66136 0)
(2.0284 0.663626 0)
(2.00002 0.662232 0)
(1.94552 0.682181 0)
(1.89988 0.702177 0)
(1.86992 0.714009 0)
(1.85608 0.714338 0)
(1.84177 0.716992 0)
(1.82453 0.725413 0)
(1.80123 0.740816 0)
(1.78635 0.749521 0)
(1.77744 0.754653 0)
(1.77508 0.752808 0)
)
;
    }
    procBoundary1to2
    {
        type            processor;
        value           nonuniform List<vector> 
23
(
(2.26599 -0.0231103 0)
(2.31528 -0.0212685 0)
(2.3903 -0.0675957 0)
(2.45993 -0.0917723 0)
(2.49746 -0.110426 0)
(2.51069 -0.149588 0)
(2.52338 -0.194419 0)
(2.52521 -0.238038 0)
(2.54535 -0.309107 0)
(2.57851 -0.390805 0)
(2.5871 -0.405967 0)
(2.59669 -0.410386 0)
(2.58139 -0.356152 0)
(2.55601 -0.33211 0)
(2.52624 -0.266623 0)
(2.48905 -0.210153 0)
(2.45941 -0.168523 0)
(2.43808 -0.146017 0)
(2.40803 -0.100185 0)
(2.35775 -0.0564084 0)
(2.33878 -0.0342023 0)
(2.3155 0.000532311 0)
(2.28233 0.0384954 0)
)
;
    }
    procBoundary1to4
    {
        type            processor;
        value           nonuniform List<vector> 
16
(
(1.76623 0.758609 0)
(1.75935 0.765614 0)
(1.74742 0.778182 0)
(1.74509 0.780667 0)
(1.74473 0.785224 0)
(1.74668 0.788267 0)
(1.73977 0.801389 0)
(1.73963 0.80851 0)
(1.74331 0.81573 0)
(1.75016 0.817204 0)
(1.746 0.828332 0)
(1.74268 0.838423 0)
(1.7453 0.843938 0)
(1.75188 0.846944 0)
(1.75787 0.853292 0)
(1.75877 0.868617 0)
)
;
    }
    procBoundary1to5
    {
        type            processor;
        value           nonuniform List<vector> 
119
(
(1.89814 0.784817 0)
(1.92673 0.764043 0)
(1.94435 0.754483 0)
(1.95448 0.75147 0)
(1.97127 0.741605 0)
(2.00105 0.719179 0)
(2.03186 0.69312 0)
(2.04957 0.680956 0)
(2.0561 0.679723 0)
(2.06828 0.670838 0)
(2.09683 0.647361 0)
(2.12749 0.618377 0)
(2.14573 0.604028 0)
(2.15119 0.602413 0)
(2.16039 0.593084 0)
(2.18493 0.571029 0)
(2.21099 0.548098 0)
(2.23223 0.528175 0)
(2.24023 0.513731 0)
(2.243 0.513713 0)
(2.25492 0.502489 0)
(2.28448 0.473639 0)
(2.30631 0.443463 0)
(2.31689 0.435706 0)
(2.31452 0.439446 0)
(2.32489 0.425969 0)
(2.35207 0.398949 0)
(2.37402 0.372184 0)
(2.38308 0.364223 0)
(2.37989 0.36662 0)
(2.38969 0.352698 0)
(2.41392 0.324611 0)
(2.43056 0.298672 0)
(2.43475 0.293357 0)
(2.43124 0.294069 0)
(2.44512 0.278098 0)
(2.46698 0.252796 0)
(2.47905 0.235487 0)
(2.48238 0.237273 0)
(2.48554 0.233467 0)
(2.50305 0.212488 0)
(2.51485 0.187868 0)
(2.51896 0.184102 0)
(2.52146 0.178567 0)
(2.5329 0.154068 0)
(2.53795 0.144007 0)
(2.54388 0.138 0)
(2.55821 0.120311 0)
(2.56556 0.109385 0)
(2.56805 0.1108 0)
(2.57579 0.10133 0)
(2.58767 0.078088 0)
(2.59282 0.0625583 0)
(2.59137 0.0619191 0)
(2.5956 0.0500781 0)
(2.60469 0.0359679 0)
(2.61296 0.0258014 0)
(2.62248 0.018845 0)
(2.60374 0.0947555 0)
(1.71923 0.616814 0)
(1.37194 0.677175 0)
(1.36226 0.672251 0)
(1.35024 0.66772 0)
(1.33869 0.660257 0)
(1.32816 0.657094 0)
(1.32058 0.656602 0)
(1.31592 0.658045 0)
(1.31356 0.658792 0)
(1.31226 0.656762 0)
(1.3089 0.652667 0)
(1.3039 0.646143 0)
(1.29757 0.64069 0)
(1.2962 0.636099 0)
(1.30241 0.634072 0)
(1.31439 0.634046 0)
(1.32707 0.6346 0)
(1.33989 0.633824 0)
(1.35096 0.631816 0)
(1.35877 0.627713 0)
(1.36215 0.620797 0)
(1.36652 0.611262 0)
(1.37988 0.603079 0)
(1.78295 0.867259 0)
(1.80704 0.848724 0)
(1.82356 0.838723 0)
(1.83414 0.83466 0)
(1.84981 0.825283 0)
(1.89814 0.784817 0)
(1.87611 0.806579 0)
(1.40164 0.596879 0)
(1.42729 0.589996 0)
(1.45475 0.580537 0)
(1.48182 0.569141 0)
(1.5043 0.558825 0)
(1.52356 0.547298 0)
(1.54968 0.534419 0)
(1.58584 0.524968 0)
(1.62944 0.517005 0)
(1.67679 0.507144 0)
(1.72092 0.49709 0)
(1.76092 0.484181 0)
(1.79565 0.463222 0)
(1.82386 0.436755 0)
(1.84899 0.409144 0)
(1.87269 0.382785 0)
(1.90011 0.359387 0)
(1.9355 0.344439 0)
(1.97397 0.328412 0)
(2.01577 0.309941 0)
(2.0524 0.291742 0)
(2.08387 0.275675 0)
(2.11166 0.253536 0)
(2.12778 0.223987 0)
(2.13151 0.19198 0)
(2.1385 0.157713 0)
(2.15607 0.129555 0)
(2.17882 0.109836 0)
(2.20613 0.0955308 0)
(2.23543 0.0810074 0)
)
;
    }
}


// ************************************************************************* //
