/*--------------------------------*- C++ -*----------------------------------*\
  =========                 |
  \\      /  F ield         | OpenFOAM: The Open Source CFD Toolbox
   \\    /   O peration     | Website:  https://openfoam.org
    \\  /    A nd           | Version:  7
     \\/     M anipulation  |
\*---------------------------------------------------------------------------*/
FoamFile
{
    version     2.0;
    format      ascii;
    class       volVectorField;
    location    "2.7";
    object      U;
}
// * * * * * * * * * * * * * * * * * * * * * * * * * * * * * * * * * * * * * //

dimensions      [0 1 -1 0 0 0 0];

internalField   nonuniform List<vector> 
4128
(
(2.1626 0.244046 0)
(2.17858 0.233195 0)
(2.19098 0.216353 0)
(2.19615 0.183089 0)
(2.19667 0.157732 0)
(2.20119 0.148667 0)
(2.21488 0.140451 0)
(2.23365 0.132777 0)
(2.2555 0.120681 0)
(2.27402 0.109557 0)
(2.29218 0.0993672 0)
(2.3092 0.0857121 0)
(2.32264 0.0704456 0)
(2.33051 0.0526601 0)
(2.32224 0.0265526 0)
(2.307 -0.00284622 0)
(2.31578 -0.0156207 0)
(2.33068 -0.021458 0)
(2.34784 -0.0276233 0)
(2.36709 -0.0347367 0)
(2.38469 -0.0430727 0)
(2.40017 -0.0506045 0)
(2.41446 -0.0576985 0)
(2.42588 -0.0656842 0)
(2.42988 -0.0785056 0)
(2.41708 -0.102586 0)
(2.40026 -0.131353 0)
(2.40756 -0.1428 0)
(2.41937 -0.148023 0)
(2.43436 -0.153668 0)
(2.4522 -0.158608 0)
(2.46925 -0.165145 0)
(2.48127 -0.172544 0)
(2.49135 -0.179329 0)
(2.49969 -0.186084 0)
(2.50353 -0.196607 0)
(2.49505 -0.215569 0)
(2.47973 -0.238885 0)
(2.48501 -0.248753 0)
(2.49422 -0.251742 0)
(2.50366 -0.256506 0)
(2.51766 -0.262695 0)
(2.52738 -0.269797 0)
(2.54 -0.278252 0)
(2.553 -0.288393 0)
(2.56285 -0.298318 0)
(2.56694 -0.311143 0)
(2.55756 -0.328781 0)
(2.5417 -0.34619 0)
(2.54602 -0.350952 0)
(2.55401 -0.350625 0)
(2.55839 -0.346843 0)
(2.56422 -0.340279 0)
(2.57091 -0.333326 0)
(2.57245 -0.317271 0)
(2.56757 -0.290201 0)
(2.54821 -0.238369 0)
(2.53346 -0.1993 0)
(2.49126 -0.145384 0)
(2.45574 -0.11386 0)
(2.43605 -0.104743 0)
(2.41549 -0.0700137 0)
(2.41566 -0.0357332 0)
(2.42507 -0.0158557 0)
(2.4387 -0.000615437 0)
(2.43562 0.00431796 0)
(2.42897 0.00442981 0)
(2.42673 0.00563021 0)
(2.42469 0.011298 0)
(2.41812 0.0192345 0)
(2.40392 0.0192696 0)
(2.39576 0.0158793 0)
(2.38942 0.0126732 0)
(2.3874 0.0123137 0)
(2.39329 0.0192098 0)
(2.40807 0.0344824 0)
(2.41508 0.0449011 0)
(2.41225 0.0463189 0)
(2.40865 0.0460817 0)
(2.40216 0.0443382 0)
(2.39151 0.0411862 0)
(2.38152 0.0374123 0)
(2.37851 0.0344923 0)
(2.37774 0.0328902 0)
(2.37745 0.0309674 0)
(2.3792 0.0296999 0)
(2.38687 0.0339848 0)
(2.39979 0.0444137 0)
(2.40603 0.051437 0)
(2.40674 0.0534136 0)
(2.40474 0.053858 0)
(2.39546 0.0485501 0)
(2.3835 0.0409399 0)
(2.38227 0.0386008 0)
(2.38448 0.0386584 0)
(2.38718 0.0392859 0)
(2.39342 0.041916 0)
(2.4028 0.0474644 0)
(2.40786 0.0509701 0)
(2.40866 0.0516665 0)
(2.40852 0.0524912 0)
(2.40356 0.0511454 0)
(2.39274 0.0456595 0)
(2.38737 0.0413866 0)
(2.38806 0.0399234 0)
(2.38951 0.0385308 0)
(2.3938 0.0373594 0)
(2.40328 0.0390379 0)
(2.41388 0.0427725 0)
(2.41704 0.044852 0)
(2.41868 0.0457723 0)
(2.41674 0.0510556 0)
(2.4044 0.0392923 0)
(2.38582 0.0174186 0)
(2.26708 -0.105344 0)
(1.97839 -0.382807 0)
(1.72927 -0.541114 0)
(1.70019 -0.591261 0)
(1.69816 -0.597794 0)
(1.70496 -0.602061 0)
(1.71481 -0.602296 0)
(1.72939 -0.595832 0)
(1.74746 -0.585084 0)
(1.75953 -0.580275 0)
(1.76417 -0.584329 0)
(1.76629 -0.596931 0)
(1.77125 -0.607671 0)
(1.78024 -0.612689 0)
(1.79365 -0.613486 0)
(2.16409 0.258093 0)
(2.1779 0.248147 0)
(2.18882 0.229755 0)
(2.19449 0.194137 0)
(2.19981 0.174607 0)
(2.20944 0.170457 0)
(2.22402 0.162667 0)
(2.24324 0.153121 0)
(2.26388 0.138424 0)
(2.28121 0.128356 0)
(2.29704 0.119502 0)
(2.31215 0.10387 0)
(2.32284 0.0850238 0)
(2.32485 0.0632036 0)
(2.3114 0.0347088 0)
(2.30956 0.0155294 0)
(2.32354 0.01103 0)
(2.33848 0.00387485 0)
(2.35683 -0.00353214 0)
(2.37528 -0.011685 0)
(2.39095 -0.0209067 0)
(2.40545 -0.0288119 0)
(2.41869 -0.0368649 0)
(2.42759 -0.0470431 0)
(2.42389 -0.0662288 0)
(2.4033 -0.0969359 0)
(2.40052 -0.114689 0)
(2.41246 -0.118171 0)
(2.42449 -0.123067 0)
(2.44007 -0.129878 0)
(2.45833 -0.135537 0)
(2.47435 -0.141974 0)
(2.48617 -0.149229 0)
(2.49608 -0.15666 0)
(2.50316 -0.164206 0)
(2.50206 -0.176992 0)
(2.48609 -0.202458 0)
(2.47779 -0.224119 0)
(2.48862 -0.228485 0)
(2.49795 -0.23095 0)
(2.50848 -0.236335 0)
(2.52134 -0.242148 0)
(2.52992 -0.244395 0)
(2.54259 -0.250804 0)
(2.55318 -0.259389 0)
(2.56027 -0.268875 0)
(2.55843 -0.281244 0)
(2.54395 -0.302764 0)
(2.53829 -0.319984 0)
(2.5455 -0.326062 0)
(2.5558 -0.330658 0)
(2.56863 -0.332596 0)
(2.57928 -0.334197 0)
(2.58705 -0.333076 0)
(2.59213 -0.327761 0)
(2.5909 -0.324809 0)
(2.58332 -0.317322 0)
(2.56962 -0.29949 0)
(2.54828 -0.273792 0)
(2.51676 -0.229289 0)
(2.48518 -0.180506 0)
(2.45054 -0.11275 0)
(2.44651 -0.0793016 0)
(2.45999 -0.0483174 0)
(2.47063 -0.00958498 0)
(2.46029 -0.000934161 0)
(2.448 -0.00216081 0)
(2.43934 -0.00403423 0)
(2.43226 -0.00110468 0)
(2.42419 0.0083368 0)
(2.41574 0.0156933 0)
(2.41087 0.0153289 0)
(2.40389 0.0121775 0)
(2.40288 0.0116832 0)
(2.4139 0.0203154 0)
(2.42908 0.0353542 0)
(2.43162 0.0425298 0)
(2.42985 0.0447855 0)
(2.42407 0.0451734 0)
(2.41176 0.0405244 0)
(2.39558 0.0333645 0)
(2.38804 0.0304102 0)
(2.38776 0.0314361 0)
(2.38776 0.032009 0)
(2.38857 0.0324205 0)
(2.3938 0.034725 0)
(2.40543 0.0422933 0)
(2.41489 0.0497805 0)
(2.4168 0.0521947 0)
(2.41739 0.0546375 0)
(2.41188 0.0537328 0)
(2.39797 0.0462809 0)
(2.38962 0.0390469 0)
(2.38962 0.0374296 0)
(2.39132 0.0371131 0)
(2.39709 0.03896 0)
(2.40881 0.0457955 0)
(2.41941 0.0529186 0)
(2.42168 0.0546461 0)
(2.42215 0.0551378 0)
(2.4197 0.0545904 0)
(2.40932 0.0501851 0)
(2.39784 0.0446898 0)
(2.39638 0.0426836 0)
(2.39731 0.0420176 0)
(2.39958 0.0408966 0)
(2.40611 0.0413622 0)
(2.41855 0.0444172 0)
(2.4277 0.0478358 0)
(2.43008 0.0483239 0)
(2.43064 0.0529187 0)
(2.42158 0.0460623 0)
(2.40005 0.0160816 0)
(2.31992 -0.0740551 0)
(2.05182 -0.318043 0)
(1.74855 -0.555565 0)
(1.71024 -0.589262 0)
(1.72483 -0.58228 0)
(1.73569 -0.587608 0)
(1.73862 -0.59694 0)
(1.74321 -0.603012 0)
(1.74967 -0.605003 0)
(1.76031 -0.60072 0)
(1.76919 -0.592343 0)
(1.77364 -0.590603 0)
(1.7774 -0.595648 0)
(1.78233 -0.601755 0)
(1.79255 -0.607963 0)
(1.80871 -0.608189 0)
(2.16001 0.275296 0)
(2.17238 0.266127 0)
(2.18347 0.246276 0)
(2.19345 0.211693 0)
(2.20347 0.197105 0)
(2.21558 0.195534 0)
(2.23039 0.187954 0)
(2.24979 0.176284 0)
(2.26886 0.159717 0)
(2.28492 0.150156 0)
(2.29881 0.141095 0)
(2.31157 0.122226 0)
(2.31811 0.0995553 0)
(2.31398 0.0767134 0)
(2.30499 0.052875 0)
(2.31554 0.0436369 0)
(2.33075 0.0390827 0)
(2.34602 0.0304857 0)
(2.36345 0.0221345 0)
(2.38074 0.0128745 0)
(2.39504 0.00187105 0)
(2.40838 -0.00718474 0)
(2.42029 -0.0171275 0)
(2.42425 -0.0305849 0)
(2.41047 -0.0543356 0)
(2.3946 -0.0823884 0)
(2.40418 -0.0909079 0)
(2.41682 -0.0940731 0)
(2.43055 -0.0989384 0)
(2.44693 -0.106779 0)
(2.46153 -0.113816 0)
(2.47722 -0.119274 0)
(2.48951 -0.125832 0)
(2.49933 -0.133411 0)
(2.50424 -0.142981 0)
(2.49529 -0.158429 0)
(2.4754 -0.185492 0)
(2.47784 -0.201246 0)
(2.4886 -0.20405 0)
(2.49879 -0.207759 0)
(2.51324 -0.21418 0)
(2.52513 -0.222239 0)
(2.53352 -0.226251 0)
(2.54533 -0.233041 0)
(2.55533 -0.240833 0)
(2.56012 -0.251249 0)
(2.55239 -0.267344 0)
(2.53769 -0.286007 0)
(2.53959 -0.293943 0)
(2.54654 -0.297368 0)
(2.55493 -0.304338 0)
(2.56957 -0.309067 0)
(2.58338 -0.313331 0)
(2.59375 -0.319393 0)
(2.59926 -0.323338 0)
(2.60078 -0.32492 0)
(2.59652 -0.32773 0)
(2.58266 -0.330525 0)
(2.57245 -0.325508 0)
(2.56435 -0.313014 0)
(2.54892 -0.283518 0)
(2.51907 -0.220517 0)
(2.50485 -0.163287 0)
(2.49754 -0.0990619 0)
(2.49593 -0.0401247 0)
(2.49483 -0.0175075 0)
(2.47334 -0.0138775 0)
(2.45766 -0.0151555 0)
(2.44404 -0.0151419 0)
(2.43331 -0.00775478 0)
(2.42664 0.00798066 0)
(2.4245 0.0162784 0)
(2.41904 0.0161478 0)
(2.42163 0.0160728 0)
(2.43545 0.0239364 0)
(2.44422 0.0333449 0)
(2.44451 0.0381608 0)
(2.44212 0.0415143 0)
(2.43511 0.0423855 0)
(2.41896 0.0366002 0)
(2.40101 0.0268161 0)
(2.39605 0.0239325 0)
(2.39574 0.0247138 0)
(2.39716 0.0274026 0)
(2.40261 0.0328404 0)
(2.4145 0.0421703 0)
(2.42462 0.0490443 0)
(2.42626 0.0500337 0)
(2.42628 0.0505257 0)
(2.42403 0.0514983 0)
(2.41408 0.0497061 0)
(2.40147 0.04475 0)
(2.39747 0.0422056 0)
(2.39713 0.0413135 0)
(2.39889 0.0408365 0)
(2.40755 0.0445926 0)
(2.42316 0.0536603 0)
(2.43115 0.0583444 0)
(2.43264 0.0588569 0)
(2.43274 0.0579985 0)
(2.42637 0.0538689 0)
(2.41202 0.0472819 0)
(2.40472 0.0440183 0)
(2.40523 0.0437074 0)
(2.40635 0.0434563 0)
(2.41046 0.0439604 0)
(2.42079 0.0465633 0)
(2.43381 0.0507 0)
(2.43876 0.0514856 0)
(2.43985 0.0535869 0)
(2.43555 0.049277 0)
(2.41611 0.0236073 0)
(2.31412 -0.0905483 0)
(2.11391 -0.295654 0)
(1.88645 -0.462574 0)
(1.73878 -0.583265 0)
(1.71047 -0.619453 0)
(1.72239 -0.603456 0)
(1.74567 -0.589003 0)
(1.76287 -0.58763 0)
(1.77174 -0.59292 0)
(1.77516 -0.604921 0)
(1.77475 -0.612418 0)
(1.77605 -0.61198 0)
(1.78207 -0.606445 0)
(1.79106 -0.601753 0)
(1.8 -0.600718 0)
(1.81408 -0.601096 0)
(1.82925 -0.602911 0)
(2.15652 0.287408 0)
(2.16875 0.277345 0)
(2.18105 0.25709 0)
(2.19514 0.228611 0)
(2.20769 0.218631 0)
(2.22115 0.217622 0)
(2.23703 0.208971 0)
(2.25574 0.194026 0)
(2.27244 0.176815 0)
(2.2861 0.169677 0)
(2.29799 0.159961 0)
(2.30794 0.13551 0)
(2.31021 0.107316 0)
(2.30615 0.0879805 0)
(2.3072 0.0738291 0)
(2.32155 0.0692314 0)
(2.3381 0.0621333 0)
(2.35353 0.0533445 0)
(2.3689 0.0450121 0)
(2.38464 0.0344293 0)
(2.39728 0.0218635 0)
(2.40937 0.0110189 0)
(2.4189 -0.00213099 0)
(2.41605 -0.0213692 0)
(2.39805 -0.0457103 0)
(2.39621 -0.0621788 0)
(2.40794 -0.0682228 0)
(2.42136 -0.0716571 0)
(2.43547 -0.0755969 0)
(2.45149 -0.0836971 0)
(2.46385 -0.0922992 0)
(2.47899 -0.0991493 0)
(2.49216 -0.107079 0)
(2.50141 -0.116413 0)
(2.50187 -0.129741 0)
(2.48554 -0.148313 0)
(2.47111 -0.166876 0)
(2.47794 -0.17568 0)
(2.48936 -0.179767 0)
(2.50035 -0.184325 0)
(2.51554 -0.191134 0)
(2.52756 -0.200301 0)
(2.53452 -0.205619 0)
(2.54493 -0.211509 0)
(2.55436 -0.218364 0)
(2.55585 -0.22919 0)
(2.54028 -0.246229 0)
(2.53146 -0.260337 0)
(2.53856 -0.264257 0)
(2.54704 -0.269658 0)
(2.55592 -0.278416 0)
(2.56777 -0.28504 0)
(2.58269 -0.291389 0)
(2.59318 -0.298967 0)
(2.60001 -0.304761 0)
(2.60352 -0.311037 0)
(2.59798 -0.319208 0)
(2.58451 -0.331085 0)
(2.58102 -0.332911 0)
(2.58211 -0.331434 0)
(2.58193 -0.326597 0)
(2.57732 -0.305314 0)
(2.56833 -0.26426 0)
(2.55689 -0.213795 0)
(2.53562 -0.135283 0)
(2.54182 -0.10182 0)
(2.5133 -0.058477 0)
(2.47781 -0.0302177 0)
(2.45425 -0.0282219 0)
(2.4428 -0.0246932 0)
(2.43574 -0.00669574 0)
(2.43576 0.00973128 0)
(2.43669 0.0171048 0)
(2.4441 0.0203763 0)
(2.45162 0.0242005 0)
(2.45291 0.0275183 0)
(2.45281 0.0309715 0)
(2.4508 0.0360241 0)
(2.44366 0.0397628 0)
(2.42669 0.0356103 0)
(2.4097 0.0261996 0)
(2.40568 0.0233414 0)
(2.40406 0.0232993 0)
(2.40725 0.0276347 0)
(2.4194 0.0387923 0)
(2.43525 0.0505353 0)
(2.43893 0.0522449 0)
(2.43777 0.0510064 0)
(2.43451 0.0481641 0)
(2.42557 0.0441835 0)
(2.4135 0.0419859 0)
(2.4082 0.0434355 0)
(2.4075 0.0444296 0)
(2.40734 0.0444239 0)
(2.40981 0.04515 0)
(2.42097 0.049736 0)
(2.43473 0.0554717 0)
(2.4382 0.0567802 0)
(2.4405 0.0571755 0)
(2.43882 0.0554998 0)
(2.42834 0.0504638 0)
(2.4155 0.0464749 0)
(2.41307 0.0472467 0)
(2.41397 0.048133 0)
(2.41563 0.0493151 0)
(2.4221 0.0517152 0)
(2.43587 0.0554669 0)
(2.44546 0.0560276 0)
(2.44682 0.0562783 0)
(2.44395 0.0517386 0)
(2.42906 0.0285113 0)
(2.35851 -0.0647336 0)
(2.09062 -0.319174 0)
(1.92364 -0.467599 0)
(1.8393 -0.502992 0)
(1.76453 -0.568923 0)
(1.72543 -0.619677 0)
(1.7191 -0.622515 0)
(1.73888 -0.61328 0)
(1.76985 -0.599648 0)
(1.78768 -0.594511 0)
(1.79591 -0.6003 0)
(1.79685 -0.612654 0)
(1.79324 -0.621694 0)
(1.7965 -0.621457 0)
(1.80559 -0.615827 0)
(1.81924 -0.608039 0)
(1.83836 -0.600621 0)
(1.85046 -0.598394 0)
(2.1515 0.301431 0)
(2.16357 0.292001 0)
(2.17712 0.274848 0)
(2.19537 0.252687 0)
(2.21017 0.242855 0)
(2.22483 0.241087 0)
(2.24104 0.231919 0)
(2.25748 0.215436 0)
(2.27124 0.198679 0)
(2.28191 0.191612 0)
(2.29154 0.178782 0)
(2.29811 0.147596 0)
(2.29833 0.11891 0)
(2.30186 0.108375 0)
(2.31022 0.10085 0)
(2.3256 0.0963315 0)
(2.3428 0.0853399 0)
(2.35788 0.0757025 0)
(2.3711 0.0693258 0)
(2.38479 0.0578666 0)
(2.39595 0.0435136 0)
(2.40631 0.0300912 0)
(2.4112 0.0145023 0)
(2.40066 -0.00887499 0)
(2.39013 -0.0306682 0)
(2.40028 -0.0366374 0)
(2.41128 -0.0418562 0)
(2.42473 -0.0479935 0)
(2.43875 -0.0520269 0)
(2.45266 -0.0593129 0)
(2.46512 -0.0693557 0)
(2.47845 -0.0777009 0)
(2.49111 -0.0872061 0)
(2.49799 -0.0992227 0)
(2.49135 -0.116912 0)
(2.47328 -0.136448 0)
(2.47283 -0.146016 0)
(2.47957 -0.15085 0)
(2.49169 -0.155306 0)
(2.50325 -0.159436 0)
(2.51588 -0.165855 0)
(2.52831 -0.176207 0)
(2.53514 -0.184362 0)
(2.54391 -0.192455 0)
(2.55149 -0.202968 0)
(2.54933 -0.21775 0)
(2.53279 -0.233876 0)
(2.53106 -0.241573 0)
(2.53948 -0.243583 0)
(2.54813 -0.246234 0)
(2.55702 -0.252339 0)
(2.56687 -0.258529 0)
(2.58035 -0.266035 0)
(2.59098 -0.27465 0)
(2.59762 -0.28287 0)
(2.60046 -0.29318 0)
(2.5939 -0.309582 0)
(2.58063 -0.323804 0)
(2.58824 -0.327786 0)
(2.59061 -0.327724 0)
(2.59425 -0.325794 0)
(2.59952 -0.32097 0)
(2.60319 -0.313872 0)
(2.60313 -0.29705 0)
(2.59492 -0.263783 0)
(2.58081 -0.214744 0)
(2.55539 -0.162249 0)
(2.52123 -0.113071 0)
(2.50438 -0.0995711 0)
(2.46876 -0.0646365 0)
(2.4517 -0.0297532 0)
(2.44926 -0.0120869 0)
(2.45778 0.00634831 0)
(2.47055 0.0211235 0)
(2.4667 0.0233682 0)
(2.4614 0.0226988 0)
(2.45827 0.023411 0)
(2.45689 0.0282027 0)
(2.45177 0.0355454 0)
(2.43534 0.0357585 0)
(2.42133 0.031161 0)
(2.41604 0.0290321 0)
(2.41342 0.0286037 0)
(2.4197 0.0345713 0)
(2.4374 0.0474323 0)
(2.44901 0.0539233 0)
(2.44875 0.0530426 0)
(2.44657 0.0501089 0)
(2.43916 0.0443274 0)
(2.42573 0.0374866 0)
(2.41632 0.0366201 0)
(2.41588 0.0414649 0)
(2.41685 0.0460775 0)
(2.4188 0.0488306 0)
(2.42416 0.0510915 0)
(2.435 0.0532411 0)
(2.44161 0.0535621 0)
(2.44326 0.0535452 0)
(2.44498 0.0538334 0)
(2.44166 0.0526716 0)
(2.42997 0.0487441 0)
(2.42206 0.0472969 0)
(2.42255 0.0490799 0)
(2.42387 0.0515531 0)
(2.42706 0.0544138 0)
(2.43495 0.0576219 0)
(2.44741 0.0581323 0)
(2.45258 0.0585347 0)
(2.45019 0.0539854 0)
(2.43712 0.0325608 0)
(2.35398 -0.0727967 0)
(2.19282 -0.257505 0)
(1.94335 -0.455338 0)
(1.81083 -0.568742 0)
(1.76962 -0.558791 0)
(1.76352 -0.564448 0)
(1.74708 -0.58804 0)
(1.74688 -0.611245 0)
(1.7595 -0.616597 0)
(1.77551 -0.611824 0)
(1.79288 -0.60751 0)
(1.80347 -0.610224 0)
(1.81036 -0.615735 0)
(1.81253 -0.622601 0)
(1.81776 -0.626054 0)
(1.82585 -0.62517 0)
(1.84028 -0.618034 0)
(1.85765 -0.608782 0)
(1.8671 -0.607289 0)
(2.14835 0.314435 0)
(2.16096 0.305361 0)
(2.17863 0.29038 0)
(2.19791 0.273038 0)
(2.21278 0.266469 0)
(2.22723 0.265401 0)
(2.24371 0.254199 0)
(2.25791 0.233729 0)
(2.2684 0.215458 0)
(2.27613 0.205991 0)
(2.2822 0.189444 0)
(2.28707 0.154795 0)
(2.29187 0.13231 0)
(2.30225 0.129706 0)
(2.31381 0.125339 0)
(2.32972 0.119212 0)
(2.34624 0.104242 0)
(2.35989 0.0949523 0)
(2.37173 0.0902921 0)
(2.38402 0.0771058 0)
(2.39366 0.0592731 0)
(2.40108 0.0430955 0)
(2.40059 0.0257014 0)
(2.38863 0.00209586 0)
(2.39101 -0.0109607 0)
(2.40322 -0.014052 0)
(2.41633 -0.0218071 0)
(2.42844 -0.0256165 0)
(2.44057 -0.0302388 0)
(2.45342 -0.0364975 0)
(2.46521 -0.0471489 0)
(2.47676 -0.0583526 0)
(2.48691 -0.0712032 0)
(2.48972 -0.0887508 0)
(2.47776 -0.110784 0)
(2.46834 -0.124542 0)
(2.47588 -0.126902 0)
(2.48403 -0.128331 0)
(2.49463 -0.13231 0)
(2.50713 -0.136311 0)
(2.51791 -0.142034 0)
(2.52803 -0.152044 0)
(2.53443 -0.160636 0)
(2.54144 -0.171017 0)
(2.54467 -0.184488 0)
(2.53807 -0.202458 0)
(2.52795 -0.217496 0)
(2.53326 -0.223276 0)
(2.54127 -0.225496 0)
(2.55046 -0.228077 0)
(2.55961 -0.232842 0)
(2.56908 -0.23765 0)
(2.57937 -0.243414 0)
(2.58837 -0.250304 0)
(2.59363 -0.258777 0)
(2.59191 -0.26816 0)
(2.5836 -0.286162 0)
(2.57625 -0.29953 0)
(2.58423 -0.307992 0)
(2.59368 -0.312388 0)
(2.60307 -0.316679 0)
(2.6096 -0.318793 0)
(2.61534 -0.318558 0)
(2.62083 -0.313498 0)
(2.62115 -0.309532 0)
(2.6152 -0.298262 0)
(2.60023 -0.273853 0)
(2.57721 -0.237848 0)
(2.5507 -0.196547 0)
(2.50898 -0.128973 0)
(2.4875 -0.0862758 0)
(2.48625 -0.0654888 0)
(2.49034 -0.0232594 0)
(2.49734 0.0149891 0)
(2.48839 0.0189682 0)
(2.47564 0.0158985 0)
(2.46867 0.0139191 0)
(2.46199 0.0145397 0)
(2.45489 0.0230114 0)
(2.44196 0.0336541 0)
(2.43444 0.0354737 0)
(2.42822 0.0334553 0)
(2.42577 0.0316886 0)
(2.43503 0.0376587 0)
(2.4521 0.0488666 0)
(2.4571 0.053145 0)
(2.45633 0.053322 0)
(2.4529 0.050436 0)
(2.4438 0.0428654 0)
(2.42968 0.0352777 0)
(2.42315 0.0356991 0)
(2.42362 0.0399276 0)
(2.42531 0.0455585 0)
(2.42996 0.0516646 0)
(2.43866 0.0565322 0)
(2.44615 0.055379 0)
(2.44738 0.0526785 0)
(2.44773 0.0515339 0)
(2.44791 0.0510088 0)
(2.44347 0.0513954 0)
(2.43366 0.0512163 0)
(2.43114 0.0516638 0)
(2.43182 0.052392 0)
(2.43351 0.0546399 0)
(2.43782 0.0582192 0)
(2.44544 0.0600846 0)
(2.45469 0.0617949 0)
(2.45539 0.0560532 0)
(2.44279 0.0349508 0)
(2.36528 -0.0690176 0)
(2.14894 -0.306226 0)
(2.00875 -0.425416 0)
(1.90686 -0.487954 0)
(1.81456 -0.559202 0)
(1.76832 -0.589583 0)
(1.76179 -0.57548 0)
(1.76802 -0.580384 0)
(1.77726 -0.599528 0)
(1.78401 -0.612839 0)
(1.78837 -0.615007 0)
(1.79484 -0.616024 0)
(1.80509 -0.614265 0)
(1.81655 -0.613276 0)
(1.82629 -0.618257 0)
(1.83676 -0.625295 0)
(1.8496 -0.626468 0)
(1.86395 -0.620855 0)
(1.87519 -0.616425 0)
(1.88469 -0.616594 0)
(2.14611 0.330762 0)
(2.16078 0.322234 0)
(2.18057 0.311334 0)
(2.19934 0.298181 0)
(2.21385 0.292614 0)
(2.22805 0.29002 0)
(2.24311 0.275356 0)
(2.2527 0.251311 0)
(2.25821 0.232347 0)
(2.26238 0.219892 0)
(2.26838 0.197183 0)
(2.27844 0.166115 0)
(2.28917 0.153886 0)
(2.30191 0.154887 0)
(2.31513 0.151225 0)
(2.33158 0.143132 0)
(2.34683 0.125516 0)
(2.35867 0.116094 0)
(2.36883 0.11204 0)
(2.37912 0.0974209 0)
(2.38603 0.0763449 0)
(2.38824 0.0593648 0)
(2.38434 0.0397933 0)
(2.38264 0.0196324 0)
(2.39349 0.0143544 0)
(2.4061 0.00843827 0)
(2.41915 0.00114762 0)
(2.43082 -0.00279335 0)
(2.44057 -0.00545205 0)
(2.45213 -0.0128007 0)
(2.4632 -0.0245554 0)
(2.47155 -0.0371922 0)
(2.47688 -0.0527143 0)
(2.47502 -0.0749629 0)
(2.4649 -0.0975059 0)
(2.46911 -0.106747 0)
(2.47894 -0.107779 0)
(2.48841 -0.10983 0)
(2.49895 -0.111973 0)
(2.50923 -0.115455 0)
(2.52 -0.121547 0)
(2.52765 -0.130564 0)
(2.53237 -0.138224 0)
(2.53635 -0.149785 0)
(2.53486 -0.165757 0)
(2.52586 -0.186107 0)
(2.52722 -0.200122 0)
(2.53584 -0.202612 0)
(2.54415 -0.206044 0)
(2.55283 -0.209633 0)
(2.56149 -0.213498 0)
(2.57003 -0.217511 0)
(2.57857 -0.221928 0)
(2.58591 -0.227801 0)
(2.58926 -0.237319 0)
(2.58283 -0.25063 0)
(2.57487 -0.269338 0)
(2.57622 -0.278672 0)
(2.58133 -0.283078 0)
(2.59308 -0.288091 0)
(2.60379 -0.293233 0)
(2.61195 -0.297357 0)
(2.61992 -0.300206 0)
(2.62545 -0.30527 0)
(2.6282 -0.308568 0)
(2.62808 -0.310505 0)
(2.61605 -0.310156 0)
(2.60536 -0.301428 0)
(2.59526 -0.289502 0)
(2.57358 -0.249331 0)
(2.55527 -0.201476 0)
(2.53084 -0.128251 0)
(2.51418 -0.0472473 0)
(2.5239 -0.0274051 0)
(2.52954 -0.00540642 0)
(2.50557 -3.73274e-05 0)
(2.48754 -0.00149456 0)
(2.4758 -0.00151735 0)
(2.46318 0.00740951 0)
(2.45293 0.0257165 0)
(2.44943 0.031472 0)
(2.4448 0.0313115 0)
(2.44378 0.0315638 0)
(2.45231 0.0367681 0)
(2.4612 0.043547 0)
(2.46266 0.0464821 0)
(2.46223 0.048218 0)
(2.45906 0.0485466 0)
(2.44994 0.0435541 0)
(2.43704 0.0370435 0)
(2.43194 0.0365949 0)
(2.43173 0.0386843 0)
(2.43377 0.0441249 0)
(2.44001 0.0515644 0)
(2.45058 0.0577617 0)
(2.45467 0.058164 0)
(2.45398 0.0567927 0)
(2.45283 0.0550607 0)
(2.45081 0.0545863 0)
(2.44567 0.0549623 0)
(2.43924 0.0549565 0)
(2.43921 0.0552165 0)
(2.44042 0.0550282 0)
(2.44229 0.0551527 0)
(2.446 0.055763 0)
(2.4525 0.0595257 0)
(2.45801 0.0593391 0)
(2.44734 0.0375429 0)
(2.37863 -0.0641003 0)
(2.13753 -0.32546 0)
(2.00448 -0.450943 0)
(1.95903 -0.457011 0)
(1.8847 -0.49432 0)
(1.79421 -0.585633 0)
(1.75402 -0.629307 0)
(1.74549 -0.613159 0)
(1.77328 -0.593816 0)
(1.79715 -0.590033 0)
(1.80524 -0.596261 0)
(1.80623 -0.603533 0)
(1.80539 -0.611895 0)
(1.81066 -0.616921 0)
(1.81898 -0.620998 0)
(1.83211 -0.624998 0)
(1.85247 -0.626227 0)
(1.87296 -0.623142 0)
(1.88567 -0.62197 0)
(1.8929 -0.623919 0)
(1.90062 -0.626351 0)
(2.14576 0.348895 0)
(2.16363 0.341223 0)
(2.18431 0.332434 0)
(2.20222 0.321696 0)
(2.2153 0.316618 0)
(2.22699 0.312492 0)
(2.23828 0.292617 0)
(2.24361 0.262725 0)
(2.24621 0.24113 0)
(2.25003 0.223355 0)
(2.25999 0.201172 0)
(2.27572 0.183071 0)
(2.28843 0.176572 0)
(2.3023 0.17767 0)
(2.31645 0.174159 0)
(2.33333 0.163938 0)
(2.34675 0.146038 0)
(2.35617 0.137253 0)
(2.3641 0.131083 0)
(2.37304 0.110275 0)
(2.3775 0.0845025 0)
(2.37657 0.0679743 0)
(2.37493 0.0510709 0)
(2.38457 0.0413089 0)
(2.39709 0.0367059 0)
(2.40979 0.0274542 0)
(2.42213 0.0221421 0)
(2.43201 0.0193524 0)
(2.44092 0.0141536 0)
(2.45056 0.00657691 0)
(2.45975 -0.00463734 0)
(2.46573 -0.0203086 0)
(2.4648 -0.0400314 0)
(2.45845 -0.0642428 0)
(2.46174 -0.0807567 0)
(2.47196 -0.0848324 0)
(2.48194 -0.0878051 0)
(2.49196 -0.0901821 0)
(2.50206 -0.0935477 0)
(2.51178 -0.0967976 0)
(2.5196 -0.100813 0)
(2.5255 -0.109754 0)
(2.52784 -0.11985 0)
(2.52542 -0.131348 0)
(2.52082 -0.150607 0)
(2.51825 -0.168793 0)
(2.52716 -0.17732 0)
(2.5367 -0.180569 0)
(2.54666 -0.185922 0)
(2.55491 -0.190849 0)
(2.56303 -0.195263 0)
(2.5707 -0.199187 0)
(2.57817 -0.203457 0)
(2.58398 -0.209403 0)
(2.58359 -0.219762 0)
(2.57296 -0.236265 0)
(2.56876 -0.247891 0)
(2.57436 -0.253557 0)
(2.58025 -0.258316 0)
(2.59207 -0.265842 0)
(2.6037 -0.27409 0)
(2.61186 -0.281245 0)
(2.62024 -0.286634 0)
(2.62756 -0.293788 0)
(2.63191 -0.300788 0)
(2.63119 -0.306202 0)
(2.61943 -0.310963 0)
(2.61157 -0.31061 0)
(2.61114 -0.309109 0)
(2.60977 -0.303274 0)
(2.60528 -0.282357 0)
(2.59608 -0.249076 0)
(2.57634 -0.186443 0)
(2.57154 -0.137283 0)
(2.5551 -0.0626137 0)
(2.53183 -0.0152675 0)
(2.51564 -0.0108058 0)
(2.49031 -0.0111896 0)
(2.47375 -0.00762728 0)
(2.46408 0.00783117 0)
(2.4614 0.0232661 0)
(2.4621 0.0313544 0)
(2.46836 0.0365919 0)
(2.4717 0.0366318 0)
(2.47029 0.0369827 0)
(2.46988 0.0385228 0)
(2.46934 0.0416187 0)
(2.46621 0.0457507 0)
(2.45667 0.0451492 0)
(2.4455 0.0397696 0)
(2.44222 0.0379589 0)
(2.44031 0.0379891 0)
(2.44164 0.0412463 0)
(2.44917 0.0492981 0)
(2.46024 0.0580749 0)
(2.46294 0.0597585 0)
(2.46219 0.0590363 0)
(2.46009 0.0571385 0)
(2.45575 0.0547529 0)
(2.44853 0.0535505 0)
(2.44426 0.0542104 0)
(2.44555 0.0541537 0)
(2.44741 0.0542631 0)
(2.45016 0.0541643 0)
(2.45328 0.0553211 0)
(2.45761 0.0593867 0)
(2.45313 0.0439664 0)
(2.35894 -0.0772563 0)
(2.19674 -0.276818 0)
(2.01397 -0.458134 0)
(1.94051 -0.507016 0)
(1.90952 -0.504529 0)
(1.85299 -0.529497 0)
(1.78666 -0.598702 0)
(1.76747 -0.634917 0)
(1.77664 -0.623567 0)
(1.80316 -0.603628 0)
(1.81777 -0.590249 0)
(1.82616 -0.590927 0)
(1.82745 -0.597801 0)
(1.82033 -0.610147 0)
(1.82142 -0.619078 0)
(1.82874 -0.623091 0)
(1.84404 -0.626191 0)
(1.87041 -0.622915 0)
(1.89396 -0.618825 0)
(1.90389 -0.620013 0)
(1.9117 -0.624168 0)
(1.91685 -0.629189 0)
(2.14762 0.369677 0)
(2.16824 0.362814 0)
(2.18838 0.354496 0)
(2.20477 0.34597 0)
(2.21563 0.340001 0)
(2.22249 0.330957 0)
(2.22636 0.303162 0)
(2.22646 0.270063 0)
(2.23011 0.25035 0)
(2.23946 0.230522 0)
(2.2582 0.215596 0)
(2.27486 0.205111 0)
(2.28808 0.19954 0)
(2.3023 0.200071 0)
(2.31776 0.196684 0)
(2.33413 0.184992 0)
(2.3452 0.168315 0)
(2.35076 0.158027 0)
(2.35397 0.148896 0)
(2.35978 0.122806 0)
(2.36253 0.0957026 0)
(2.36428 0.0822809 0)
(2.37273 0.0705077 0)
(2.38658 0.0670926 0)
(2.40035 0.0592966 0)
(2.41224 0.0494534 0)
(2.42328 0.0459578 0)
(2.43159 0.0436588 0)
(2.43927 0.0351485 0)
(2.44682 0.0241621 0)
(2.45342 0.0121416 0)
(2.45472 -0.00550796 0)
(2.4486 -0.0306226 0)
(2.44999 -0.0490257 0)
(2.46026 -0.0528264 0)
(2.47155 -0.0573754 0)
(2.48386 -0.0644816 0)
(2.4939 -0.0690043 0)
(2.50386 -0.0738546 0)
(2.51218 -0.0790338 0)
(2.51919 -0.0840004 0)
(2.52325 -0.0918637 0)
(2.52166 -0.104962 0)
(2.51374 -0.123643 0)
(2.51019 -0.137164 0)
(2.51696 -0.144388 0)
(2.52464 -0.150412 0)
(2.5359 -0.156199 0)
(2.5477 -0.163545 0)
(2.55614 -0.170289 0)
(2.56389 -0.175603 0)
(2.57085 -0.180392 0)
(2.57727 -0.18568 0)
(2.58066 -0.193307 0)
(2.57509 -0.206509 0)
(2.5651 -0.221803 0)
(2.56799 -0.22789 0)
(2.57295 -0.231098 0)
(2.57996 -0.235281 0)
(2.59091 -0.24233 0)
(2.60157 -0.248717 0)
(2.6095 -0.256032 0)
(2.61681 -0.260625 0)
(2.6242 -0.267481 0)
(2.62883 -0.278738 0)
(2.6274 -0.292939 0)
(2.61627 -0.305112 0)
(2.61711 -0.309754 0)
(2.61848 -0.310474 0)
(2.62101 -0.309401 0)
(2.62513 -0.303031 0)
(2.62724 -0.296226 0)
(2.62522 -0.28033 0)
(2.61715 -0.24801 0)
(2.60066 -0.19821 0)
(2.58099 -0.143239 0)
(2.56962 -0.108773 0)
(2.51708 -0.0468313 0)
(2.4896 -0.0223002 0)
(2.48098 -0.0123994 0)
(2.47663 0.0133444 0)
(2.4802 0.0304004 0)
(2.4877 0.038311 0)
(2.48472 0.0367096 0)
(2.47941 0.0350836 0)
(2.47684 0.0336325 0)
(2.47545 0.0357442 0)
(2.47311 0.0417778 0)
(2.46424 0.04397 0)
(2.45627 0.0417511 0)
(2.45119 0.0391667 0)
(2.44815 0.0368526 0)
(2.45051 0.0399651 0)
(2.4604 0.0493243 0)
(2.4697 0.0580283 0)
(2.47084 0.0599456 0)
(2.47014 0.0597938 0)
(2.46732 0.0575962 0)
(2.46066 0.0531193 0)
(2.45138 0.049466 0)
(2.44876 0.0496968 0)
(2.45129 0.0517315 0)
(2.45401 0.0523364 0)
(2.4574 0.0529888 0)
(2.45952 0.0564639 0)
(2.45124 0.0394516 0)
(2.38514 -0.0640561 0)
(2.14593 -0.31527 0)
(2.03486 -0.42536 0)
(1.98447 -0.481502 0)
(1.94295 -0.512545 0)
(1.90166 -0.531253 0)
(1.83327 -0.554821 0)
(1.78341 -0.602342 0)
(1.78195 -0.625096 0)
(1.8048 -0.621559 0)
(1.8248 -0.609131 0)
(1.83604 -0.602227 0)
(1.84425 -0.603176 0)
(1.844 -0.608294 0)
(1.83741 -0.614148 0)
(1.83874 -0.618384 0)
(1.84538 -0.620739 0)
(1.86294 -0.621429 0)
(1.89076 -0.61887 0)
(1.90853 -0.620175 0)
(1.91697 -0.623845 0)
(1.92474 -0.629159 0)
(1.92993 -0.633245 0)
(2.15233 0.390924 0)
(2.17359 0.383805 0)
(2.19247 0.375422 0)
(2.20683 0.367899 0)
(2.21429 0.35836 0)
(2.2136 0.338859 0)
(2.20959 0.302874 0)
(2.21166 0.275513 0)
(2.22066 0.258261 0)
(2.23845 0.24431 0)
(2.25867 0.236085 0)
(2.27462 0.228376 0)
(2.28894 0.223175 0)
(2.30322 0.221853 0)
(2.32002 0.217421 0)
(2.33501 0.205808 0)
(2.34167 0.19078 0)
(2.34071 0.176843 0)
(2.33816 0.158078 0)
(2.34416 0.127444 0)
(2.35295 0.105282 0)
(2.3603 0.0983309 0)
(2.37418 0.0937431 0)
(2.38903 0.0897323 0)
(2.40304 0.0807884 0)
(2.41495 0.0710897 0)
(2.42453 0.0666446 0)
(2.43189 0.0637581 0)
(2.43778 0.0533514 0)
(2.44241 0.0374278 0)
(2.44517 0.0195703 0)
(2.44208 -0.00331625 0)
(2.44036 -0.021184 0)
(2.44957 -0.0257251 0)
(2.4601 -0.0294631 0)
(2.47302 -0.0345021 0)
(2.48489 -0.0412808 0)
(2.49442 -0.0456287 0)
(2.50415 -0.0511728 0)
(2.5119 -0.0587593 0)
(2.51765 -0.0658085 0)
(2.51961 -0.0775192 0)
(2.51279 -0.0975372 0)
(2.50332 -0.117244 0)
(2.50883 -0.122837 0)
(2.51704 -0.123893 0)
(2.5253 -0.127842 0)
(2.53656 -0.134752 0)
(2.54868 -0.142387 0)
(2.55705 -0.149556 0)
(2.56421 -0.155303 0)
(2.57021 -0.161295 0)
(2.57495 -0.169075 0)
(2.57454 -0.181431 0)
(2.56507 -0.197149 0)
(2.56299 -0.206295 0)
(2.56839 -0.208414 0)
(2.5741 -0.212834 0)
(2.58147 -0.216848 0)
(2.59125 -0.223076 0)
(2.60129 -0.229243 0)
(2.60911 -0.236847 0)
(2.61511 -0.241655 0)
(2.6212 -0.24725 0)
(2.62445 -0.259919 0)
(2.62099 -0.27656 0)
(2.61218 -0.287301 0)
(2.61504 -0.291751 0)
(2.6206 -0.292531 0)
(2.62693 -0.29356 0)
(2.63222 -0.294745 0)
(2.63633 -0.294321 0)
(2.64075 -0.295082 0)
(2.6419 -0.292158 0)
(2.63749 -0.280519 0)
(2.62502 -0.254238 0)
(2.60766 -0.220505 0)
(2.57352 -0.16741 0)
(2.54797 -0.123086 0)
(2.529 -0.0781644 0)
(2.50162 -0.00887575 0)
(2.49519 0.0187038 0)
(2.5034 0.0356349 0)
(2.50298 0.0392307 0)
(2.49214 0.0368594 0)
(2.48575 0.0325921 0)
(2.48095 0.0320064 0)
(2.47769 0.0371959 0)
(2.47033 0.0446279 0)
(2.46601 0.0458728 0)
(2.46012 0.0430652 0)
(2.45759 0.0401161 0)
(2.4626 0.0436212 0)
(2.4734 0.0533402 0)
(2.4784 0.059229 0)
(2.47855 0.0606553 0)
(2.47725 0.0606885 0)
(2.47313 0.0568273 0)
(2.46434 0.0506866 0)
(2.45541 0.0462042 0)
(2.45473 0.0474082 0)
(2.45748 0.0492928 0)
(2.46155 0.0517782 0)
(2.46328 0.0556152 0)
(2.45067 0.0355072 0)
(2.38409 -0.0690912 0)
(2.15169 -0.342948 0)
(2.03541 -0.417028 0)
(1.99648 -0.452763 0)
(1.96681 -0.49084 0)
(1.92149 -0.538424 0)
(1.85042 -0.577549 0)
(1.79137 -0.592942 0)
(1.78213 -0.602094 0)
(1.79995 -0.61297 0)
(1.82759 -0.61221 0)
(1.84289 -0.60807 0)
(1.85159 -0.610639 0)
(1.85727 -0.617621 0)
(1.855 -0.62624 0)
(1.85645 -0.62854 0)
(1.86341 -0.627402 0)
(1.87231 -0.623978 0)
(1.88989 -0.61941 0)
(1.91 -0.617266 0)
(1.91983 -0.620192 0)
(1.92757 -0.625259 0)
(1.93484 -0.629437 0)
(1.94199 -0.631169 0)
(2.15785 0.410734 0)
(2.17853 0.402367 0)
(2.19554 0.393867 0)
(2.20653 0.38496 0)
(2.20813 0.3683 0)
(2.19786 0.33583 0)
(2.19243 0.302307 0)
(2.20358 0.285731 0)
(2.21967 0.274652 0)
(2.23973 0.267087 0)
(2.26014 0.258599 0)
(2.27548 0.252508 0)
(2.29114 0.248034 0)
(2.30595 0.244643 0)
(2.32253 0.238457 0)
(2.33412 0.225739 0)
(2.33345 0.208226 0)
(2.32621 0.18446 0)
(2.3231 0.157251 0)
(2.33352 0.137193 0)
(2.34764 0.127366 0)
(2.35804 0.122432 0)
(2.37404 0.11865 0)
(2.39063 0.111848 0)
(2.40424 0.102183 0)
(2.41581 0.0937708 0)
(2.42389 0.0880862 0)
(2.42916 0.0836986 0)
(2.43272 0.0702977 0)
(2.43219 0.0510114 0)
(2.42874 0.0269412 0)
(2.42938 0.00604768 0)
(2.43957 0.000632812 0)
(2.4503 -0.00219924 0)
(2.46161 -0.00723065 0)
(2.47452 -0.0126915 0)
(2.48567 -0.0192807 0)
(2.49468 -0.0243402 0)
(2.50365 -0.0302595 0)
(2.51111 -0.0402442 0)
(2.5138 -0.0519256 0)
(2.51103 -0.0690238 0)
(2.50174 -0.0891928 0)
(2.50034 -0.101137 0)
(2.50913 -0.102615 0)
(2.51814 -0.103866 0)
(2.52801 -0.107709 0)
(2.53805 -0.113498 0)
(2.54978 -0.121382 0)
(2.55769 -0.129084 0)
(2.56345 -0.134719 0)
(2.56815 -0.142684 0)
(2.56935 -0.153442 0)
(2.56469 -0.169169 0)
(2.55737 -0.184198 0)
(2.56298 -0.187852 0)
(2.56929 -0.189077 0)
(2.57565 -0.193319 0)
(2.58272 -0.19668 0)
(2.59136 -0.201535 0)
(2.59973 -0.207113 0)
(2.60737 -0.21423 0)
(2.61269 -0.220908 0)
(2.6162 -0.226284 0)
(2.61547 -0.237378 0)
(2.61135 -0.256913 0)
(2.60959 -0.267992 0)
(2.61457 -0.275274 0)
(2.62282 -0.277984 0)
(2.62945 -0.283276 0)
(2.6353 -0.286306 0)
(2.64196 -0.288632 0)
(2.64666 -0.29052 0)
(2.64778 -0.291451 0)
(2.648 -0.292015 0)
(2.64136 -0.290333 0)
(2.63562 -0.284605 0)
(2.62297 -0.268295 0)
(2.60346 -0.224768 0)
(2.58235 -0.175186 0)
(2.55101 -0.0962884 0)
(2.55101 -0.0701703 0)
(2.54694 -0.0230497 0)
(2.53299 0.0304162 0)
(2.51099 0.0355542 0)
(2.49834 0.0311423 0)
(2.48992 0.0284868 0)
(2.48076 0.029537 0)
(2.47496 0.0369201 0)
(2.47406 0.0444087 0)
(2.47114 0.0455708 0)
(2.47126 0.0442687 0)
(2.47811 0.0463151 0)
(2.48453 0.0509049 0)
(2.4862 0.0545309 0)
(2.48607 0.0574353 0)
(2.48435 0.0605323 0)
(2.47902 0.0583255 0)
(2.46905 0.0512292 0)
(2.4614 0.0470103 0)
(2.46208 0.0481883 0)
(2.46559 0.0518721 0)
(2.46718 0.0565251 0)
(2.45539 0.039521 0)
(2.35744 -0.102211 0)
(2.16912 -0.323537 0)
(2.06393 -0.412775 0)
(2.00155 -0.453756 0)
(1.97925 -0.471541 0)
(1.94783 -0.513746 0)
(1.89238 -0.564543 0)
(1.81866 -0.609132 0)
(1.79013 -0.598566 0)
(1.79995 -0.591953 0)
(1.8261 -0.59855 0)
(1.84669 -0.605149 0)
(1.85662 -0.610819 0)
(1.86431 -0.61966 0)
(1.86696 -0.630488 0)
(1.87088 -0.635869 0)
(1.87839 -0.636911 0)
(1.88812 -0.63351 0)
(1.90106 -0.627582 0)
(1.91718 -0.619709 0)
(1.92715 -0.616345 0)
(1.93265 -0.618998 0)
(1.93826 -0.624655 0)
(1.94528 -0.628823 0)
(1.95273 -0.631226 0)
(2.1626 0.427634 0)
(2.18168 0.418851 0)
(2.19604 0.409948 0)
(2.20182 0.395925 0)
(2.19445 0.367023 0)
(2.17951 0.329645 0)
(2.18671 0.309508 0)
(2.2039 0.302281 0)
(2.22283 0.295889 0)
(2.24285 0.289627 0)
(2.26206 0.282669 0)
(2.2782 0.277339 0)
(2.29446 0.272864 0)
(2.30997 0.267422 0)
(2.32433 0.257704 0)
(2.32865 0.240206 0)
(2.3182 0.213406 0)
(2.30865 0.183404 0)
(2.31602 0.162527 0)
(2.33084 0.156658 0)
(2.34609 0.150115 0)
(2.35778 0.144525 0)
(2.37515 0.139956 0)
(2.3918 0.132234 0)
(2.40447 0.123255 0)
(2.41434 0.117045 0)
(2.42151 0.110175 0)
(2.42377 0.100733 0)
(2.42316 0.0809921 0)
(2.41828 0.0546336 0)
(2.41652 0.0311361 0)
(2.42783 0.0241453 0)
(2.43935 0.0231393 0)
(2.45232 0.0182759 0)
(2.46435 0.0123418 0)
(2.4757 0.00721256 0)
(2.48585 0.00108676 0)
(2.49364 -0.00429619 0)
(2.50103 -0.0105573 0)
(2.50623 -0.0215595 0)
(2.50455 -0.0394708 0)
(2.49543 -0.0618245 0)
(2.49653 -0.0776313 0)
(2.5033 -0.080505 0)
(2.51131 -0.0825978 0)
(2.52142 -0.0854812 0)
(2.53199 -0.0906343 0)
(2.54166 -0.0963611 0)
(2.55079 -0.1028 0)
(2.55747 -0.109872 0)
(2.56157 -0.116322 0)
(2.56305 -0.124944 0)
(2.56077 -0.140649 0)
(2.55608 -0.160678 0)
(2.55638 -0.169254 0)
(2.56404 -0.172503 0)
(2.57183 -0.173789 0)
(2.57808 -0.177231 0)
(2.58425 -0.179719 0)
(2.59151 -0.182768 0)
(2.5991 -0.188309 0)
(2.60576 -0.195336 0)
(2.61019 -0.202569 0)
(2.61153 -0.21203 0)
(2.60712 -0.224175 0)
(2.60357 -0.23884 0)
(2.60844 -0.247841 0)
(2.61446 -0.24997 0)
(2.62173 -0.253447 0)
(2.62871 -0.257633 0)
(2.63377 -0.262394 0)
(2.63996 -0.266901 0)
(2.6465 -0.273106 0)
(2.65034 -0.280241 0)
(2.65014 -0.287088 0)
(2.64415 -0.293379 0)
(2.63957 -0.294787 0)
(2.6387 -0.292932 0)
(2.637 -0.284908 0)
(2.63259 -0.26565 0)
(2.61768 -0.221939 0)
(2.60314 -0.166916 0)
(2.5794 -0.0965469 0)
(2.56069 -0.0360476 0)
(2.56055 -0.0237181 0)
(2.53784 -0.00269488 0)
(2.5125 0.00479261 0)
(2.4934 0.0123924 0)
(2.48533 0.0217315 0)
(2.48372 0.0381426 0)
(2.48546 0.0454332 0)
(2.49051 0.0481048 0)
(2.49498 0.0461281 0)
(2.49402 0.0451854 0)
(2.49353 0.0463129 0)
(2.49354 0.049656 0)
(2.49206 0.0550242 0)
(2.48581 0.0559145 0)
(2.47505 0.0519306 0)
(2.46916 0.0498644 0)
(2.47107 0.052277 0)
(2.47209 0.0546837 0)
(2.4554 0.0299467 0)
(2.35836 -0.100719 0)
(2.18702 -0.304552 0)
(2.0264 -0.464773 0)
(1.9917 -0.478447 0)
(1.9896 -0.478032 0)
(1.9747 -0.492565 0)
(1.93725 -0.52996 0)
(1.86462 -0.578422 0)
(1.81346 -0.609225 0)
(1.8072 -0.600426 0)
(1.82732 -0.601274 0)
(1.84935 -0.607452 0)
(1.85929 -0.607905 0)
(1.87048 -0.612665 0)
(1.87974 -0.620012 0)
(1.88581 -0.629097 0)
(1.89115 -0.634779 0)
(1.89851 -0.639427 0)
(1.9099 -0.641266 0)
(1.92576 -0.634638 0)
(1.93863 -0.624307 0)
(1.94494 -0.621811 0)
(1.94929 -0.622347 0)
(1.95148 -0.625479 0)
(1.9565 -0.629245 0)
(1.96293 -0.631815 0)
(2.16574 0.4431 0)
(2.18246 0.433721 0)
(2.19262 0.422176 0)
(2.19068 0.398511 0)
(2.17454 0.362072 0)
(2.17194 0.336523 0)
(2.18884 0.329621 0)
(2.20717 0.323431 0)
(2.22789 0.318042 0)
(2.24709 0.311989 0)
(2.26502 0.306517 0)
(2.28212 0.301362 0)
(2.2987 0.295455 0)
(2.31373 0.286779 0)
(2.32227 0.27161 0)
(2.31386 0.244287 0)
(2.29755 0.211194 0)
(2.30074 0.188118 0)
(2.31552 0.181914 0)
(2.33058 0.177939 0)
(2.34703 0.172993 0)
(2.36091 0.166658 0)
(2.37817 0.160459 0)
(2.39319 0.153062 0)
(2.40421 0.146948 0)
(2.41258 0.141039 0)
(2.4172 0.13117 0)
(2.41529 0.110796 0)
(2.40585 0.0829746 0)
(2.40603 0.0612796 0)
(2.41392 0.0509523 0)
(2.42684 0.048431 0)
(2.4408 0.0442847 0)
(2.45349 0.038876 0)
(2.46501 0.0335285 0)
(2.47552 0.0279065 0)
(2.48431 0.0223325 0)
(2.49141 0.0155386 0)
(2.49644 0.00624795 0)
(2.49711 -0.0092726 0)
(2.48931 -0.0334763 0)
(2.48693 -0.0525258 0)
(2.49581 -0.0553415 0)
(2.50496 -0.0574904 0)
(2.5146 -0.0612139 0)
(2.52506 -0.066016 0)
(2.5348 -0.0714916 0)
(2.54336 -0.0773892 0)
(2.5503 -0.0831904 0)
(2.55545 -0.0901381 0)
(2.55751 -0.0985044 0)
(2.5542 -0.110682 0)
(2.5477 -0.1289 0)
(2.54993 -0.144062 0)
(2.55745 -0.150456 0)
(2.5651 -0.15212 0)
(2.57389 -0.154767 0)
(2.58016 -0.158375 0)
(2.58536 -0.161516 0)
(2.59105 -0.164164 0)
(2.59708 -0.168406 0)
(2.60264 -0.175858 0)
(2.60564 -0.186022 0)
(2.60291 -0.197241 0)
(2.59894 -0.212629 0)
(2.60022 -0.220698 0)
(2.6075 -0.225679 0)
(2.61454 -0.230049 0)
(2.62148 -0.234475 0)
(2.62902 -0.238964 0)
(2.63404 -0.244732 0)
(2.63875 -0.248954 0)
(2.64459 -0.253616 0)
(2.64774 -0.259497 0)
(2.64429 -0.269097 0)
(2.63521 -0.281529 0)
(2.63965 -0.286328 0)
(2.64199 -0.286975 0)
(2.64582 -0.287028 0)
(2.65076 -0.28406 0)
(2.6526 -0.27752 0)
(2.64956 -0.259474 0)
(2.63978 -0.229314 0)
(2.61447 -0.166952 0)
(2.60095 -0.114038 0)
(2.5668 -0.0475136 0)
(2.53442 -0.0111605 0)
(2.52051 -0.0161054 0)
(2.50333 -0.00224122 0)
(2.49757 0.0237903 0)
(2.50031 0.0397732 0)
(2.50807 0.0466749 0)
(2.50866 0.0456523 0)
(2.50372 0.0443767 0)
(2.50157 0.0432549 0)
(2.50039 0.0453773 0)
(2.49854 0.0497838 0)
(2.49312 0.0521448 0)
(2.48426 0.0515525 0)
(2.47964 0.0519553 0)
(2.47786 0.0502141 0)
(2.45471 0.0137216 0)
(2.35899 -0.113195 0)
(2.18424 -0.316423 0)
(2.00527 -0.481399 0)
(1.9867 -0.501992 0)
(1.99566 -0.483413 0)
(1.99731 -0.483806 0)
(1.976 -0.501249 0)
(1.91722 -0.544612 0)
(1.84281 -0.603807 0)
(1.82204 -0.617207 0)
(1.83429 -0.608792 0)
(1.85958 -0.60946 0)
(1.8712 -0.608464 0)
(1.87802 -0.611825 0)
(1.88356 -0.615169 0)
(1.89041 -0.619137 0)
(1.89901 -0.622817 0)
(1.90602 -0.628769 0)
(1.91613 -0.637522 0)
(1.93125 -0.64037 0)
(1.94731 -0.635834 0)
(1.95623 -0.632475 0)
(1.96312 -0.63075 0)
(1.96581 -0.627898 0)
(1.9654 -0.628414 0)
(1.96883 -0.631801 0)
(1.97389 -0.634551 0)
(2.16731 0.456248 0)
(2.18011 0.446572 0)
(2.18414 0.429377 0)
(2.17344 0.395607 0)
(2.16302 0.363152 0)
(2.17689 0.355868 0)
(2.19361 0.350426 0)
(2.21328 0.344701 0)
(2.23377 0.339708 0)
(2.25135 0.334215 0)
(2.26932 0.32869 0)
(2.28666 0.322134 0)
(2.3025 0.313793 0)
(2.31373 0.300146 0)
(2.31047 0.275242 0)
(2.29078 0.241357 0)
(2.2874 0.214322 0)
(2.30163 0.208512 0)
(2.31652 0.203803 0)
(2.33344 0.198515 0)
(2.3504 0.194316 0)
(2.36638 0.188744 0)
(2.38215 0.182175 0)
(2.39529 0.176467 0)
(2.40526 0.171629 0)
(2.41143 0.162745 0)
(2.41022 0.142116 0)
(2.39905 0.109938 0)
(2.39334 0.0849782 0)
(2.40333 0.0791276 0)
(2.41481 0.074756 0)
(2.42907 0.0688837 0)
(2.44291 0.0633329 0)
(2.45466 0.058943 0)
(2.46552 0.0541703 0)
(2.4751 0.0486098 0)
(2.48322 0.0422655 0)
(2.48862 0.0339809 0)
(2.48905 0.0192667 0)
(2.48172 -0.00584211 0)
(2.47766 -0.0272131 0)
(2.48648 -0.0324637 0)
(2.49624 -0.0353094 0)
(2.50737 -0.0386121 0)
(2.51762 -0.0421627 0)
(2.52768 -0.0466904 0)
(2.53689 -0.0526022 0)
(2.54416 -0.0586087 0)
(2.54978 -0.065361 0)
(2.55326 -0.0744279 0)
(2.55182 -0.0875942 0)
(2.54398 -0.105536 0)
(2.54229 -0.11968 0)
(2.54952 -0.123673 0)
(2.55736 -0.128762 0)
(2.5665 -0.133829 0)
(2.57535 -0.137984 0)
(2.58182 -0.141963 0)
(2.58662 -0.145212 0)
(2.59108 -0.147941 0)
(2.59521 -0.150848 0)
(2.59834 -0.158071 0)
(2.59805 -0.171393 0)
(2.59287 -0.189168 0)
(2.594 -0.198844 0)
(2.60036 -0.202148 0)
(2.60657 -0.205641 0)
(2.61461 -0.210479 0)
(2.62125 -0.213854 0)
(2.62811 -0.217396 0)
(2.63375 -0.222666 0)
(2.63784 -0.227582 0)
(2.64187 -0.232442 0)
(2.64219 -0.240524 0)
(2.63623 -0.258331 0)
(2.63197 -0.275807 0)
(2.63771 -0.281649 0)
(2.64508 -0.282189 0)
(2.65353 -0.280971 0)
(2.65738 -0.278887 0)
(2.6609 -0.277326 0)
(2.66572 -0.276732 0)
(2.66519 -0.270864 0)
(2.65904 -0.25641 0)
(2.64596 -0.229138 0)
(2.62302 -0.190085 0)
(2.58964 -0.133872 0)
(2.56564 -0.0906912 0)
(2.52787 -0.0261073 0)
(2.51461 0.0062252 0)
(2.52204 0.0156381 0)
(2.53185 0.0421471 0)
(2.52539 0.0472442 0)
(2.51422 0.0458363 0)
(2.50942 0.0428379 0)
(2.50544 0.0421565 0)
(2.5025 0.044988 0)
(2.49991 0.0495816 0)
(2.49323 0.0537076 0)
(2.48876 0.0512325 0)
(2.44802 0.000794468 0)
(2.3533 -0.135155 0)
(2.14291 -0.369079 0)
(2.05219 -0.452243 0)
(2.00833 -0.487397 0)
(2.00248 -0.489883 0)
(2.0056 -0.493683 0)
(1.9953 -0.508127 0)
(1.96058 -0.537162 0)
(1.88588 -0.582296 0)
(1.83767 -0.633258 0)
(1.83368 -0.632788 0)
(1.85731 -0.618954 0)
(1.88227 -0.606334 0)
(1.89217 -0.605156 0)
(1.89953 -0.609946 0)
(1.89918 -0.617183 0)
(1.89869 -0.624517 0)
(1.9074 -0.627296 0)
(1.91618 -0.628358 0)
(1.93128 -0.630723 0)
(1.95229 -0.630903 0)
(1.96762 -0.63236 0)
(1.97277 -0.634436 0)
(1.97718 -0.636254 0)
(1.9778 -0.635812 0)
(1.9778 -0.633814 0)
(1.98241 -0.633344 0)
(1.98745 -0.633989 0)
(2.1661 0.470269 0)
(2.17381 0.457119 0)
(2.17032 0.430394 0)
(2.15754 0.394242 0)
(2.16535 0.38144 0)
(2.18197 0.379056 0)
(2.19958 0.373265 0)
(2.21964 0.367005 0)
(2.23869 0.360742 0)
(2.25587 0.35491 0)
(2.27376 0.348073 0)
(2.29019 0.339521 0)
(2.30308 0.327711 0)
(2.30573 0.305416 0)
(2.28833 0.272142 0)
(2.27639 0.242369 0)
(2.2882 0.234041 0)
(2.3032 0.230649 0)
(2.32046 0.225056 0)
(2.33819 0.22016 0)
(2.35561 0.21615 0)
(2.37215 0.210687 0)
(2.38652 0.20467 0)
(2.39818 0.200125 0)
(2.40628 0.192937 0)
(2.40675 0.17401 0)
(2.39387 0.140423 0)
(2.3837 0.111722 0)
(2.39155 0.104093 0)
(2.40363 0.101262 0)
(2.41885 0.0950419 0)
(2.43282 0.0889405 0)
(2.44541 0.0840546 0)
(2.45691 0.0797023 0)
(2.46739 0.0747117 0)
(2.47628 0.0685445 0)
(2.48259 0.0607428 0)
(2.48353 0.0476953 0)
(2.47543 0.0235512 0)
(2.46711 -0.00114031 0)
(2.47507 -0.00833684 0)
(2.4854 -0.01065 0)
(2.49728 -0.0143838 0)
(2.50873 -0.0182128 0)
(2.51928 -0.0229098 0)
(2.52888 -0.027857 0)
(2.53716 -0.033073 0)
(2.54333 -0.0391151 0)
(2.54715 -0.0469434 0)
(2.54632 -0.0598511 0)
(2.53842 -0.079198 0)
(2.53488 -0.0964061 0)
(2.54195 -0.100491 0)
(2.55023 -0.104376 0)
(2.55828 -0.109578 0)
(2.5668 -0.112938 0)
(2.57553 -0.117328 0)
(2.58195 -0.122545 0)
(2.58675 -0.127593 0)
(2.59079 -0.131538 0)
(2.59314 -0.134515 0)
(2.5914 -0.141654 0)
(2.58571 -0.159501 0)
(2.58531 -0.176694 0)
(2.59169 -0.180248 0)
(2.59888 -0.183508 0)
(2.60647 -0.187269 0)
(2.61517 -0.191258 0)
(2.62196 -0.195308 0)
(2.62833 -0.19921 0)
(2.63372 -0.203713 0)
(2.63773 -0.209474 0)
(2.63883 -0.216516 0)
(2.63264 -0.225616 0)
(2.62675 -0.242034 0)
(2.6286 -0.249221 0)
(2.63364 -0.253075 0)
(2.64366 -0.257052 0)
(2.65154 -0.261741 0)
(2.65944 -0.265694 0)
(2.66609 -0.268774 0)
(2.66988 -0.27112 0)
(2.67189 -0.270875 0)
(2.67279 -0.271715 0)
(2.66356 -0.270459 0)
(2.65609 -0.264077 0)
(2.64143 -0.243801 0)
(2.62131 -0.204783 0)
(2.59469 -0.153992 0)
(2.56354 -0.0745631 0)
(2.56754 -0.0461678 0)
(2.55134 0.0190879 0)
(2.54789 0.0469141 0)
(2.52746 0.0449852 0)
(2.52046 0.0430353 0)
(2.51383 0.0417136 0)
(2.50672 0.0426779 0)
(2.50355 0.050556 0)
(2.5009 0.0510157 0)
(2.46584 0.0142048 0)
(2.31363 -0.151985 0)
(2.11254 -0.410742 0)
(2.05384 -0.454859 0)
(2.04331 -0.459701 0)
(2.03899 -0.471018 0)
(2.02413 -0.486829 0)
(2.0027 -0.516634 0)
(1.97816 -0.549916 0)
(1.9319 -0.581504 0)
(1.87194 -0.616766 0)
(1.85228 -0.636448 0)
(1.85625 -0.631944 0)
(1.87655 -0.619077 0)
(1.8965 -0.610096 0)
(1.90769 -0.611719 0)
(1.91599 -0.618314 0)
(1.91579 -0.624931 0)
(1.91448 -0.627604 0)
(1.92 -0.629023 0)
(1.9278 -0.627977 0)
(1.94619 -0.623912 0)
(1.96879 -0.621135 0)
(1.98091 -0.625828 0)
(1.98508 -0.631858 0)
(1.98701 -0.639421 0)
(1.98656 -0.643196 0)
(1.9891 -0.640999 0)
(1.99544 -0.637123 0)
(2.00284 -0.633464 0)
(2.16334 0.482692 0)
(2.16345 0.46469 0)
(2.15261 0.430411 0)
(2.15549 0.406156 0)
(2.17271 0.402359 0)
(2.18851 0.398205 0)
(2.20734 0.391907 0)
(2.22566 0.385616 0)
(2.24253 0.380141 0)
(2.25991 0.373794 0)
(2.27713 0.365232 0)
(2.29143 0.354001 0)
(2.29796 0.335754 0)
(2.28748 0.303249 0)
(2.26953 0.270303 0)
(2.27636 0.258559 0)
(2.29086 0.255857 0)
(2.30778 0.250995 0)
(2.32611 0.24643 0)
(2.3441 0.242073 0)
(2.36147 0.237602 0)
(2.37733 0.232227 0)
(2.39046 0.226983 0)
(2.39992 0.220695 0)
(2.40246 0.205088 0)
(2.38985 0.172202 0)
(2.37531 0.139637 0)
(2.38049 0.129161 0)
(2.3919 0.126409 0)
(2.40862 0.12056 0)
(2.42465 0.114033 0)
(2.43694 0.109413 0)
(2.4492 0.105205 0)
(2.4608 0.100636 0)
(2.47095 0.0955328 0)
(2.47825 0.0885724 0)
(2.47954 0.0757965 0)
(2.47094 0.0521078 0)
(2.45883 0.0261886 0)
(2.46373 0.0165381 0)
(2.47364 0.0135285 0)
(2.48657 0.00870321 0)
(2.49966 0.00404856 0)
(2.51066 -0.00128071 0)
(2.52021 -0.00563021 0)
(2.52931 -0.00953944 0)
(2.53682 -0.0138137 0)
(2.54181 -0.0204924 0)
(2.54156 -0.031455 0)
(2.53323 -0.0514273 0)
(2.52601 -0.0733536 0)
(2.53358 -0.0796609 0)
(2.54161 -0.0812228 0)
(2.55157 -0.0861974 0)
(2.55947 -0.0913275 0)
(2.56777 -0.0940224 0)
(2.57599 -0.0978575 0)
(2.58262 -0.104094 0)
(2.58714 -0.10992 0)
(2.59051 -0.115304 0)
(2.59024 -0.123103 0)
(2.58399 -0.13688 0)
(2.57899 -0.152288 0)
(2.58363 -0.157604 0)
(2.58953 -0.162265 0)
(2.59806 -0.166797 0)
(2.60792 -0.170122 0)
(2.61654 -0.173801 0)
(2.62264 -0.177228 0)
(2.62823 -0.180511 0)
(2.63313 -0.185053 0)
(2.63598 -0.19151 0)
(2.63289 -0.202345 0)
(2.6237 -0.218844 0)
(2.62398 -0.228025 0)
(2.62934 -0.231476 0)
(2.6348 -0.23564 0)
(2.64275 -0.238483 0)
(2.65104 -0.241522 0)
(2.65805 -0.244296 0)
(2.66536 -0.249111 0)
(2.67013 -0.255412 0)
(2.674 -0.260227 0)
(2.67383 -0.267619 0)
(2.66592 -0.27543 0)
(2.66134 -0.276157 0)
(2.66047 -0.275037 0)
(2.65724 -0.268199 0)
(2.64974 -0.246141 0)
(2.63285 -0.196047 0)
(2.61593 -0.137735 0)
(2.59136 -0.0724187 0)
(2.58323 -0.0334933 0)
(2.57527 -0.000849314 0)
(2.54601 0.0152528 0)
(2.53371 0.0263517 0)
(2.51862 0.0432097 0)
(2.5081 0.0386008 0)
(2.46764 -0.00990901 0)
(2.34295 -0.150923 0)
(2.12208 -0.363316 0)
(2.02658 -0.519451 0)
(2.02079 -0.503982 0)
(2.04991 -0.472615 0)
(2.05687 -0.469399 0)
(2.04322 -0.48306 0)
(2.0116 -0.524644 0)
(1.95453 -0.585579 0)
(1.90231 -0.619567 0)
(1.87752 -0.608434 0)
(1.87574 -0.615504 0)
(1.88366 -0.62435 0)
(1.89109 -0.625151 0)
(1.90111 -0.624942 0)
(1.91355 -0.627885 0)
(1.92508 -0.631558 0)
(1.93125 -0.63466 0)
(1.93452 -0.633339 0)
(1.93885 -0.629762 0)
(1.94726 -0.623316 0)
(1.96232 -0.616148 0)
(1.97812 -0.617244 0)
(1.98564 -0.623372 0)
(1.99115 -0.631848 0)
(1.99502 -0.638852 0)
(1.99918 -0.641702 0)
(2.00482 -0.641925 0)
(2.01171 -0.637487 0)
(2.0219 -0.629669 0)
(2.15489 0.495594 0)
(2.148 0.468097 0)
(2.14597 0.433351 0)
(2.16388 0.423408 0)
(2.17779 0.42202 0)
(2.1936 0.417646 0)
(2.21191 0.411158 0)
(2.22876 0.404476 0)
(2.24565 0.398046 0)
(2.26307 0.390129 0)
(2.27876 0.379564 0)
(2.2884 0.36458 0)
(2.28417 0.337457 0)
(2.26504 0.301785 0)
(2.26521 0.283794 0)
(2.27925 0.281701 0)
(2.29566 0.276368 0)
(2.314 0.271997 0)
(2.33234 0.267975 0)
(2.34987 0.263543 0)
(2.36651 0.258563 0)
(2.38149 0.252971 0)
(2.39296 0.246432 0)
(2.39734 0.233753 0)
(2.38629 0.204663 0)
(2.36735 0.169207 0)
(2.36943 0.154247 0)
(2.38021 0.15197 0)
(2.39661 0.145773 0)
(2.4153 0.139681 0)
(2.42985 0.133992 0)
(2.44164 0.130203 0)
(2.45374 0.126405 0)
(2.46535 0.121897 0)
(2.47479 0.116263 0)
(2.47805 0.10588 0)
(2.46908 0.083231 0)
(2.45128 0.0532503 0)
(2.45316 0.0401065 0)
(2.46352 0.0384833 0)
(2.47592 0.0329293 0)
(2.48896 0.0284312 0)
(2.50131 0.0243722 0)
(2.51154 0.0186979 0)
(2.52062 0.0140103 0)
(2.52957 0.010172 0)
(2.53671 0.00516887 0)
(2.53861 -0.00503535 0)
(2.53084 -0.0230859 0)
(2.51815 -0.0448824 0)
(2.52254 -0.0566637 0)
(2.53232 -0.0584167 0)
(2.54224 -0.0618687 0)
(2.55278 -0.0682619 0)
(2.56006 -0.0730395 0)
(2.56843 -0.0760546 0)
(2.57645 -0.0791006 0)
(2.5831 -0.084563 0)
(2.58749 -0.0916472 0)
(2.5888 -0.100125 0)
(2.58265 -0.11332 0)
(2.57513 -0.129462 0)
(2.57842 -0.135706 0)
(2.58368 -0.139266 0)
(2.58952 -0.145019 0)
(2.59759 -0.148585 0)
(2.60877 -0.151222 0)
(2.61762 -0.155161 0)
(2.62376 -0.159546 0)
(2.62847 -0.163333 0)
(2.63203 -0.168755 0)
(2.63172 -0.177962 0)
(2.62363 -0.192956 0)
(2.6191 -0.205594 0)
(2.62431 -0.207614 0)
(2.62923 -0.209635 0)
(2.63498 -0.214595 0)
(2.64175 -0.216909 0)
(2.65087 -0.220435 0)
(2.65827 -0.224243 0)
(2.6644 -0.229587 0)
(2.66853 -0.235959 0)
(2.67061 -0.242363 0)
(2.66601 -0.252478 0)
(2.66024 -0.264864 0)
(2.66335 -0.268144 0)
(2.66493 -0.269743 0)
(2.66817 -0.270519 0)
(2.673 -0.269624 0)
(2.67405 -0.261328 0)
(2.66937 -0.240171 0)
(2.65425 -0.202552 0)
(2.62917 -0.137934 0)
(2.60176 -0.0569157 0)
(2.5886 -0.0439986 0)
(2.56085 -0.0103776 0)
(2.54629 0.00881631 0)
(2.4544 -0.0710834 0)
(2.31733 -0.236178 0)
(2.19759 -0.341376 0)
(2.0604 -0.479908 0)
(2.02487 -0.550978 0)
(2.02073 -0.537565 0)
(2.04297 -0.5033 0)
(2.06529 -0.486659 0)
(2.05257 -0.492567 0)
(2.00215 -0.531021 0)
(1.91124 -0.609958 0)
(1.87738 -0.643724 0)
(1.87361 -0.615655 0)
(1.89263 -0.608001 0)
(1.90636 -0.616747 0)
(1.91085 -0.624723 0)
(1.91245 -0.633452 0)
(1.91977 -0.640709 0)
(1.93149 -0.643448 0)
(1.94394 -0.63912 0)
(1.95416 -0.63062 0)
(1.96184 -0.623075 0)
(1.97114 -0.617854 0)
(1.97704 -0.614798 0)
(1.98257 -0.617426 0)
(1.98826 -0.624102 0)
(1.99484 -0.630851 0)
(2.00251 -0.636711 0)
(2.01211 -0.639948 0)
(2.02272 -0.638966 0)
(2.03363 -0.633832 0)
(2.04407 -0.62731 0)
(2.14376 0.501949 0)
(2.13699 0.466838 0)
(2.15176 0.448615 0)
(2.16657 0.44459 0)
(2.18053 0.441118 0)
(2.19781 0.433954 0)
(2.21588 0.425143 0)
(2.23203 0.41834 0)
(2.24892 0.41197 0)
(2.26575 0.402799 0)
(2.2781 0.390355 0)
(2.27888 0.370288 0)
(2.26297 0.336811 0)
(2.2554 0.310399 0)
(2.26804 0.307232 0)
(2.28347 0.302775 0)
(2.30168 0.297756 0)
(2.3202 0.293389 0)
(2.33801 0.28877 0)
(2.35499 0.28345 0)
(2.37078 0.277598 0)
(2.38421 0.270764 0)
(2.39122 0.25977 0)
(2.38335 0.235163 0)
(2.36139 0.19981 0)
(2.35826 0.179138 0)
(2.36856 0.176917 0)
(2.38374 0.171226 0)
(2.403 0.164855 0)
(2.42115 0.159435 0)
(2.43466 0.154649 0)
(2.4463 0.151391 0)
(2.45811 0.147848 0)
(2.46923 0.142912 0)
(2.47602 0.134323 0)
(2.47092 0.115857 0)
(2.44972 0.0844791 0)
(2.44151 0.0626743 0)
(2.45241 0.0603182 0)
(2.46585 0.0577737 0)
(2.47997 0.0531101 0)
(2.49231 0.0481313 0)
(2.50376 0.0429621 0)
(2.51308 0.0375151 0)
(2.52205 0.0331898 0)
(2.53091 0.0292135 0)
(2.53609 0.0218449 0)
(2.53068 0.00477273 0)
(2.51528 -0.0194087 0)
(2.5131 -0.0329666 0)
(2.52264 -0.0369978 0)
(2.5332 -0.0397886 0)
(2.54384 -0.0439944 0)
(2.55339 -0.0500376 0)
(2.56085 -0.054614 0)
(2.5691 -0.0581376 0)
(2.57723 -0.0618013 0)
(2.58381 -0.0671923 0)
(2.58674 -0.0757002 0)
(2.58297 -0.0885753 0)
(2.57265 -0.106726 0)
(2.57259 -0.115437 0)
(2.5773 -0.116535 0)
(2.58387 -0.12087 0)
(2.59174 -0.128575 0)
(2.59898 -0.131055 0)
(2.61056 -0.13468 0)
(2.6199 -0.138887 0)
(2.62523 -0.143038 0)
(2.62874 -0.146585 0)
(2.62969 -0.1544 0)
(2.62383 -0.166621 0)
(2.61475 -0.184289 0)
(2.62023 -0.191242 0)
(2.62597 -0.192008 0)
(2.63175 -0.194695 0)
(2.63737 -0.198991 0)
(2.64373 -0.200301 0)
(2.65191 -0.202439 0)
(2.65905 -0.205467 0)
(2.66398 -0.210192 0)
(2.66647 -0.217337 0)
(2.66452 -0.226622 0)
(2.65685 -0.241407 0)
(2.657 -0.255278 0)
(2.66372 -0.258086 0)
(2.66896 -0.26185 0)
(2.67568 -0.265842 0)
(2.68114 -0.268152 0)
(2.68617 -0.265762 0)
(2.68972 -0.263903 0)
(2.68739 -0.257594 0)
(2.67648 -0.238659 0)
(2.65764 -0.204075 0)
(2.63648 -0.170523 0)
(2.59677 -0.0988436 0)
(2.52788 -0.104453 0)
(2.2699 -0.356946 0)
(2.15475 -0.496329 0)
(2.14365 -0.4534 0)
(2.09764 -0.470201 0)
(2.07339 -0.508544 0)
(2.05505 -0.521482 0)
(2.05496 -0.517095 0)
(2.05324 -0.514638 0)
(2.02739 -0.528236 0)
(1.97369 -0.555737 0)
(1.89867 -0.617823 0)
(1.87888 -0.655395 0)
(1.87714 -0.64522 0)
(1.90123 -0.632258 0)
(1.91845 -0.620102 0)
(1.9254 -0.621452 0)
(1.92873 -0.629341 0)
(1.93397 -0.639855 0)
(1.94231 -0.644235 0)
(1.95236 -0.643149 0)
(1.96861 -0.635059 0)
(1.98251 -0.622597 0)
(1.98893 -0.618327 0)
(1.99333 -0.62002 0)
(1.99333 -0.623234 0)
(1.99556 -0.626401 0)
(2.00131 -0.628586 0)
(2.00838 -0.630644 0)
(2.02321 -0.63272 0)
(2.04213 -0.630323 0)
(2.05512 -0.627014 0)
(2.06184 -0.627253 0)
(2.13018 0.504702 0)
(2.13618 0.477777 0)
(2.15547 0.467417 0)
(2.16912 0.462391 0)
(2.18278 0.456886 0)
(2.20043 0.449026 0)
(2.21785 0.439877 0)
(2.23435 0.432549 0)
(2.25176 0.424543 0)
(2.26686 0.413523 0)
(2.27311 0.398714 0)
(2.26207 0.373076 0)
(2.24694 0.342237 0)
(2.25637 0.333347 0)
(2.2711 0.329641 0)
(2.28844 0.324348 0)
(2.30713 0.319045 0)
(2.32523 0.313631 0)
(2.34258 0.308113 0)
(2.35898 0.301809 0)
(2.37348 0.294363 0)
(2.38318 0.284282 0)
(2.38045 0.263783 0)
(2.35856 0.230112 0)
(2.34771 0.204434 0)
(2.35734 0.2006 0)
(2.37071 0.196491 0)
(2.38899 0.190431 0)
(2.40872 0.185039 0)
(2.42574 0.180259 0)
(2.43887 0.176036 0)
(2.45029 0.172899 0)
(2.46158 0.169032 0)
(2.47087 0.162018 0)
(2.4712 0.146552 0)
(2.4527 0.116217 0)
(2.43553 0.0901879 0)
(2.44159 0.0831286 0)
(2.45399 0.0784513 0)
(2.46956 0.0763276 0)
(2.48341 0.073535 0)
(2.49591 0.0683023 0)
(2.50584 0.0624619 0)
(2.51488 0.0574334 0)
(2.52398 0.0527402 0)
(2.53187 0.0466162 0)
(2.53159 0.0335159 0)
(2.51581 0.00819874 0)
(2.50702 -0.00898745 0)
(2.5131 -0.0134393 0)
(2.52366 -0.0171006 0)
(2.53509 -0.0208062 0)
(2.54611 -0.0266598 0)
(2.5544 -0.0324757 0)
(2.56251 -0.0371192 0)
(2.57074 -0.0412751 0)
(2.57836 -0.0450318 0)
(2.58339 -0.0501576 0)
(2.58209 -0.0613276 0)
(2.57135 -0.0813316 0)
(2.5674 -0.0970149 0)
(2.57314 -0.0987967 0)
(2.57826 -0.100366 0)
(2.58588 -0.104757 0)
(2.59374 -0.110757 0)
(2.60086 -0.112336 0)
(2.6122 -0.11621 0)
(2.62136 -0.121058 0)
(2.62645 -0.126295 0)
(2.6281 -0.131695 0)
(2.6244 -0.143289 0)
(2.61419 -0.156933 0)
(2.61127 -0.170143 0)
(2.62099 -0.172727 0)
(2.6271 -0.173628 0)
(2.63374 -0.176528 0)
(2.63966 -0.180523 0)
(2.64577 -0.181822 0)
(2.65359 -0.184259 0)
(2.66001 -0.187134 0)
(2.664 -0.193621 0)
(2.66273 -0.202633 0)
(2.65497 -0.212642 0)
(2.64956 -0.226313 0)
(2.6561 -0.233461 0)
(2.66245 -0.235512 0)
(2.66943 -0.240421 0)
(2.67502 -0.246044 0)
(2.68164 -0.250329 0)
(2.68954 -0.253321 0)
(2.695 -0.255997 0)
(2.69517 -0.258074 0)
(2.69155 -0.260164 0)
(2.67784 -0.26176 0)
(2.66378 -0.265647 0)
(2.60289 -0.282543 0)
(2.40546 -0.420079 0)
(2.18329 -0.663109 0)
(2.08564 -0.686507 0)
(2.08101 -0.620633 0)
(2.12862 -0.54097 0)
(2.11853 -0.514684 0)
(2.09077 -0.513993 0)
(2.06186 -0.524741 0)
(2.02246 -0.544346 0)
(1.96949 -0.57738 0)
(1.92546 -0.607812 0)
(1.91161 -0.637557 0)
(1.91167 -0.646837 0)
(1.91693 -0.64514 0)
(1.92409 -0.641138 0)
(1.93159 -0.631766 0)
(1.9351 -0.630768 0)
(1.93851 -0.634995 0)
(1.94422 -0.637755 0)
(1.95074 -0.639705 0)
(1.96257 -0.639096 0)
(1.98082 -0.632657 0)
(1.99584 -0.626849 0)
(2.00402 -0.626735 0)
(2.00991 -0.628396 0)
(2.00864 -0.630562 0)
(2.00924 -0.631248 0)
(2.01524 -0.631373 0)
(2.02192 -0.630329 0)
(2.03711 -0.629487 0)
(2.05864 -0.628567 0)
(2.06969 -0.628299 0)
(2.07673 -0.629768 0)
(2.12424 0.505148 0)
(2.14368 0.488436 0)
(2.15773 0.482661 0)
(2.16965 0.480265 0)
(2.18391 0.473339 0)
(2.20273 0.463357 0)
(2.22085 0.451701 0)
(2.23742 0.443644 0)
(2.25361 0.435504 0)
(2.26484 0.423951 0)
(2.26168 0.405742 0)
(2.24385 0.376667 0)
(2.2446 0.358143 0)
(2.25962 0.354359 0)
(2.2754 0.349838 0)
(2.29281 0.344742 0)
(2.3111 0.338703 0)
(2.3289 0.332009 0)
(2.3459 0.325355 0)
(2.36155 0.317895 0)
(2.37368 0.308297 0)
(2.37597 0.291452 0)
(2.35851 0.260864 0)
(2.33929 0.230582 0)
(2.34593 0.222885 0)
(2.35846 0.220686 0)
(2.37491 0.21551 0)
(2.39453 0.210344 0)
(2.41374 0.205684 0)
(2.42972 0.20126 0)
(2.44226 0.197265 0)
(2.45334 0.19385 0)
(2.46357 0.188521 0)
(2.46811 0.176369 0)
(2.45479 0.14884 0)
(2.43178 0.117281 0)
(2.43379 0.107143 0)
(2.44367 0.10366 0)
(2.45773 0.0965902 0)
(2.47343 0.0946627 0)
(2.48685 0.0922347 0)
(2.49962 0.0866482 0)
(2.50777 0.0821519 0)
(2.51704 0.077657 0)
(2.52583 0.0715537 0)
(2.52957 0.0604258 0)
(2.51893 0.0380675 0)
(2.50296 0.0148957 0)
(2.5069 0.00950448 0)
(2.51381 0.00580692 0)
(2.52612 0.000862457 0)
(2.53786 -0.00314237 0)
(2.54823 -0.00930896 0)
(2.55588 -0.0143772 0)
(2.56462 -0.0190126 0)
(2.57301 -0.0242444 0)
(2.57927 -0.0285104 0)
(2.5809 -0.0364039 0)
(2.57197 -0.0509638 0)
(2.56006 -0.0737462 0)
(2.56684 -0.0810351 0)
(2.57377 -0.0817121 0)
(2.58006 -0.0838988 0)
(2.58901 -0.0889271 0)
(2.59555 -0.0934904 0)
(2.6034 -0.095047 0)
(2.61417 -0.0990799 0)
(2.62261 -0.104095 0)
(2.62701 -0.11033 0)
(2.6246 -0.118284 0)
(2.61487 -0.134383 0)
(2.60822 -0.147119 0)
(2.61228 -0.153849 0)
(2.62192 -0.155349 0)
(2.62886 -0.157202 0)
(2.63673 -0.161344 0)
(2.64235 -0.16455 0)
(2.64887 -0.166081 0)
(2.65622 -0.168985 0)
(2.66163 -0.172138 0)
(2.66274 -0.180343 0)
(2.65616 -0.191997 0)
(2.64637 -0.203664 0)
(2.64922 -0.213023 0)
(2.65684 -0.214848 0)
(2.66259 -0.216777 0)
(2.66962 -0.221893 0)
(2.67426 -0.227598 0)
(2.68061 -0.232104 0)
(2.68914 -0.238214 0)
(2.69651 -0.242914 0)
(2.69982 -0.247816 0)
(2.68924 -0.265601 0)
(2.67391 -0.283615 0)
(2.59548 -0.380811 0)
(2.47096 -0.534627 0)
(2.29965 -0.675139 0)
(2.18861 -0.810172 0)
(2.11719 -0.781431 0)
(2.08711 -0.719302 0)
(2.10851 -0.643426 0)
(2.13132 -0.569544 0)
(2.12098 -0.550254 0)
(2.08163 -0.561442 0)
(2.02005 -0.590245 0)
(1.96377 -0.631766 0)
(1.93721 -0.636432 0)
(1.93137 -0.629791 0)
(1.9352 -0.635786 0)
(1.93717 -0.637515 0)
(1.93934 -0.638216 0)
(1.93729 -0.636794 0)
(1.93713 -0.637081 0)
(1.94331 -0.639339 0)
(1.9518 -0.639738 0)
(1.96236 -0.639581 0)
(1.97912 -0.635962 0)
(1.99769 -0.629249 0)
(2.00878 -0.627677 0)
(2.01701 -0.63036 0)
(2.02227 -0.634631 0)
(2.02276 -0.638588 0)
(2.02643 -0.638184 0)
(2.03391 -0.635688 0)
(2.04175 -0.631922 0)
(2.05612 -0.628186 0)
(2.07358 -0.625976 0)
(2.08155 -0.626853 0)
(2.08815 -0.629761 0)
(2.12799 0.514454 0)
(2.1441 0.506059 0)
(2.15691 0.502407 0)
(2.16937 0.496886 0)
(2.18629 0.486859 0)
(2.20537 0.475216 0)
(2.22223 0.46505 0)
(2.23858 0.457387 0)
(2.25287 0.448739 0)
(2.25828 0.435145 0)
(2.24515 0.411822 0)
(2.2356 0.387586 0)
(2.24722 0.379968 0)
(2.26198 0.374908 0)
(2.27849 0.369571 0)
(2.2957 0.363342 0)
(2.31401 0.355622 0)
(2.33147 0.347348 0)
(2.34781 0.33991 0)
(2.36213 0.331324 0)
(2.36955 0.317921 0)
(2.35948 0.292453 0)
(2.33473 0.259478 0)
(2.33388 0.24499 0)
(2.34645 0.2439 0)
(2.36159 0.239488 0)
(2.37993 0.23496 0)
(2.40015 0.230637 0)
(2.41793 0.226401 0)
(2.43268 0.222006 0)
(2.44449 0.217803 0)
(2.45498 0.21336 0)
(2.46205 0.203959 0)
(2.45608 0.181671 0)
(2.43072 0.148078 0)
(2.42428 0.129078 0)
(2.43366 0.127122 0)
(2.44779 0.122451 0)
(2.46129 0.115906 0)
(2.47697 0.114122 0)
(2.49053 0.110945 0)
(2.50244 0.104768 0)
(2.51003 0.101339 0)
(2.51895 0.0971073 0)
(2.52535 0.0878921 0)
(2.52026 0.0680241 0)
(2.5018 0.0413503 0)
(2.50057 0.0307657 0)
(2.50787 0.0277919 0)
(2.51559 0.0229886 0)
(2.52875 0.0184019 0)
(2.54008 0.0146852 0)
(2.55018 0.00825891 0)
(2.55742 0.00406488 0)
(2.56676 -0.000964699 0)
(2.57488 -0.00664916 0)
(2.57916 -0.0142572 0)
(2.57304 -0.025774 0)
(2.55955 -0.0450715 0)
(2.55578 -0.0593931 0)
(2.56614 -0.0634703 0)
(2.57491 -0.0652114 0)
(2.58256 -0.0677041 0)
(2.59221 -0.0731118 0)
(2.59748 -0.076072 0)
(2.60618 -0.0784144 0)
(2.61612 -0.082419 0)
(2.62352 -0.0875028 0)
(2.62545 -0.0950356 0)
(2.6168 -0.108467 0)
(2.60567 -0.125711 0)
(2.60673 -0.131874 0)
(2.61358 -0.135268 0)
(2.62272 -0.136927 0)
(2.63044 -0.139678 0)
(2.63884 -0.144288 0)
(2.64435 -0.146864 0)
(2.6514 -0.149161 0)
(2.65794 -0.152837 0)
(2.66114 -0.156972 0)
(2.65693 -0.167463 0)
(2.64706 -0.181679 0)
(2.64242 -0.190496 0)
(2.65036 -0.195762 0)
(2.65744 -0.19709 0)
(2.66333 -0.199326 0)
(2.67025 -0.204028 0)
(2.67429 -0.209169 0)
(2.68 -0.212568 0)
(2.6881 -0.217104 0)
(2.69452 -0.22154 0)
(2.69483 -0.228543 0)
(2.67521 -0.265509 0)
(2.6134 -0.344815 0)
(2.3891 -0.615396 0)
(2.25383 -0.75121 0)
(2.22384 -0.770789 0)
(2.20383 -0.806387 0)
(2.1701 -0.81299 0)
(2.1585 -0.805392 0)
(2.15015 -0.784028 0)
(2.14957 -0.745994 0)
(2.13972 -0.708209 0)
(2.11004 -0.67398 0)
(2.03532 -0.688839 0)
(1.95385 -0.724701 0)
(1.92495 -0.710676 0)
(1.93199 -0.677566 0)
(1.95098 -0.647381 0)
(1.9491 -0.641676 0)
(1.94287 -0.642232 0)
(1.9377 -0.642629 0)
(1.94353 -0.645089 0)
(1.95107 -0.646555 0)
(1.96354 -0.642142 0)
(1.98274 -0.635806 0)
(2.00199 -0.631233 0)
(2.01488 -0.628103 0)
(2.02303 -0.630247 0)
(2.02972 -0.635811 0)
(2.03284 -0.641592 0)
(2.03588 -0.645065 0)
(2.04298 -0.64503 0)
(2.05158 -0.64092 0)
(2.06215 -0.634748 0)
(2.07629 -0.628461 0)
(2.08768 -0.625904 0)
(2.09269 -0.627461 0)
(2.09756 -0.632015 0)
(2.13171 0.529133 0)
(2.14674 0.520124 0)
(2.15891 0.516583 0)
(2.17104 0.509783 0)
(2.18873 0.49997 0)
(2.2073 0.488227 0)
(2.22461 0.477249 0)
(2.24045 0.468634 0)
(2.25189 0.459742 0)
(2.25025 0.444687 0)
(2.23162 0.419628 0)
(2.23694 0.405305 0)
(2.25045 0.398913 0)
(2.2647 0.392079 0)
(2.28072 0.385786 0)
(2.29775 0.379344 0)
(2.3158 0.370484 0)
(2.33299 0.360624 0)
(2.3485 0.351657 0)
(2.35997 0.341011 0)
(2.35865 0.322594 0)
(2.33624 0.29223 0)
(2.32359 0.269149 0)
(2.33486 0.266812 0)
(2.34865 0.263394 0)
(2.36561 0.259211 0)
(2.38534 0.254886 0)
(2.4048 0.250364 0)
(2.42092 0.245984 0)
(2.43443 0.241151 0)
(2.44556 0.23606 0)
(2.45408 0.228887 0)
(2.45388 0.21215 0)
(2.43345 0.180406 0)
(2.41733 0.153792 0)
(2.42467 0.148715 0)
(2.43528 0.145057 0)
(2.45179 0.141286 0)
(2.46458 0.135975 0)
(2.48025 0.134147 0)
(2.49438 0.12959 0)
(2.50441 0.123337 0)
(2.51212 0.119836 0)
(2.51919 0.114587 0)
(2.51949 0.0995566 0)
(2.50326 0.0708248 0)
(2.49356 0.0515351 0)
(2.50063 0.0498214 0)
(2.50989 0.0449322 0)
(2.51745 0.0397851 0)
(2.53083 0.0358128 0)
(2.54197 0.0320876 0)
(2.55185 0.0257808 0)
(2.559 0.0222059 0)
(2.56828 0.0172718 0)
(2.5755 0.010213 0)
(2.57497 -0.00167041 0)
(2.56013 -0.0217059 0)
(2.55189 -0.0355309 0)
(2.5566 -0.0413942 0)
(2.56581 -0.0459694 0)
(2.57607 -0.0486127 0)
(2.58525 -0.0517292 0)
(2.59441 -0.0571557 0)
(2.60011 -0.0591557 0)
(2.60908 -0.0618308 0)
(2.618 -0.065819 0)
(2.62357 -0.0717532 0)
(2.62021 -0.0832627 0)
(2.60547 -0.101626 0)
(2.60214 -0.112503 0)
(2.60681 -0.11524 0)
(2.61506 -0.118018 0)
(2.62403 -0.120029 0)
(2.6329 -0.123821 0)
(2.64016 -0.128277 0)
(2.64672 -0.13092 0)
(2.65395 -0.134266 0)
(2.65929 -0.139202 0)
(2.65872 -0.1468 0)
(2.64872 -0.16044 0)
(2.64186 -0.172549 0)
(2.64335 -0.176012 0)
(2.65152 -0.179971 0)
(2.65919 -0.181504 0)
(2.66514 -0.183929 0)
(2.67159 -0.188747 0)
(2.67547 -0.19222 0)
(2.68129 -0.195272 0)
(2.68789 -0.197947 0)
(2.69071 -0.204709 0)
(2.67212 -0.244739 0)
(2.61946 -0.323463 0)
(2.42358 -0.52642 0)
(2.18885 -0.819043 0)
(2.15484 -0.824023 0)
(2.19025 -0.784572 0)
(2.20393 -0.776241 0)
(2.21161 -0.784598 0)
(2.20248 -0.806555 0)
(2.17963 -0.823295 0)
(2.17147 -0.826533 0)
(2.15054 -0.828823 0)
(2.10129 -0.826248 0)
(2.03196 -0.826705 0)
(1.98505 -0.820231 0)
(1.95549 -0.771557 0)
(1.94802 -0.734336 0)
(1.95458 -0.703043 0)
(1.95652 -0.671328 0)
(1.9596 -0.658529 0)
(1.95887 -0.657315 0)
(1.96051 -0.655544 0)
(1.9692 -0.653694 0)
(1.98449 -0.643674 0)
(2.0036 -0.631785 0)
(2.02044 -0.630908 0)
(2.02854 -0.631482 0)
(2.03755 -0.633069 0)
(2.04164 -0.638322 0)
(2.04502 -0.644262 0)
(2.05125 -0.647205 0)
(2.05894 -0.647933 0)
(2.06804 -0.642938 0)
(2.08178 -0.635906 0)
(2.09348 -0.628342 0)
(2.10022 -0.62714 0)
(2.10531 -0.628755 0)
(2.10742 -0.633679 0)
(2.13568 0.541685 0)
(2.14807 0.537054 0)
(2.15894 0.534304 0)
(2.17226 0.525023 0)
(2.19139 0.513458 0)
(2.20955 0.500143 0)
(2.22576 0.490137 0)
(2.23943 0.482443 0)
(2.24656 0.473601 0)
(2.23822 0.456319 0)
(2.22653 0.431315 0)
(2.23982 0.420525 0)
(2.25254 0.415586 0)
(2.26574 0.409339 0)
(2.28137 0.402517 0)
(2.29904 0.394477 0)
(2.31744 0.38307 0)
(2.3336 0.371779 0)
(2.34688 0.36157 0)
(2.35308 0.348607 0)
(2.34086 0.326259 0)
(2.31827 0.299051 0)
(2.32324 0.290191 0)
(2.3364 0.287394 0)
(2.35212 0.283524 0)
(2.37034 0.279102 0)
(2.39031 0.27409 0)
(2.40742 0.268891 0)
(2.42216 0.263932 0)
(2.43472 0.258332 0)
(2.44474 0.251428 0)
(2.4484 0.239212 0)
(2.43596 0.212157 0)
(2.41395 0.180445 0)
(2.4167 0.170539 0)
(2.42652 0.167932 0)
(2.43836 0.164209 0)
(2.45501 0.160763 0)
(2.46753 0.156117 0)
(2.4835 0.153621 0)
(2.49748 0.147424 0)
(2.50599 0.141458 0)
(2.51329 0.136707 0)
(2.51574 0.128023 0)
(2.5055 0.104069 0)
(2.48812 0.0754415 0)
(2.49318 0.0683727 0)
(2.50131 0.0669276 0)
(2.51215 0.0616253 0)
(2.51926 0.0566734 0)
(2.53265 0.0531835 0)
(2.544 0.049419 0)
(2.5533 0.0435317 0)
(2.56042 0.0402915 0)
(2.56911 0.0349693 0)
(2.57329 0.0250467 0)
(2.5644 0.00561843 0)
(2.54804 -0.015437 0)
(2.55042 -0.019984 0)
(2.55672 -0.023112 0)
(2.56665 -0.0283009 0)
(2.57772 -0.0318053 0)
(2.58855 -0.0359437 0)
(2.59593 -0.0404879 0)
(2.60287 -0.042667 0)
(2.61159 -0.0455642 0)
(2.61917 -0.0501608 0)
(2.62018 -0.0587208 0)
(2.60844 -0.0753465 0)
(2.59757 -0.0922627 0)
(2.6018 -0.0957852 0)
(2.60726 -0.0984802 0)
(2.61685 -0.101308 0)
(2.62579 -0.103587 0)
(2.63487 -0.108225 0)
(2.6409 -0.111568 0)
(2.64831 -0.114463 0)
(2.65509 -0.118359 0)
(2.65784 -0.12451 0)
(2.65108 -0.135528 0)
(2.63902 -0.149687 0)
(2.64051 -0.158197 0)
(2.64459 -0.159978 0)
(2.65277 -0.163717 0)
(2.66106 -0.165571 0)
(2.66764 -0.168845 0)
(2.67275 -0.173453 0)
(2.67761 -0.175507 0)
(2.68225 -0.177387 0)
(2.68487 -0.182995 0)
(2.66801 -0.215839 0)
(2.60685 -0.321407 0)
(2.4495 -0.497245 0)
(2.2305 -0.685521 0)
(2.15123 -0.828884 0)
(2.14338 -0.826977 0)
(2.16725 -0.802651 0)
(2.18914 -0.771074 0)
(2.21207 -0.768661 0)
(2.21699 -0.779785 0)
(2.19227 -0.808549 0)
(2.17153 -0.838203 0)
(2.11701 -0.879705 0)
(2.06385 -0.922076 0)
(2.05349 -0.904271 0)
(2.04334 -0.903847 0)
(2.03228 -0.890377 0)
(2.01571 -0.871011 0)
(2.00093 -0.840256 0)
(1.99585 -0.803417 0)
(2.00148 -0.763232 0)
(2.01044 -0.723424 0)
(2.00914 -0.681958 0)
(2.01033 -0.664629 0)
(2.01298 -0.653042 0)
(2.02278 -0.6399 0)
(2.03271 -0.640348 0)
(2.0389 -0.642076 0)
(2.04709 -0.641616 0)
(2.0517 -0.642827 0)
(2.05721 -0.644513 0)
(2.06448 -0.644997 0)
(2.07295 -0.643956 0)
(2.0866 -0.639279 0)
(2.09753 -0.635747 0)
(2.10534 -0.635331 0)
(2.11398 -0.632881 0)
(2.11701 -0.633401 0)
(2.11814 -0.636418 0)
(2.13914 0.557329 0)
(2.15122 0.553208 0)
(2.16129 0.549144 0)
(2.17531 0.538971 0)
(2.19405 0.526934 0)
(2.21132 0.512897 0)
(2.22644 0.502421 0)
(2.23782 0.494331 0)
(2.24067 0.484539 0)
(2.22811 0.464494 0)
(2.22899 0.441176 0)
(2.24229 0.433435 0)
(2.25454 0.430578 0)
(2.26707 0.42466 0)
(2.28285 0.417526 0)
(2.30063 0.407589 0)
(2.31833 0.394758 0)
(2.33314 0.382599 0)
(2.34297 0.371316 0)
(2.34174 0.356002 0)
(2.32207 0.331504 0)
(2.31371 0.313806 0)
(2.32608 0.310232 0)
(2.3402 0.306886 0)
(2.35693 0.303181 0)
(2.37507 0.298478 0)
(2.39265 0.292336 0)
(2.408 0.286029 0)
(2.42153 0.279843 0)
(2.43321 0.272937 0)
(2.44067 0.262747 0)
(2.4358 0.242136 0)
(2.41392 0.209121 0)
(2.40842 0.191186 0)
(2.41894 0.190378 0)
(2.42934 0.186924 0)
(2.44258 0.184379 0)
(2.45713 0.179689 0)
(2.47085 0.175766 0)
(2.48689 0.171886 0)
(2.4987 0.165417 0)
(2.50708 0.158787 0)
(2.51187 0.150468 0)
(2.50582 0.135005 0)
(2.48621 0.106844 0)
(2.48356 0.0885861 0)
(2.49308 0.0867951 0)
(2.50229 0.0838607 0)
(2.51448 0.0787459 0)
(2.52159 0.0738071 0)
(2.53475 0.070823 0)
(2.54649 0.0667324 0)
(2.55475 0.0612566 0)
(2.56176 0.0576747 0)
(2.56826 0.0511095 0)
(2.56601 0.0356031 0)
(2.54872 0.0100646 0)
(2.5434 -0.00218226 0)
(2.5496 -0.00305608 0)
(2.55778 -0.00689487 0)
(2.56917 -0.0117036 0)
(2.58055 -0.0151946 0)
(2.59126 -0.0196191 0)
(2.59747 -0.0230653 0)
(2.60507 -0.0256964 0)
(2.61317 -0.0293653 0)
(2.61784 -0.0360304 0)
(2.61118 -0.0498068 0)
(2.59591 -0.0698859 0)
(2.59624 -0.0780039 0)
(2.60218 -0.0800711 0)
(2.6088 -0.0830405 0)
(2.619 -0.0850614 0)
(2.62791 -0.0875589 0)
(2.63598 -0.0924306 0)
(2.64202 -0.0954126 0)
(2.64947 -0.0988335 0)
(2.6553 -0.104127 0)
(2.65385 -0.113584 0)
(2.64164 -0.128947 0)
(2.63652 -0.13988 0)
(2.64069 -0.142467 0)
(2.64566 -0.144872 0)
(2.65426 -0.148164 0)
(2.66293 -0.149905 0)
(2.67031 -0.153897 0)
(2.67512 -0.157934 0)
(2.6795 -0.158672 0)
(2.68081 -0.163977 0)
(2.66609 -0.193233 0)
(2.57889 -0.324359 0)
(2.41777 -0.534153 0)
(2.2766 -0.64359 0)
(2.16188 -0.759907 0)
(2.15496 -0.807217 0)
(2.15419 -0.810363 0)
(2.16627 -0.799344 0)
(2.19085 -0.771949 0)
(2.20879 -0.765197 0)
(2.21478 -0.772676 0)
(2.19411 -0.794157 0)
(2.16453 -0.824579 0)
(2.08414 -0.893006 0)
(2.02854 -0.9592 0)
(2.02698 -0.936907 0)
(2.04763 -0.924097 0)
(2.05446 -0.922362 0)
(2.05517 -0.927608 0)
(2.05293 -0.930099 0)
(2.04934 -0.918789 0)
(2.04495 -0.88909 0)
(2.04298 -0.837942 0)
(2.04544 -0.789999 0)
(2.05039 -0.740198 0)
(2.0524 -0.708135 0)
(2.05185 -0.683505 0)
(2.0559 -0.671385 0)
(2.05975 -0.665657 0)
(2.06145 -0.657249 0)
(2.06295 -0.654319 0)
(2.06674 -0.649758 0)
(2.07764 -0.643163 0)
(2.08968 -0.638884 0)
(2.1037 -0.634459 0)
(2.11054 -0.63485 0)
(2.11845 -0.63587 0)
(2.12593 -0.63424 0)
(2.12722 -0.636364 0)
(2.1298 -0.637196 0)
(2.14453 0.570915 0)
(2.15568 0.569073 0)
(2.16404 0.565198 0)
(2.1782 0.554508 0)
(2.19636 0.540567 0)
(2.21201 0.525473 0)
(2.2247 0.515512 0)
(2.23262 0.508176 0)
(2.23026 0.496703 0)
(2.22251 0.469744 0)
(2.23247 0.449557 0)
(2.24524 0.445504 0)
(2.25684 0.445071 0)
(2.26784 0.440024 0)
(2.28376 0.433016 0)
(2.30195 0.420076 0)
(2.31851 0.405591 0)
(2.33098 0.39407 0)
(2.33623 0.382823 0)
(2.32776 0.365091 0)
(2.31004 0.341123 0)
(2.31763 0.33386 0)
(2.33064 0.330312 0)
(2.34532 0.325584 0)
(2.36182 0.321541 0)
(2.37807 0.316192 0)
(2.39297 0.309021 0)
(2.40685 0.301438 0)
(2.41924 0.293853 0)
(2.42948 0.284761 0)
(2.43185 0.268711 0)
(2.41644 0.240703 0)
(2.40115 0.213922 0)
(2.41064 0.210517 0)
(2.42127 0.209485 0)
(2.43216 0.20652 0)
(2.44787 0.203493 0)
(2.45862 0.198174 0)
(2.47442 0.194745 0)
(2.48891 0.189477 0)
(2.49925 0.183043 0)
(2.50675 0.174019 0)
(2.50556 0.159768 0)
(2.48831 0.136916 0)
(2.47441 0.112866 0)
(2.48418 0.106601 0)
(2.49386 0.104051 0)
(2.50402 0.100905 0)
(2.51666 0.0961127 0)
(2.52435 0.0916636 0)
(2.53734 0.0890361 0)
(2.54878 0.0842057 0)
(2.55615 0.079192 0)
(2.5624 0.0744886 0)
(2.56403 0.064119 0)
(2.55197 0.0401457 0)
(2.53762 0.0180069 0)
(2.54242 0.0144313 0)
(2.5498 0.0125888 0)
(2.56059 0.00899969 0)
(2.57251 0.00553739 0)
(2.58405 0.00190115 0)
(2.59241 -0.00235606 0)
(2.59924 -0.00564571 0)
(2.60665 -0.00883317 0)
(2.61326 -0.014091 0)
(2.61208 -0.0251769 0)
(2.59692 -0.0448492 0)
(2.59025 -0.059118 0)
(2.59581 -0.0611999 0)
(2.60374 -0.0645792 0)
(2.61091 -0.0672138 0)
(2.62131 -0.0687854 0)
(2.63045 -0.0720352 0)
(2.63718 -0.0766453 0)
(2.64314 -0.0794102 0)
(2.64984 -0.0834589 0)
(2.65262 -0.090827 0)
(2.64403 -0.103796 0)
(2.63339 -0.119174 0)
(2.63605 -0.123962 0)
(2.64154 -0.126874 0)
(2.64719 -0.130349 0)
(2.65566 -0.132609 0)
(2.66529 -0.134378 0)
(2.67314 -0.138483 0)
(2.67755 -0.140952 0)
(2.67856 -0.144936 0)
(2.66429 -0.173437 0)
(2.58735 -0.282541 0)
(2.40066 -0.510232 0)
(2.18505 -0.750981 0)
(2.15714 -0.741443 0)
(2.18535 -0.728017 0)
(2.19241 -0.741335 0)
(2.18829 -0.760936 0)
(2.184 -0.770808 0)
(2.19308 -0.768199 0)
(2.19947 -0.774293 0)
(2.19423 -0.782563 0)
(2.176 -0.80232 0)
(2.13168 -0.840603 0)
(2.06383 -0.908891 0)
(2.02739 -0.949069 0)
(2.03078 -0.939609 0)
(2.0459 -0.927995 0)
(2.06108 -0.921737 0)
(2.07171 -0.929216 0)
(2.07346 -0.938441 0)
(2.07504 -0.943697 0)
(2.07577 -0.940399 0)
(2.07962 -0.927148 0)
(2.08965 -0.90236 0)
(2.09491 -0.866289 0)
(2.09524 -0.824461 0)
(2.09095 -0.789972 0)
(2.08499 -0.747253 0)
(2.08009 -0.72584 0)
(2.07723 -0.704068 0)
(2.0871 -0.691869 0)
(2.09387 -0.66925 0)
(2.1008 -0.64896 0)
(2.10696 -0.645809 0)
(2.11643 -0.642593 0)
(2.12105 -0.642102 0)
(2.12682 -0.642708 0)
(2.13565 -0.638648 0)
(2.13814 -0.638306 0)
(2.14261 -0.638094 0)
(2.15134 0.584595 0)
(2.16192 0.583276 0)
(2.16846 0.579443 0)
(2.18171 0.568027 0)
(2.19817 0.552643 0)
(2.21152 0.537576 0)
(2.22125 0.528351 0)
(2.22528 0.520902 0)
(2.22126 0.501858 0)
(2.22369 0.4722 0)
(2.23555 0.459229 0)
(2.24824 0.458881 0)
(2.25878 0.45957 0)
(2.26962 0.453833 0)
(2.28628 0.445365 0)
(2.30335 0.430339 0)
(2.31743 0.417629 0)
(2.32682 0.407874 0)
(2.32781 0.395777 0)
(2.31623 0.374874 0)
(2.30994 0.354408 0)
(2.32385 0.351234 0)
(2.33718 0.347383 0)
(2.35026 0.343454 0)
(2.36507 0.338592 0)
(2.37938 0.332239 0)
(2.39226 0.324251 0)
(2.40468 0.315611 0)
(2.41579 0.30642 0)
(2.42276 0.293157 0)
(2.41695 0.270022 0)
(2.39807 0.241542 0)
(2.40054 0.229616 0)
(2.41261 0.230095 0)
(2.42394 0.22876 0)
(2.43596 0.226194 0)
(2.45128 0.221425 0)
(2.46136 0.216449 0)
(2.47748 0.211982 0)
(2.48988 0.206346 0)
(2.49925 0.198868 0)
(2.50309 0.185472 0)
(2.49095 0.162801 0)
(2.47073 0.138977 0)
(2.47345 0.126736 0)
(2.48472 0.124864 0)
(2.4951 0.121464 0)
(2.50713 0.117996 0)
(2.51842 0.11375 0)
(2.52765 0.110241 0)
(2.5404 0.107114 0)
(2.55027 0.101897 0)
(2.55741 0.0965104 0)
(2.56081 0.0886411 0)
(2.5535 0.0705145 0)
(2.53536 0.0438182 0)
(2.5351 0.0332572 0)
(2.54197 0.0315738 0)
(2.55188 0.028145 0)
(2.56429 0.0254172 0)
(2.5766 0.0227196 0)
(2.58653 0.0187714 0)
(2.59376 0.0149854 0)
(2.60085 0.0115265 0)
(2.60745 0.00733576 0)
(2.60992 -0.00133867 0)
(2.59973 -0.019273 0)
(2.5855 -0.0380554 0)
(2.58961 -0.043586 0)
(2.59631 -0.0461122 0)
(2.60636 -0.0492411 0)
(2.61343 -0.0508431 0)
(2.6239 -0.0524814 0)
(2.63293 -0.0564602 0)
(2.63859 -0.0602783 0)
(2.64418 -0.063336 0)
(2.64898 -0.0690048 0)
(2.64605 -0.0808338 0)
(2.6332 -0.0975028 0)
(2.63106 -0.106548 0)
(2.6352 -0.108866 0)
(2.64273 -0.11261 0)
(2.64966 -0.115498 0)
(2.65785 -0.116603 0)
(2.66853 -0.118863 0)
(2.67556 -0.122336 0)
(2.67588 -0.127932 0)
(2.66181 -0.157274 0)
(2.5913 -0.267127 0)
(2.39564 -0.480158 0)
(2.17053 -0.732127 0)
(2.13943 -0.757073 0)
(2.15602 -0.730414 0)
(2.19178 -0.710038 0)
(2.20588 -0.709838 0)
(2.2155 -0.721022 0)
(2.21053 -0.745793 0)
(2.19283 -0.766445 0)
(2.18536 -0.77785 0)
(2.17549 -0.784959 0)
(2.139 -0.813229 0)
(2.09034 -0.85051 0)
(2.06213 -0.891454 0)
(2.03851 -0.925331 0)
(2.03161 -0.932425 0)
(2.03805 -0.932336 0)
(2.0542 -0.930059 0)
(2.0718 -0.927593 0)
(2.08538 -0.927787 0)
(2.09416 -0.930461 0)
(2.10064 -0.936909 0)
(2.10897 -0.937084 0)
(2.11708 -0.931999 0)
(2.12234 -0.924823 0)
(2.12436 -0.913147 0)
(2.13056 -0.898903 0)
(2.13198 -0.882161 0)
(2.12859 -0.857408 0)
(2.12086 -0.818649 0)
(2.11786 -0.776628 0)
(2.12213 -0.740778 0)
(2.12964 -0.705408 0)
(2.13955 -0.689151 0)
(2.14131 -0.671555 0)
(2.14828 -0.659958 0)
(2.14649 -0.654746 0)
(2.14581 -0.651064 0)
(2.14863 -0.647163 0)
(2.15394 -0.64106 0)
(2.15885 0.597798 0)
(2.16793 0.597304 0)
(2.17242 0.593642 0)
(2.18506 0.580414 0)
(2.19948 0.562849 0)
(2.2096 0.549264 0)
(2.21542 0.541906 0)
(2.21622 0.530298 0)
(2.21636 0.502845 0)
(2.22657 0.479898 0)
(2.23863 0.47214 0)
(2.2506 0.473937 0)
(2.25987 0.474455 0)
(2.27248 0.467988 0)
(2.28998 0.45613 0)
(2.30439 0.44122 0)
(2.31551 0.431309 0)
(2.3204 0.423905 0)
(2.31792 0.409921 0)
(2.30965 0.387215 0)
(2.31378 0.372266 0)
(2.32906 0.368637 0)
(2.34219 0.364045 0)
(2.35438 0.359886 0)
(2.36708 0.353913 0)
(2.37993 0.346388 0)
(2.39157 0.337382 0)
(2.40271 0.327732 0)
(2.41154 0.316343 0)
(2.41181 0.297527 0)
(2.39798 0.270989 0)
(2.38996 0.252362 0)
(2.40252 0.250452 0)
(2.41449 0.249875 0)
(2.42684 0.247993 0)
(2.44127 0.244093 0)
(2.45286 0.238335 0)
(2.46502 0.234061 0)
(2.47915 0.229162 0)
(2.4901 0.222863 0)
(2.49706 0.21224 0)
(2.49281 0.190618 0)
(2.47063 0.163517 0)
(2.46412 0.147996 0)
(2.47507 0.144716 0)
(2.48602 0.142124 0)
(2.49725 0.138508 0)
(2.51192 0.134844 0)
(2.51952 0.132073 0)
(2.53149 0.129378 0)
(2.54295 0.124777 0)
(2.55155 0.119181 0)
(2.557 0.111583 0)
(2.55386 0.097376 0)
(2.53575 0.0719048 0)
(2.52765 0.0537835 0)
(2.53468 0.051645 0)
(2.54346 0.0478614 0)
(2.55563 0.0443697 0)
(2.5685 0.0424897 0)
(2.58051 0.0396566 0)
(2.58843 0.0355019 0)
(2.59552 0.0317912 0)
(2.60199 0.0280141 0)
(2.60579 0.0215273 0)
(2.60051 0.00664998 0)
(2.58395 -0.0151979 0)
(2.5827 -0.0251216 0)
(2.58927 -0.0276288 0)
(2.59821 -0.0311761 0)
(2.60912 -0.0330485 0)
(2.6165 -0.0343287 0)
(2.62692 -0.0366416 0)
(2.63497 -0.0409955 0)
(2.64026 -0.0442688 0)
(2.64489 -0.048344 0)
(2.64513 -0.0572749 0)
(2.63412 -0.0737143 0)
(2.62641 -0.0868728 0)
(2.62989 -0.0904081 0)
(2.63463 -0.0943007 0)
(2.64469 -0.0984579 0)
(2.65247 -0.0999962 0)
(2.6616 -0.101326 0)
(2.67121 -0.103462 0)
(2.67172 -0.110485 0)
(2.65665 -0.145885 0)
(2.56176 -0.292109 0)
(2.40806 -0.484921 0)
(2.22984 -0.618753 0)
(2.14553 -0.753045 0)
(2.12537 -0.772075 0)
(2.13789 -0.752334 0)
(2.18145 -0.718523 0)
(2.20405 -0.695197 0)
(2.22145 -0.70031 0)
(2.22478 -0.713922 0)
(2.2039 -0.739505 0)
(2.18387 -0.766175 0)
(2.14925 -0.795026 0)
(2.08995 -0.844391 0)
(2.05797 -0.859564 0)
(2.05604 -0.882702 0)
(2.05599 -0.90193 0)
(2.05202 -0.912502 0)
(2.05014 -0.919424 0)
(2.05699 -0.918533 0)
(2.07101 -0.915827 0)
(2.08576 -0.91808 0)
(2.10083 -0.922595 0)
(2.11669 -0.923757 0)
(2.12645 -0.924308 0)
(2.13274 -0.928824 0)
(2.13889 -0.931112 0)
(2.1457 -0.928656 0)
(2.14907 -0.924511 0)
(2.15307 -0.918897 0)
(2.15496 -0.914545 0)
(2.15798 -0.904954 0)
(2.16581 -0.887558 0)
(2.17037 -0.860987 0)
(2.17159 -0.822308 0)
(2.17237 -0.786044 0)
(2.17023 -0.750569 0)
(2.16849 -0.718041 0)
(2.16562 -0.704506 0)
(2.16595 -0.691547 0)
(2.17633 -0.674945 0)
(2.18007 -0.653483 0)
(2.1655 0.611058 0)
(2.17202 0.611016 0)
(2.17626 0.605544 0)
(2.18891 0.58992 0)
(2.20014 0.57243 0)
(2.20631 0.562061 0)
(2.20876 0.553354 0)
(2.20877 0.532836 0)
(2.2165 0.507179 0)
(2.22983 0.492971 0)
(2.24169 0.488173 0)
(2.25237 0.490265 0)
(2.26212 0.488196 0)
(2.27823 0.479557 0)
(2.29435 0.465227 0)
(2.30522 0.454247 0)
(2.31228 0.448457 0)
(2.31334 0.439535 0)
(2.30679 0.42181 0)
(2.30963 0.398635 0)
(2.31913 0.389708 0)
(2.33303 0.38496 0)
(2.34582 0.379615 0)
(2.3571 0.374797 0)
(2.36844 0.368403 0)
(2.38021 0.359876 0)
(2.39112 0.349722 0)
(2.40084 0.338542 0)
(2.40518 0.323761 0)
(2.39575 0.300156 0)
(2.38466 0.277645 0)
(2.39107 0.271405 0)
(2.40413 0.270026 0)
(2.41742 0.268157 0)
(2.43093 0.265112 0)
(2.44557 0.259798 0)
(2.45554 0.255157 0)
(2.46782 0.251153 0)
(2.48001 0.245973 0)
(2.48892 0.23762 0)
(2.49028 0.220736 0)
(2.47372 0.19145 0)
(2.45797 0.169019 0)
(2.4653 0.165191 0)
(2.47631 0.162912 0)
(2.48822 0.159194 0)
(2.50232 0.15503 0)
(2.51396 0.152582 0)
(2.52265 0.150693 0)
(2.53508 0.147261 0)
(2.54496 0.142032 0)
(2.5522 0.135065 0)
(2.55262 0.122603 0)
(2.53773 0.0992294 0)
(2.522 0.0764284 0)
(2.52692 0.0709217 0)
(2.53522 0.0684522 0)
(2.54742 0.0643817 0)
(2.56011 0.0616507 0)
(2.5726 0.0599888 0)
(2.58354 0.0564385 0)
(2.59047 0.0523813 0)
(2.59696 0.0485921 0)
(2.60165 0.0435654 0)
(2.59971 0.0321802 0)
(2.58463 0.00992436 0)
(2.57582 -0.00635941 0)
(2.58229 -0.00939132 0)
(2.59006 -0.013255 0)
(2.60217 -0.0156468 0)
(2.61098 -0.0165347 0)
(2.62014 -0.0182862 0)
(2.6299 -0.0213672 0)
(2.63666 -0.0252022 0)
(2.64176 -0.0288922 0)
(2.6439 -0.0352521 0)
(2.63634 -0.049229 0)
(2.62319 -0.0669459 0)
(2.62473 -0.0728185 0)
(2.62899 -0.0755777 0)
(2.63536 -0.0801675 0)
(2.64795 -0.0833907 0)
(2.65476 -0.0839272 0)
(2.66555 -0.085753 0)
(2.66674 -0.0921854 0)
(2.65064 -0.128808 0)
(2.53724 -0.290513 0)
(2.34425 -0.548433 0)
(2.2392 -0.632296 0)
(2.16896 -0.686262 0)
(2.15649 -0.722355 0)
(2.15184 -0.73039 0)
(2.15729 -0.727726 0)
(2.18489 -0.711325 0)
(2.20708 -0.694931 0)
(2.22363 -0.696243 0)
(2.22655 -0.704256 0)
(2.20632 -0.726589 0)
(2.18024 -0.757471 0)
(2.11857 -0.806909 0)
(2.05043 -0.871808 0)
(2.03741 -0.875391 0)
(2.05649 -0.878713 0)
(2.0639 -0.879581 0)
(2.07146 -0.888565 0)
(2.07165 -0.900325 0)
(2.06873 -0.906669 0)
(2.07617 -0.907621 0)
(2.08901 -0.905877 0)
(2.10322 -0.905118 0)
(2.12289 -0.90877 0)
(2.13478 -0.910225 0)
(2.14231 -0.913029 0)
(2.14986 -0.917056 0)
(2.15566 -0.92204 0)
(2.15842 -0.924151 0)
(2.16551 -0.924041 0)
(2.17524 -0.920525 0)
(2.1828 -0.917848 0)
(2.19101 -0.913069 0)
(2.19847 -0.90823 0)
(2.20405 -0.900185 0)
(2.21019 -0.889613 0)
(2.2117 -0.873723 0)
(2.20925 -0.850916 0)
(2.20404 -0.818944 0)
(2.19821 -0.778546 0)
(2.20009 -0.74352 0)
(2.20559 -0.716336 0)
(2.16942 0.625009 0)
(2.17331 0.624348 0)
(2.18092 0.614768 0)
(2.19376 0.59697 0)
(2.20159 0.582025 0)
(2.20366 0.573355 0)
(2.20207 0.558958 0)
(2.20466 0.53489 0)
(2.21938 0.51993 0)
(2.23295 0.510223 0)
(2.24433 0.506705 0)
(2.25421 0.506911 0)
(2.26735 0.501382 0)
(2.28508 0.489777 0)
(2.29824 0.477165 0)
(2.30559 0.470614 0)
(2.30823 0.466238 0)
(2.30522 0.451585 0)
(2.29836 0.428271 0)
(2.31118 0.413534 0)
(2.32321 0.406755 0)
(2.33539 0.401042 0)
(2.3482 0.394198 0)
(2.35876 0.388705 0)
(2.36988 0.381841 0)
(2.381 0.372847 0)
(2.39118 0.361715 0)
(2.39831 0.348799 0)
(2.39488 0.329521 0)
(2.37945 0.304763 0)
(2.38229 0.294615 0)
(2.39256 0.291745 0)
(2.40662 0.288115 0)
(2.42157 0.28449 0)
(2.43647 0.279783 0)
(2.44795 0.275031 0)
(2.45853 0.271327 0)
(2.46987 0.267064 0)
(2.48006 0.261089 0)
(2.48482 0.248701 0)
(2.4752 0.22241 0)
(2.45543 0.193843 0)
(2.45629 0.185409 0)
(2.46625 0.183966 0)
(2.4791 0.180418 0)
(2.49218 0.176679 0)
(2.50759 0.172792 0)
(2.51472 0.171209 0)
(2.52677 0.168485 0)
(2.53791 0.164112 0)
(2.54655 0.158026 0)
(2.54999 0.147399 0)
(2.53946 0.126292 0)
(2.51886 0.100713 0)
(2.51877 0.0904154 0)
(2.52654 0.088225 0)
(2.53779 0.0851331 0)
(2.55304 0.0817722 0)
(2.56454 0.0792324 0)
(2.57681 0.076968 0)
(2.58607 0.0729353 0)
(2.59243 0.0693207 0)
(2.59778 0.0648164 0)
(2.59816 0.0560011 0)
(2.58633 0.0365553 0)
(2.57046 0.0148586 0)
(2.57471 0.00864882 0)
(2.58207 0.00556536 0)
(2.59246 0.00199756 0)
(2.60613 0.000948431 0)
(2.61332 -0.000778436 0)
(2.62398 -0.00297036 0)
(2.63227 -0.00628714 0)
(2.63845 -0.00982536 0)
(2.64236 -0.0148003 0)
(2.63881 -0.025151 0)
(2.62343 -0.0437641 0)
(2.61848 -0.0553331 0)
(2.62351 -0.0572183 0)
(2.62862 -0.0612707 0)
(2.63805 -0.0655384 0)
(2.65086 -0.0672563 0)
(2.65866 -0.0690786 0)
(2.66104 -0.0747679 0)
(2.64087 -0.11664 0)
(2.56012 -0.249192 0)
(2.28314 -0.554901 0)
(2.1789 -0.694924 0)
(2.16568 -0.666352 0)
(2.17454 -0.662859 0)
(2.1861 -0.677352 0)
(2.18096 -0.698093 0)
(2.18068 -0.70715 0)
(2.18549 -0.708195 0)
(2.20231 -0.701678 0)
(2.21705 -0.700133 0)
(2.2141 -0.706063 0)
(2.19763 -0.728873 0)
(2.15933 -0.763023 0)
(2.07844 -0.832674 0)
(2.04249 -0.870997 0)
(2.04829 -0.873946 0)
(2.05839 -0.870416 0)
(2.07043 -0.867939 0)
(2.08233 -0.874713 0)
(2.08629 -0.884393 0)
(2.08382 -0.891853 0)
(2.08758 -0.896513 0)
(2.09613 -0.898033 0)
(2.10915 -0.895469 0)
(2.12972 -0.891581 0)
(2.14167 -0.889953 0)
(2.15022 -0.893818 0)
(2.15755 -0.899861 0)
(2.16266 -0.904931 0)
(2.16719 -0.910255 0)
(2.17539 -0.913738 0)
(2.18465 -0.91663 0)
(2.19499 -0.914151 0)
(2.20522 -0.909235 0)
(2.21499 -0.90801 0)
(2.22324 -0.907262 0)
(2.2265 -0.906514 0)
(2.2301 -0.904591 0)
(2.23199 -0.90007 0)
(2.23551 -0.893156 0)
(2.24105 -0.880725 0)
(2.24403 -0.86079 0)
(2.24342 -0.828122 0)
(2.17017 0.639535 0)
(2.17537 0.634368 0)
(2.18799 0.620056 0)
(2.19925 0.602874 0)
(2.20238 0.592592 0)
(2.19882 0.582278 0)
(2.19489 0.561618 0)
(2.20569 0.546548 0)
(2.2218 0.538426 0)
(2.23622 0.529082 0)
(2.24708 0.525373 0)
(2.25826 0.52176 0)
(2.27487 0.513375 0)
(2.29099 0.501288 0)
(2.30075 0.493532 0)
(2.30465 0.4897 0)
(2.30199 0.480481 0)
(2.2947 0.456651 0)
(2.29727 0.436097 0)
(2.31252 0.428329 0)
(2.32572 0.420963 0)
(2.33656 0.415241 0)
(2.34974 0.407697 0)
(2.36043 0.401568 0)
(2.37191 0.394317 0)
(2.38249 0.385401 0)
(2.39098 0.374506 0)
(2.39299 0.358902 0)
(2.38029 0.335264 0)
(2.37341 0.318349 0)
(2.38261 0.316661 0)
(2.39368 0.310375 0)
(2.40997 0.304051 0)
(2.42652 0.298797 0)
(2.43992 0.293213 0)
(2.45075 0.28969 0)
(2.46138 0.28649 0)
(2.47164 0.281896 0)
(2.47847 0.273104 0)
(2.47419 0.252739 0)
(2.45467 0.22224 0)
(2.44822 0.206699 0)
(2.45641 0.205611 0)
(2.46919 0.202001 0)
(2.48288 0.198392 0)
(2.49861 0.194614 0)
(2.50894 0.191204 0)
(2.51794 0.188907 0)
(2.53023 0.185386 0)
(2.54019 0.180195 0)
(2.54596 0.171333 0)
(2.54045 0.153164 0)
(2.51897 0.126303 0)
(2.51131 0.110245 0)
(2.51832 0.108398 0)
(2.52788 0.104076 0)
(2.54415 0.102072 0)
(2.55754 0.0992458 0)
(2.56892 0.0969652 0)
(2.5806 0.0936732 0)
(2.5881 0.0897486 0)
(2.59395 0.085744 0)
(2.59631 0.0787422 0)
(2.58836 0.0629941 0)
(2.56847 0.0385904 0)
(2.56633 0.0267035 0)
(2.57386 0.0246437 0)
(2.5827 0.0205155 0)
(2.5975 0.0183605 0)
(2.60782 0.0169202 0)
(2.61732 0.0147031 0)
(2.62729 0.0119958 0)
(2.63437 0.00901181 0)
(2.63978 0.0049644 0)
(2.64007 -0.00266909 0)
(2.62798 -0.0189045 0)
(2.61357 -0.0366369 0)
(2.61748 -0.0408122 0)
(2.62274 -0.0428855 0)
(2.62987 -0.0474364 0)
(2.64188 -0.0492159 0)
(2.65156 -0.0509157 0)
(2.65464 -0.0601057 0)
(2.6295 -0.11093 0)
(2.51892 -0.289629 0)
(2.35076 -0.465036 0)
(2.17725 -0.637448 0)
(2.11945 -0.71488 0)
(2.12799 -0.704269 0)
(2.15654 -0.682386 0)
(2.1866 -0.658565 0)
(2.19882 -0.656686 0)
(2.2035 -0.664814 0)
(2.20542 -0.682887 0)
(2.20736 -0.691004 0)
(2.2071 -0.701726 0)
(2.20008 -0.711783 0)
(2.16938 -0.73838 0)
(2.11662 -0.77784 0)
(2.06282 -0.834717 0)
(2.05 -0.865395 0)
(2.05813 -0.865805 0)
(2.06608 -0.863006 0)
(2.07875 -0.859906 0)
(2.08859 -0.865142 0)
(2.0931 -0.873104 0)
(2.09528 -0.879363 0)
(2.10124 -0.882825 0)
(2.10863 -0.884532 0)
(2.12219 -0.883627 0)
(2.13946 -0.8785 0)
(2.14881 -0.877073 0)
(2.15801 -0.87896 0)
(2.16427 -0.88305 0)
(2.16879 -0.891902 0)
(2.17604 -0.896897 0)
(2.18444 -0.899302 0)
(2.19392 -0.898931 0)
(2.20482 -0.898575 0)
(2.21419 -0.899381 0)
(2.22416 -0.900292 0)
(2.23173 -0.900679 0)
(2.23602 -0.899001 0)
(2.24245 -0.899365 0)
(2.24878 -0.901033 0)
(2.25404 -0.901842 0)
(2.25941 -0.89856 0)
(2.26548 -0.894423 0)
(2.26946 -0.887597 0)
(2.17075 0.651309 0)
(2.18087 0.641407 0)
(2.19522 0.624877 0)
(2.20348 0.610337 0)
(2.20115 0.602221 0)
(2.19294 0.586307 0)
(2.19469 0.567355 0)
(2.21038 0.562909 0)
(2.22671 0.554069 0)
(2.24022 0.546658 0)
(2.25086 0.541968 0)
(2.26485 0.535492 0)
(2.28168 0.52538 0)
(2.29513 0.516362 0)
(2.30229 0.512472 0)
(2.30349 0.505306 0)
(2.29323 0.483909 0)
(2.28894 0.458946 0)
(2.29999 0.449114 0)
(2.3129 0.442867 0)
(2.32667 0.435065 0)
(2.33758 0.428058 0)
(2.35142 0.419672 0)
(2.36317 0.412663 0)
(2.3747 0.405934 0)
(2.38488 0.397017 0)
(2.39059 0.386609 0)
(2.38454 0.368381 0)
(2.36953 0.344201 0)
(2.37478 0.338962 0)
(2.38444 0.335848 0)
(2.39585 0.32671 0)
(2.41297 0.319731 0)
(2.42989 0.312666 0)
(2.44215 0.30653 0)
(2.45329 0.303364 0)
(2.46391 0.300189 0)
(2.47256 0.294412 0)
(2.47273 0.280309 0)
(2.45651 0.252157 0)
(2.44228 0.228907 0)
(2.44764 0.225933 0)
(2.45844 0.222811 0)
(2.47368 0.219614 0)
(2.48762 0.216994 0)
(2.50285 0.213033 0)
(2.51002 0.209394 0)
(2.5218 0.205688 0)
(2.53299 0.201135 0)
(2.54109 0.193873 0)
(2.54023 0.17942 0)
(2.52147 0.153423 0)
(2.50573 0.131621 0)
(2.51118 0.128166 0)
(2.51924 0.124814 0)
(2.53258 0.120676 0)
(2.55094 0.119771 0)
(2.56063 0.116753 0)
(2.57335 0.114201 0)
(2.58323 0.110035 0)
(2.58988 0.106274 0)
(2.59424 0.100675 0)
(2.59051 0.0885627 0)
(2.57136 0.0647987 0)
(2.55842 0.0457054 0)
(2.56573 0.0430418 0)
(2.57365 0.0398831 0)
(2.5859 0.0363951 0)
(2.60177 0.0351195 0)
(2.60983 0.0324729 0)
(2.62115 0.0300944 0)
(2.62961 0.0273302 0)
(2.63605 0.0241983 0)
(2.63939 0.0185815 0)
(2.63286 0.00629531 0)
(2.61401 -0.014177 0)
(2.61065 -0.0246075 0)
(2.61686 -0.0257301 0)
(2.62352 -0.0292964 0)
(2.63249 -0.0317877 0)
(2.64389 -0.0320342 0)
(2.64711 -0.043324 0)
(2.61279 -0.1038 0)
(2.46947 -0.322858 0)
(2.33802 -0.511744 0)
(2.19615 -0.582885 0)
(2.14835 -0.653095 0)
(2.13687 -0.694114 0)
(2.14262 -0.696139 0)
(2.16473 -0.684711 0)
(2.19256 -0.656439 0)
(2.21325 -0.644467 0)
(2.22332 -0.647077 0)
(2.22619 -0.655647 0)
(2.21763 -0.673764 0)
(2.19788 -0.699551 0)
(2.176 -0.725055 0)
(2.12808 -0.763009 0)
(2.06699 -0.816818 0)
(2.05997 -0.830415 0)
(2.06695 -0.843078 0)
(2.07148 -0.845257 0)
(2.07936 -0.849679 0)
(2.08733 -0.857833 0)
(2.09147 -0.862772 0)
(2.09787 -0.865063 0)
(2.10637 -0.86788 0)
(2.11426 -0.870074 0)
(2.12525 -0.871437 0)
(2.13949 -0.868161 0)
(2.14904 -0.865483 0)
(2.15769 -0.867837 0)
(2.16541 -0.871066 0)
(2.17006 -0.874679 0)
(2.17607 -0.878695 0)
(2.18416 -0.882283 0)
(2.1922 -0.885011 0)
(2.20426 -0.885852 0)
(2.21461 -0.884074 0)
(2.22338 -0.884861 0)
(2.23197 -0.884943 0)
(2.23833 -0.884145 0)
(2.2416 -0.8877 0)
(2.24693 -0.890567 0)
(2.25544 -0.892423 0)
(2.2633 -0.892149 0)
(2.27137 -0.890637 0)
(2.2792 -0.889962 0)
(2.28682 -0.889907 0)
(2.17205 0.663583 0)
(2.18687 0.649632 0)
(2.20025 0.63125 0)
(2.20399 0.619452 0)
(2.19623 0.610934 0)
(2.18852 0.591856 0)
(2.19957 0.584396 0)
(2.21657 0.578529 0)
(2.2317 0.570486 0)
(2.24333 0.56461 0)
(2.25576 0.557999 0)
(2.27133 0.54916 0)
(2.28682 0.538758 0)
(2.29796 0.533233 0)
(2.30304 0.528658 0)
(2.29816 0.51174 0)
(2.28264 0.482953 0)
(2.29084 0.468685 0)
(2.30144 0.463792 0)
(2.31351 0.457167 0)
(2.32741 0.448974 0)
(2.33927 0.440711 0)
(2.35374 0.431726 0)
(2.36653 0.424619 0)
(2.37814 0.417816 0)
(2.38699 0.408808 0)
(2.38857 0.398224 0)
(2.37503 0.378822 0)
(2.36622 0.360269 0)
(2.37589 0.358941 0)
(2.38677 0.353541 0)
(2.39831 0.342871 0)
(2.41576 0.334591 0)
(2.43209 0.325835 0)
(2.44365 0.319386 0)
(2.4547 0.316413 0)
(2.46497 0.312561 0)
(2.47033 0.303546 0)
(2.46094 0.281783 0)
(2.44078 0.254428 0)
(2.43993 0.246223 0)
(2.44825 0.2442 0)
(2.46221 0.239831 0)
(2.4773 0.237291 0)
(2.49262 0.234645 0)
(2.50404 0.229986 0)
(2.51342 0.2258 0)
(2.52516 0.221148 0)
(2.53488 0.214786 0)
(2.53805 0.203685 0)
(2.52526 0.181274 0)
(2.50316 0.155787 0)
(2.50394 0.147749 0)
(2.5121 0.146367 0)
(2.52221 0.141647 0)
(2.54001 0.138661 0)
(2.55458 0.136878 0)
(2.5647 0.1337 0)
(2.57701 0.130023 0)
(2.58507 0.126056 0)
(2.59105 0.121504 0)
(2.5914 0.112429 0)
(2.57733 0.0921695 0)
(2.55541 0.0678954 0)
(2.5571 0.0603533 0)
(2.56536 0.0589754 0)
(2.57469 0.0557061 0)
(2.59124 0.0530559 0)
(2.60381 0.0510213 0)
(2.61315 0.0483057 0)
(2.62392 0.0452627 0)
(2.63123 0.0426444 0)
(2.63659 0.0385547 0)
(2.63528 0.0294822 0)
(2.61988 0.0108751 0)
(2.60499 -0.0068859 0)
(2.61081 -0.0100618 0)
(2.61781 -0.0118655 0)
(2.62544 -0.0146802 0)
(2.63478 -0.014322 0)
(2.63705 -0.0286723 0)
(2.61111 -0.0855192 0)
(2.42828 -0.329133 0)
(2.26236 -0.560804 0)
(2.1995 -0.597728 0)
(2.17613 -0.595163 0)
(2.16418 -0.627549 0)
(2.15658 -0.668939 0)
(2.15922 -0.678895 0)
(2.17303 -0.673671 0)
(2.2004 -0.652675 0)
(2.21765 -0.634735 0)
(2.23011 -0.634377 0)
(2.23252 -0.641095 0)
(2.21534 -0.662669 0)
(2.19299 -0.696386 0)
(2.14513 -0.739756 0)
(2.07577 -0.80821 0)
(2.05923 -0.813736 0)
(2.06815 -0.824671 0)
(2.07639 -0.824494 0)
(2.08564 -0.828174 0)
(2.09381 -0.837071 0)
(2.0958 -0.847395 0)
(2.09659 -0.853415 0)
(2.10516 -0.854929 0)
(2.11531 -0.854517 0)
(2.12739 -0.854722 0)
(2.14315 -0.854713 0)
(2.15329 -0.853887 0)
(2.15983 -0.856364 0)
(2.16747 -0.859078 0)
(2.17239 -0.860622 0)
(2.17504 -0.863335 0)
(2.18274 -0.866478 0)
(2.19096 -0.868378 0)
(2.19992 -0.868852 0)
(2.21424 -0.869546 0)
(2.22505 -0.869463 0)
(2.2324 -0.871591 0)
(2.2399 -0.874016 0)
(2.24496 -0.87603 0)
(2.2479 -0.876402 0)
(2.25311 -0.875833 0)
(2.26136 -0.875867 0)
(2.2701 -0.87753 0)
(2.27874 -0.878339 0)
(2.287 -0.878477 0)
(2.29506 -0.879955 0)
)
;

boundaryField
{
    inlet
    {
        type            fixedValue;
        value           nonuniform 0();
    }
    outlet
    {
        type            inletOutlet;
        inletValue      nonuniform 0();
        value           nonuniform 0();
    }
    bottom
    {
        type            slip;
    }
    top
    {
        type            slip;
    }
    obstacle
    {
        type            slip;
    }
    defaultFaces
    {
        type            empty;
    }
    procBoundary6to2
    {
        type            processor;
        value           nonuniform List<vector> 
129
(
(2.16059 0.224975 0)
(2.17972 0.21172 0)
(2.19398 0.19775 0)
(2.20152 0.169804 0)
(2.19921 0.141055 0)
(2.19584 0.123981 0)
(2.20756 0.113908 0)
(2.22599 0.10704 0)
(2.24753 0.0978877 0)
(2.26731 0.0868304 0)
(2.28717 0.0765236 0)
(2.30598 0.064248 0)
(2.32177 0.0504518 0)
(2.33424 0.0351787 0)
(2.33535 0.013545 0)
(2.31704 -0.0178748 0)
(2.31099 -0.0413418 0)
(2.32526 -0.0487358 0)
(2.34077 -0.0541737 0)
(2.35868 -0.06024 0)
(2.37854 -0.0676641 0)
(2.39447 -0.074644 0)
(2.40994 -0.0808697 0)
(2.42296 -0.0881499 0)
(2.43165 -0.0982156 0)
(2.43013 -0.115435 0)
(2.41159 -0.144978 0)
(2.40459 -0.16768 0)
(2.41623 -0.172443 0)
(2.42921 -0.175939 0)
(2.44467 -0.181078 0)
(2.46202 -0.188716 0)
(2.4764 -0.197229 0)
(2.48682 -0.203811 0)
(2.49599 -0.209806 0)
(2.50273 -0.218146 0)
(2.50154 -0.232363 0)
(2.48646 -0.255549 0)
(2.48195 -0.27242 0)
(2.49101 -0.276842 0)
(2.50005 -0.280508 0)
(2.51228 -0.286284 0)
(2.5253 -0.296868 0)
(2.53679 -0.305635 0)
(2.55153 -0.313295 0)
(2.56215 -0.319717 0)
(2.56871 -0.325253 0)
(2.56398 -0.335078 0)
(2.54481 -0.350328 0)
(2.53877 -0.354749 0)
(2.53894 -0.352062 0)
(2.54105 -0.346102 0)
(2.54008 -0.334428 0)
(2.53236 -0.299739 0)
(2.52433 -0.250006 0)
(2.50846 -0.166183 0)
(2.49801 -0.110744 0)
(2.48499 -0.0833622 0)
(2.4493 -0.0716683 0)
(2.42016 -0.0626826 0)
(2.40231 -0.0571578 0)
(2.39527 -0.0390616 0)
(2.39598 -0.014144 0)
(2.39861 -0.00546659 0)
(2.40582 -0.000205444 0)
(2.41295 0.00630975 0)
(2.41415 0.0123403 0)
(2.41463 0.0176157 0)
(2.41293 0.0226391 0)
(2.40649 0.0258317 0)
(2.39167 0.0221515 0)
(2.37855 0.0169988 0)
(2.37501 0.0163887 0)
(2.37365 0.0182133 0)
(2.37625 0.0231627 0)
(2.38542 0.0319963 0)
(2.39505 0.0401068 0)
(2.39454 0.0417668 0)
(2.39147 0.042048 0)
(2.38985 0.0429712 0)
(2.38611 0.0445906 0)
(2.37851 0.0438215 0)
(2.3701 0.0391729 0)
(2.36662 0.0347265 0)
(2.36642 0.0325659 0)
(2.3675 0.0308265 0)
(2.37205 0.0320479 0)
(2.38263 0.0390699 0)
(2.39172 0.0469722 0)
(2.39296 0.049506 0)
(2.39222 0.0503935 0)
(2.38842 0.0493597 0)
(2.37933 0.0438885 0)
(2.37383 0.0401298 0)
(2.37518 0.0397479 0)
(2.37698 0.0396581 0)
(2.37916 0.0393659 0)
(2.38485 0.0411312 0)
(2.39158 0.0455564 0)
(2.39391 0.0480558 0)
(2.39466 0.049622 0)
(2.39346 0.0508797 0)
(2.38695 0.0481424 0)
(2.37887 0.0422841 0)
(2.37801 0.0392027 0)
(2.3794 0.0378737 0)
(2.38218 0.0363393 0)
(2.38881 0.0360642 0)
(2.39816 0.0386652 0)
(2.40234 0.040753 0)
(2.40302 0.0417619 0)
(2.40368 0.043233 0)
(2.39927 0.0474985 0)
(2.38632 0.0339567 0)
(2.36597 0.0124671 0)
(2.24011 -0.134848 0)
(1.8874 -0.410455 0)
(1.69995 -0.549627 0)
(1.66561 -0.588632 0)
(1.67435 -0.593974 0)
(1.68705 -0.592206 0)
(1.70199 -0.584941 0)
(1.7187 -0.580268 0)
(1.73874 -0.579588 0)
(1.75246 -0.586526 0)
(1.75755 -0.595588 0)
(1.76478 -0.602947 0)
(1.77363 -0.606738 0)
(1.78425 -0.609263 0)
)
;
    }
    procBoundary6to5
    {
        type            processor;
        value           nonuniform List<vector> 
26
(
(2.14225 0.267021 0)
(2.14627 0.281332 0)
(2.14446 0.296607 0)
(2.14086 0.307381 0)
(2.13598 0.318115 0)
(2.13263 0.328147 0)
(2.13015 0.341427 0)
(2.12958 0.356608 0)
(2.12986 0.37604 0)
(2.1322 0.39674 0)
(2.13591 0.418387 0)
(2.141 0.436609 0)
(2.1453 0.454408 0)
(2.14994 0.466731 0)
(2.15169 0.48146 0)
(2.15405 0.492733 0)
(2.15171 0.507522 0)
(2.14709 0.521275 0)
(2.1398 0.531453 0)
(2.12792 0.537022 0)
(2.1186 0.536524 0)
(2.11443 0.542403 0)
(2.11872 0.552746 0)
(2.12401 0.567218 0)
(2.1308 0.580648 0)
(2.13816 0.593773 0)
)
;
    }
    procBoundary6to7
    {
        type            processor;
        value           nonuniform List<vector> 
32
(
(1.81309 -0.609909 0)
(1.82745 -0.605185 0)
(1.84002 -0.607526 0)
(1.85574 -0.602597 0)
(1.87476 -0.609848 0)
(1.89258 -0.617064 0)
(1.90718 -0.627609 0)
(1.92114 -0.632905 0)
(1.93526 -0.635739 0)
(1.94898 -0.631644 0)
(1.96038 -0.632692 0)
(1.9705 -0.633899 0)
(1.98077 -0.636654 0)
(1.99575 -0.633227 0)
(2.01568 -0.628719 0)
(2.03578 -0.623154 0)
(2.05067 -0.625872 0)
(2.06835 -0.628065 0)
(2.08229 -0.631346 0)
(2.09304 -0.632189 0)
(2.10116 -0.634898 0)
(2.11089 -0.636879 0)
(2.12202 -0.638385 0)
(2.1352 -0.637221 0)
(2.15036 -0.635886 0)
(2.16609 -0.631994 0)
(2.18722 -0.637704 0)
(2.20933 -0.687773 0)
(2.24346 -0.793578 0)
(2.27439 -0.877298 0)
(2.29215 -0.888468 0)
(2.30162 -0.881006 0)
)
;
    }
    procBoundary6to9
    {
        type            processor;
        value           nonuniform List<vector> 6((2.14612 0.607305 0) (2.15409 0.619825 0) (2.16038 0.631393 0) (2.16384 0.643733 0) (2.16595 0.655209 0) (2.16436 0.670089 0));
    }
    procBoundary6to10
    {
        type            processor;
        value           nonuniform List<vector> 
129
(
(2.17733 0.672483 0)
(2.19215 0.655339 0)
(2.20139 0.638222 0)
(2.19938 0.630378 0)
(2.18958 0.620654 0)
(2.19125 0.604801 0)
(2.20719 0.600434 0)
(2.22507 0.589155 0)
(2.23818 0.58411 0)
(2.24796 0.579162 0)
(2.26128 0.572452 0)
(2.27674 0.56202 0)
(2.29063 0.552665 0)
(2.29948 0.548247 0)
(2.30023 0.537837 0)
(2.28609 0.510529 0)
(2.28136 0.486642 0)
(2.29419 0.480801 0)
(2.30385 0.477646 0)
(2.31515 0.47078 0)
(2.32908 0.462721 0)
(2.3424 0.453357 0)
(2.35732 0.4439 0)
(2.37066 0.43747 0)
(2.38184 0.430543 0)
(2.38793 0.420945 0)
(2.3841 0.40987 0)
(2.36788 0.39121 0)
(2.36787 0.375657 0)
(2.37894 0.373928 0)
(2.39071 0.36657 0)
(2.40135 0.357424 0)
(2.41807 0.350012 0)
(2.4334 0.3407 0)
(2.44442 0.333344 0)
(2.45478 0.329596 0)
(2.46363 0.323662 0)
(2.46317 0.309107 0)
(2.44469 0.282702 0)
(2.43477 0.266901 0)
(2.44088 0.26602 0)
(2.45078 0.260849 0)
(2.466 0.256665 0)
(2.48063 0.254015 0)
(2.49603 0.250188 0)
(2.50499 0.245615 0)
(2.51677 0.240968 0)
(2.52757 0.234904 0)
(2.53433 0.225574 0)
(2.52821 0.207972 0)
(2.50518 0.182251 0)
(2.49747 0.167529 0)
(2.5055 0.166821 0)
(2.51488 0.163642 0)
(2.52763 0.159991 0)
(2.54647 0.15741 0)
(2.556 0.153145 0)
(2.56878 0.149892 0)
(2.57919 0.145591 0)
(2.58639 0.141337 0)
(2.59021 0.134308 0)
(2.58297 0.118679 0)
(2.55946 0.0932287 0)
(2.54988 0.0782522 0)
(2.55755 0.0767868 0)
(2.56618 0.0747759 0)
(2.57817 0.0720245 0)
(2.59634 0.0696064 0)
(2.60465 0.0671878 0)
(2.61619 0.0643809 0)
(2.62543 0.0607714 0)
(2.63184 0.0576324 0)
(2.63423 0.0509914 0)
(2.62543 0.0358445 0)
(2.60539 0.0148368 0)
(2.60393 0.00569801 0)
(2.61208 0.00451117 0)
(2.62006 0.00262415 0)
(2.62574 0.00124723 0)
(2.62869 -0.0125102 0)
(2.57466 -0.110129 0)
(2.43173 -0.312298 0)
(2.28691 -0.497051 0)
(2.15156 -0.628229 0)
(2.13192 -0.637879 0)
(2.14762 -0.624167 0)
(2.16514 -0.619633 0)
(2.17362 -0.624719 0)
(2.17808 -0.632405 0)
(2.18971 -0.638586 0)
(2.20875 -0.634788 0)
(2.22175 -0.629568 0)
(2.23168 -0.627862 0)
(2.22856 -0.638615 0)
(2.20813 -0.666847 0)
(2.17174 -0.704318 0)
(2.1037 -0.763008 0)
(2.06102 -0.81574 0)
(2.06172 -0.822831 0)
(2.07514 -0.816031 0)
(2.0842 -0.811538 0)
(2.09606 -0.815318 0)
(2.10385 -0.826095 0)
(2.10371 -0.836182 0)
(2.105 -0.840174 0)
(2.11366 -0.842902 0)
(2.12362 -0.84393 0)
(2.13921 -0.843745 0)
(2.15679 -0.841202 0)
(2.16428 -0.841385 0)
(2.17191 -0.844392 0)
(2.17722 -0.847461 0)
(2.17859 -0.850707 0)
(2.18095 -0.852412 0)
(2.18926 -0.853547 0)
(2.19836 -0.854698 0)
(2.20867 -0.854964 0)
(2.22394 -0.854916 0)
(2.23376 -0.854631 0)
(2.24086 -0.85703 0)
(2.24772 -0.859768 0)
(2.25121 -0.861766 0)
(2.25345 -0.86339 0)
(2.26072 -0.864809 0)
(2.26921 -0.865105 0)
(2.27813 -0.86332 0)
(2.28638 -0.862365 0)
(2.29407 -0.863654 0)
(2.301 -0.864767 0)
)
;
    }
}


// ************************************************************************* //
