/*--------------------------------*- C++ -*----------------------------------*\
  =========                 |
  \\      /  F ield         | OpenFOAM: The Open Source CFD Toolbox
   \\    /   O peration     | Website:  https://openfoam.org
    \\  /    A nd           | Version:  7
     \\/     M anipulation  |
\*---------------------------------------------------------------------------*/
FoamFile
{
    version     2.0;
    format      ascii;
    class       volVectorField;
    location    "2.6";
    object      U;
}
// * * * * * * * * * * * * * * * * * * * * * * * * * * * * * * * * * * * * * //

dimensions      [0 1 -1 0 0 0 0];

internalField   nonuniform List<vector> 
4128
(
(3 1.00161e-16 0)
(3 -2.65306e-16 0)
(3 -2.18356e-16 0)
(3 9.60187e-17 0)
(3 -8.82202e-17 0)
(3 -2.07641e-16 0)
(3 -2.03317e-16 0)
(3 -1.30064e-17 0)
(3 -5.01356e-17 0)
(3 -3.66733e-16 0)
(3 -1.02564e-15 0)
(3 -1.11415e-15 0)
(3 -1.58778e-15 0)
(3 -1.84783e-15 0)
(3 -2.47272e-15 0)
(3 -2.08361e-15 0)
(3 -1.44295e-15 0)
(3 -7.67037e-16 0)
(3 -3.09928e-16 0)
(3 1.22878e-16 0)
(3 9.63026e-16 0)
(3 8.32287e-16 0)
(3 8.07874e-16 0)
(3 2.17938e-16 0)
(3 1.04627e-16 0)
(3 2.28426e-16 0)
(3 2.8805e-17 0)
(3 8.66777e-16 0)
(3 9.09218e-16 0)
(3 4.25678e-16 0)
(3 -1.5879e-16 0)
(3 -3.93079e-16 0)
(3 -1.01479e-16 0)
(3 6.84367e-17 0)
(3 7.56653e-17 0)
(3 1.96145e-16 0)
(3 -2.96421e-16 0)
(3 -1.42814e-15 0)
(3 -1.58014e-15 0)
(3 -1.02816e-15 0)
(3 -5.77348e-16 0)
(3 3.89518e-16 0)
(3 3.97454e-16 0)
(3 -1.25268e-16 0)
(3 -1.26335e-15 0)
(3 -1.44813e-15 0)
(3 -1.56883e-16 0)
(3 1.15385e-15 0)
(3 -1.66265e-16 0)
(3 -7.58318e-17 0)
(3 5.77141e-18 0)
(3 -6.57902e-18 0)
(3 2.51179e-16 0)
(3 4.19795e-16 0)
(3 1.63446e-16 0)
(3 -2.22861e-17 0)
(3 1.36649e-16 0)
(3 1.62429e-16 0)
(3 -1.95863e-16 0)
(3 -2.96874e-16 0)
(3 -4.84095e-16 0)
(3 -1.05599e-15 0)
(3 -1.67858e-15 0)
(3 -1.45632e-15 0)
(3 -1.02415e-15 0)
(3 -1.03706e-16 0)
(3 2.50484e-16 0)
(3 7.22825e-16 0)
(3 1.35159e-15 0)
(3 1.33797e-15 0)
(3 1.12742e-15 0)
(3 8.53537e-16 0)
(3 4.5149e-16 0)
(3 2.72344e-16 0)
(3 7.55149e-16 0)
(3 6.98278e-16 0)
(3 3.67328e-16 0)
(3 -8.73706e-16 0)
(3 -1.68562e-15 0)
(3 -1.94087e-15 0)
(3 -1.69012e-15 0)
(3 -1.39571e-15 0)
(3 -1.34094e-15 0)
(3 -1.26038e-15 0)
(3 -8.52825e-16 0)
(3 -4.70787e-16 0)
(3 -5.08029e-16 0)
(3 -2.56889e-16 0)
(3 -3.87281e-16 0)
(3 -4.42622e-16 0)
(3 -7.42689e-16 0)
(3 -7.14842e-16 0)
(3 -7.97496e-16 0)
(3 -1.12118e-15 0)
(3 -1.30647e-15 0)
(3 -5.66738e-16 0)
(3 -2.63689e-16 0)
(3 -7.46283e-17 0)
(3 1.4041e-16 0)
(3 3.34547e-16 0)
(3 1.44002e-15 0)
(3 1.382e-15 0)
(3 9.74064e-16 0)
(3 4.66368e-16 0)
(3 3.08559e-16 0)
(3 1.60781e-17 0)
(3 -4.25937e-17 0)
(3 4.89947e-17 0)
(3 1.40612e-17 0)
(3 -8.70992e-16 0)
(3 -1.01672e-15 0)
(3 -5.38562e-16 0)
(3 -1.08992e-16 0)
(3 -1.42289e-16 0)
(3 1.51848e-16 0)
(3 1.40045e-15 0)
(3 1.35097e-15 0)
(3 1.35801e-15 0)
(3 1.0764e-15 0)
(3 1.0136e-15 0)
(3 6.04128e-16 0)
(3 2.96174e-16 0)
(3 2.32862e-16 0)
(3 -5.85409e-16 0)
(3 -5.48614e-16 0)
(3 -8.97906e-16 0)
(3 -1.35251e-15 0)
(3 -2.22137e-15 0)
(3 -2.93287e-15 0)
(3 -2.47309e-15 0)
(3 -1.92892e-15 0)
(3 -1.87471e-15 0)
(3 -7.1078e-16 0)
(3 -8.06281e-17 0)
(3 -1.90107e-17 0)
(3 -1.44502e-16 0)
(3 -8.42013e-16 0)
(3 -1.96937e-15 0)
(3 -2.08092e-15 0)
(3 -1.60393e-15 0)
(3 -1.14012e-15 0)
(3 -8.30188e-16 0)
(3 -9.64089e-16 0)
(3 -7.62257e-16 0)
(3 1.53634e-17 0)
(3 -1.73567e-17 0)
(3 1.10869e-16 0)
(3 3.63503e-16 0)
(3 4.63508e-16 0)
(3 5.7317e-16 0)
(3 5.51258e-16 0)
(3 4.7031e-16 0)
(3 6.50135e-16 0)
(3 5.27625e-16 0)
(3 3.61269e-16 0)
(3 1.49646e-16 0)
(3 -9.05989e-16 0)
(3 -1.70644e-15 0)
(3 -1.29319e-15 0)
(3 -1.35396e-15 0)
(3 -8.50748e-16 0)
(3 -6.57422e-16 0)
(3 6.45546e-16 0)
(3 8.89096e-16 0)
(3 6.76449e-16 0)
(3 1.6136e-16 0)
(3 3.77189e-17 0)
(3 2.09348e-16 0)
(3 2.39852e-16 0)
(3 -1.05002e-16 0)
(3 -5.33748e-16 0)
(3 -7.68977e-16 0)
(3 -7.64671e-16 0)
(3 -1.39488e-15 0)
(3 -2.05367e-15 0)
(3 -1.91258e-15 0)
(3 -2.27598e-15 0)
(3 -2.2823e-15 0)
(3 -2.10327e-15 0)
(3 -1.09607e-15 0)
(3 -7.88911e-16 0)
(3 -9.10899e-16 0)
(3 -1.20802e-15 0)
(3 -1.15984e-15 0)
(3 -1.6599e-15 0)
(3 -2.72045e-15 0)
(3 -1.89807e-15 0)
(3 -1.1809e-15 0)
(3 -3.27884e-16 0)
(3 1.51242e-16 0)
(3 7.11182e-17 0)
(3 -2.75714e-16 0)
(3 -1.56839e-17 0)
(3 3.82577e-17 0)
(3 1.7424e-16 0)
(3 2.36716e-16 0)
(3 2.96595e-16 0)
(3 2.48179e-16 0)
(3 4.18941e-16 0)
(3 9.11596e-16 0)
(3 1.04365e-15 0)
(3 6.16525e-16 0)
(3 6.25744e-16 0)
(3 4.06422e-16 0)
(3 -2.09108e-16 0)
(3 -5.54415e-16 0)
(3 -9.97712e-16 0)
(3 -1.5798e-15 0)
(3 -1.37054e-15 0)
(3 -7.03045e-16 0)
(3 -7.57652e-16 0)
(3 -8.4344e-16 0)
(3 -9.05732e-16 0)
(3 -7.31961e-16 0)
(3 7.19889e-17 0)
(3 8.38917e-16 0)
(3 9.75032e-16 0)
(3 5.0981e-16 0)
(3 2.53846e-16 0)
(3 -6.96343e-16 0)
(3 -1.76718e-15 0)
(3 -2.06291e-15 0)
(3 -1.49504e-15 0)
(3 -1.5597e-15 0)
(3 -1.73639e-15 0)
(3 -1.31815e-15 0)
(3 -7.47359e-16 0)
(3 1.88126e-16 0)
(3 2.94474e-16 0)
(3 6.77984e-16 0)
(3 -1.34842e-16 0)
(3 -9.79438e-16 0)
(3 -1.4077e-15 0)
(3 -1.25979e-15 0)
(3 -1.25779e-15 0)
(3 -8.61711e-16 0)
(3 -5.34717e-16 0)
(3 6.50976e-16 0)
(3 7.09677e-16 0)
(3 -6.59994e-17 0)
(3 1.02864e-17 0)
(3 7.26371e-17 0)
(3 -4.98559e-17 0)
(3 -1.8088e-16 0)
(3 -1.88295e-16 0)
(3 -1.9945e-16 0)
(3 -1.47671e-16 0)
(3 -7.79331e-18 0)
(3 2.92544e-16 0)
(3 3.74915e-16 0)
(3 7.42908e-16 0)
(3 2.98135e-16 0)
(3 1.2362e-16 0)
(3 -1.67609e-16 0)
(3 -9.60183e-16 0)
(3 -4.89419e-16 0)
(3 -4.14314e-16 0)
(3 -4.08309e-16 0)
(3 -1.30378e-15 0)
(3 -2.1022e-15 0)
(3 -1.82976e-15 0)
(3 -1.0157e-15 0)
(3 1.88068e-17 0)
(3 7.03457e-16 0)
(3 8.73656e-16 0)
(3 2.59517e-16 0)
(3 2.2479e-16 0)
(3 -6.97759e-17 0)
(3 -7.07497e-16 0)
(3 -7.89481e-16 0)
(3 -3.32434e-16 0)
(3 -3.07782e-16 0)
(3 -9.10953e-17 0)
(3 4.43721e-16 0)
(3 6.64305e-16 0)
(3 9.58759e-16 0)
(3 1.24281e-15 0)
(3 1.12547e-15 0)
(3 1.20258e-15 0)
(3 6.1156e-16 0)
(3 4.40779e-16 0)
(3 5.06884e-16 0)
(3 5.2691e-16 0)
(3 8.46687e-17 0)
(3 1.85615e-16 0)
(3 6.52945e-16 0)
(3 2.22846e-16 0)
(3 -8.90461e-16 0)
(3 2.57697e-16 0)
(3 2.52722e-16 0)
(3 -6.79874e-17 0)
(3 -5.39773e-16 0)
(3 -6.94907e-16 0)
(3 -8.07103e-16 0)
(3 -1.38897e-15 0)
(3 -4.72042e-16 0)
(3 1.07807e-16 0)
(3 4.17359e-16 0)
(3 4.90132e-16 0)
(3 1.00247e-15 0)
(3 1.15834e-15 0)
(3 7.19842e-16 0)
(3 -2.54497e-16 0)
(3 -2.50061e-17 0)
(3 -2.94393e-16 0)
(3 -9.26316e-16 0)
(3 -1.12306e-15 0)
(3 -1.31385e-15 0)
(3 -9.55373e-16 0)
(3 -8.21027e-16 0)
(3 -5.60415e-16 0)
(3 -9.30096e-16 0)
(3 -1.75779e-15 0)
(3 -1.54106e-15 0)
(3 -1.09505e-15 0)
(3 -5.08249e-16 0)
(3 -1.04158e-15 0)
(3 -8.0133e-16 0)
(3 -1.82156e-16 0)
(3 4.04708e-16 0)
(3 7.8368e-16 0)
(3 7.66638e-16 0)
(3 8.28614e-16 0)
(3 1.01972e-15 0)
(3 1.08864e-15 0)
(3 1.242e-15 0)
(3 1.64605e-15 0)
(3 1.94827e-15 0)
(3 1.73691e-15 0)
(3 1.17348e-15 0)
(3 1.01228e-15 0)
(3 1.26402e-15 0)
(3 1.4022e-15 0)
(3 1.10968e-15 0)
(3 4.97328e-16 0)
(3 -7.35048e-16 0)
(3 1.27738e-16 0)
(3 8.9803e-17 0)
(3 -1.54126e-16 0)
(3 9.96297e-17 0)
(3 -5.51158e-16 0)
(3 -1.00544e-15 0)
(3 -8.72775e-16 0)
(3 -6.02594e-16 0)
(3 -4.82733e-16 0)
(3 1.9316e-16 0)
(3 3.37361e-16 0)
(3 7.37672e-16 0)
(3 1.03245e-15 0)
(3 9.95606e-16 0)
(3 8.60409e-16 0)
(3 7.50577e-16 0)
(3 1.51433e-16 0)
(3 -1.49777e-16 0)
(3 -5.91894e-16 0)
(3 -2.01337e-16 0)
(3 -4.90562e-16 0)
(3 -1.09793e-15 0)
(3 -1.18474e-15 0)
(3 -1.26318e-15 0)
(3 -1.9807e-15 0)
(3 -1.72977e-15 0)
(3 -1.68301e-15 0)
(3 -1.28379e-15 0)
(3 -8.11471e-16 0)
(3 -3.23227e-16 0)
(3 -1.96107e-16 0)
(3 -1.30365e-16 0)
(3 6.96837e-16 0)
(3 9.09045e-16 0)
(3 9.84625e-16 0)
(3 1.29945e-15 0)
(3 1.09683e-15 0)
(3 1.11094e-15 0)
(3 1.58784e-15 0)
(3 2.59894e-15 0)
(3 2.54236e-15 0)
(3 1.70461e-15 0)
(3 1.44037e-15 0)
(3 1.66546e-15 0)
(3 1.28958e-15 0)
(3 7.33192e-16 0)
(3 6.00998e-16 0)
(3 -7.24896e-17 0)
(3 -2.43235e-16 0)
(3 9.75231e-17 0)
(3 3.85502e-16 0)
(3 3.93958e-16 0)
(3 -3.51863e-16 0)
(3 -9.17538e-16 0)
(3 -9.35609e-16 0)
(3 -8.59469e-16 0)
(3 -7.91334e-16 0)
(3 -5.85268e-16 0)
(3 -4.87671e-16 0)
(3 -9.01716e-17 0)
(3 1.72245e-16 0)
(3 7.22075e-16 0)
(3 1.29485e-15 0)
(3 1.18869e-15 0)
(3 7.6846e-16 0)
(3 3.47622e-16 0)
(3 -2.42495e-16 0)
(3 -2.4069e-16 0)
(3 -8.87166e-16 0)
(3 -1.74434e-15 0)
(3 -2.17868e-15 0)
(3 -2.20261e-15 0)
(3 -1.87447e-15 0)
(3 -1.54756e-15 0)
(3 -1.69711e-15 0)
(3 -1.66315e-15 0)
(3 1.32003e-16 0)
(3 -8.35258e-17 0)
(3 -7.18016e-16 0)
(3 -4.31674e-16 0)
(3 4.71464e-16 0)
(3 7.92349e-16 0)
(3 9.98021e-16 0)
(3 4.05618e-16 0)
(3 8.35274e-16 0)
(3 1.24202e-15 0)
(3 1.60157e-15 0)
(3 2.39509e-15 0)
(3 2.63099e-15 0)
(3 2.57128e-15 0)
(3 1.92586e-15 0)
(3 8.5949e-16 0)
(3 5.55572e-16 0)
(3 8.22681e-16 0)
(3 8.88714e-16 0)
(3 7.87241e-16 0)
(3 -1.97068e-16 0)
(3 -3.30338e-16 0)
(3 -2.18399e-16 0)
(3 -3.47904e-16 0)
(3 -3.05565e-16 0)
(3 -4.30325e-16 0)
(3 -9.27466e-17 0)
(3 -4.64312e-17 0)
(3 -3.44046e-16 0)
(3 -6.7445e-16 0)
(3 -7.45493e-16 0)
(3 -2.31799e-16 0)
(3 -1.80638e-16 0)
(3 2.97155e-16 0)
(3 1.30605e-15 0)
(3 1.54505e-15 0)
(3 4.88614e-16 0)
(3 -5.56283e-16 0)
(3 -1.40899e-16 0)
(3 -9.92568e-16 0)
(3 -1.59903e-15 0)
(3 -1.46893e-15 0)
(3 -1.32181e-15 0)
(3 -1.33011e-15 0)
(3 -6.46776e-16 0)
(3 -9.64087e-16 0)
(3 -1.02051e-15 0)
(3 -8.16521e-16 0)
(3 -6.00062e-16 0)
(3 -1.90438e-16 0)
(3 1.4315e-16 0)
(3 2.45234e-16 0)
(3 -1.02237e-16 0)
(3 -1.00974e-15 0)
(3 -8.58438e-16 0)
(3 -4.76392e-16 0)
(3 -1.64581e-16 0)
(3 1.06735e-15 0)
(3 4.97772e-16 0)
(3 2.69874e-17 0)
(3 1.16641e-15 0)
(3 2.68416e-15 0)
(3 1.94425e-15 0)
(3 7.2325e-16 0)
(3 1.68414e-16 0)
(3 9.54162e-16 0)
(3 2.08234e-15 0)
(3 2.68842e-15 0)
(3 1.34665e-16 0)
(3 -6.2352e-16 0)
(3 -1.25344e-15 0)
(3 -1.76955e-15 0)
(3 -1.53284e-15 0)
(3 -4.55941e-16 0)
(3 1.01128e-16 0)
(3 1.08666e-16 0)
(3 1.30059e-16 0)
(3 4.54598e-16 0)
(3 1.74561e-16 0)
(3 8.26013e-17 0)
(3 2.95281e-16 0)
(3 8.14834e-16 0)
(3 1.32837e-15 0)
(3 1.10951e-15 0)
(3 7.1697e-16 0)
(3 7.63529e-16 0)
(3 8.58232e-16 0)
(3 4.07981e-16 0)
(3 -4.52994e-16 0)
(3 -1.7636e-15 0)
(3 -2.00835e-15 0)
(3 -1.74418e-15 0)
(3 -9.91973e-16 0)
(3 7.84327e-16 0)
(3 1.02389e-15 0)
(3 2.32408e-16 0)
(3 -2.71864e-16 0)
(3 -5.61032e-16 0)
(3 2.05593e-16 0)
(3 1.02961e-15 0)
(3 1.01315e-15 0)
(3 -4.40931e-16 0)
(3 -1.18865e-15 0)
(3 -3.63614e-16 0)
(3 -2.77733e-16 0)
(3 2.49102e-16 0)
(3 2.71307e-16 0)
(3 -2.94238e-16 0)
(3 -6.09635e-16 0)
(3 3.02043e-16 0)
(3 5.91222e-16 0)
(3 5.77154e-16 0)
(3 1.65691e-15 0)
(3 2.11071e-15 0)
(3 2.83534e-15 0)
(3 2.06971e-15 0)
(3 2.70835e-16 0)
(3 1.66045e-16 0)
(3 -3.3427e-16 0)
(3 -5.80733e-16 0)
(3 -4.21268e-16 0)
(3 -2.24643e-16 0)
(3 -2.66572e-16 0)
(3 1.08663e-16 0)
(3 1.81943e-16 0)
(3 1.07304e-16 0)
(3 2.4656e-17 0)
(3 -8.9736e-18 0)
(3 5.15509e-16 0)
(3 1.18034e-15 0)
(3 6.46384e-16 0)
(3 2.97871e-16 0)
(3 1.65178e-15 0)
(3 2.27348e-15 0)
(3 1.46375e-15 0)
(3 1.43761e-15 0)
(3 6.17928e-16 0)
(3 -5.56734e-16 0)
(3 -2.19445e-15 0)
(3 -2.45837e-15 0)
(3 -1.46929e-15 0)
(3 2.09204e-16 0)
(3 6.8524e-16 0)
(3 5.46735e-17 0)
(3 -1.02568e-15 0)
(3 -1.02331e-15 0)
(3 -3.43726e-16 0)
(3 1.25278e-15 0)
(3 1.45825e-15 0)
(3 1.96472e-16 0)
(3 -6.54253e-16 0)
(3 -2.35793e-16 0)
(3 8.56907e-16 0)
(3 1.12711e-15 0)
(3 1.21853e-15 0)
(3 5.55988e-16 0)
(3 -8.87886e-16 0)
(3 -1.32982e-15 0)
(3 -8.37485e-16 0)
(3 1.61188e-16 0)
(3 1.68763e-15 0)
(3 1.7115e-15 0)
(3 1.41177e-15 0)
(3 2.04071e-16 0)
(3 -2.52596e-16 0)
(3 -2.66463e-17 0)
(3 2.38275e-16 0)
(3 7.57259e-16 0)
(3 1.0292e-15 0)
(3 6.44009e-16 0)
(3 5.36695e-16 0)
(3 2.31916e-16 0)
(3 2.43905e-16 0)
(3 -5.99697e-17 0)
(3 4.56894e-16 0)
(3 4.77179e-16 0)
(3 7.05677e-16 0)
(3 4.37396e-16 0)
(3 -2.01051e-17 0)
(3 8.37872e-17 0)
(3 1.24746e-15 0)
(3 1.58999e-15 0)
(3 1.31941e-15 0)
(3 7.53014e-16 0)
(3 8.89184e-16 0)
(3 1.57042e-15 0)
(3 3.41242e-16 0)
(3 -7.25714e-16 0)
(3 -6.60303e-16 0)
(3 -7.78351e-16 0)
(3 -6.10682e-16 0)
(3 -2.28403e-16 0)
(3 -3.79247e-16 0)
(3 1.38273e-16 0)
(3 5.03485e-16 0)
(3 3.97751e-16 0)
(3 1.65704e-17 0)
(3 2.7892e-16 0)
(3 9.93703e-16 0)
(3 8.75067e-16 0)
(3 -5.41498e-17 0)
(3 -3.717e-16 0)
(3 -6.64631e-16 0)
(3 -1.02968e-15 0)
(3 -1.97962e-15 0)
(3 -2.35343e-15 0)
(3 -2.1517e-15 0)
(3 -1.1255e-15 0)
(3 -1.22431e-15 0)
(3 -1.2701e-15 0)
(3 -1.65666e-15 0)
(3 -6.4686e-16 0)
(3 1.09377e-17 0)
(3 -1.93099e-16 0)
(3 4.61142e-16 0)
(3 4.77788e-16 0)
(3 5.94878e-16 0)
(3 4.7316e-16 0)
(3 4.64314e-16 0)
(3 3.58861e-16 0)
(3 3.55369e-16 0)
(3 1.31385e-16 0)
(3 1.67134e-16 0)
(3 2.34415e-16 0)
(3 3.89352e-16 0)
(3 4.99745e-16 0)
(3 8.61673e-16 0)
(3 6.0321e-16 0)
(3 2.6905e-16 0)
(3 3.65828e-16 0)
(3 1.15791e-15 0)
(3 9.40496e-16 0)
(3 7.86856e-16 0)
(3 8.23751e-16 0)
(3 8.11147e-16 0)
(3 4.3879e-16 0)
(3 8.62075e-16 0)
(3 1.82354e-16 0)
(3 -4.24755e-17 0)
(3 2.48762e-16 0)
(3 2.75864e-16 0)
(3 3.5165e-16 0)
(3 1.2786e-16 0)
(3 -7.71253e-16 0)
(3 -1.58767e-15 0)
(3 -1.06275e-15 0)
(3 -4.20913e-16 0)
(3 -6.76565e-16 0)
(3 -2.70513e-16 0)
(3 -1.12164e-15 0)
(3 -1.51596e-15 0)
(3 -2.3674e-15 0)
(3 -2.94403e-15 0)
(3 -3.37051e-15 0)
(3 -3.59156e-15 0)
(3 -3.81104e-15 0)
(3 -3.10344e-15 0)
(3 -2.79304e-15 0)
(3 -3.23089e-15 0)
(3 -5.71192e-16 0)
(3 2.12371e-16 0)
(3 1.83635e-16 0)
(3 4.08463e-16 0)
(3 4.17738e-16 0)
(3 2.70345e-16 0)
(3 4.10953e-16 0)
(3 1.37177e-16 0)
(3 3.72926e-16 0)
(3 2.53411e-16 0)
(3 -2.56293e-16 0)
(3 -4.78361e-16 0)
(3 -1.7089e-16 0)
(3 2.60609e-16 0)
(3 7.23137e-16 0)
(3 1.11503e-15 0)
(3 1.42952e-15 0)
(3 5.44267e-16 0)
(3 -2.99009e-16 0)
(3 3.09348e-16 0)
(3 6.40246e-16 0)
(3 4.07211e-16 0)
(3 -2.22173e-16 0)
(3 4.54736e-16 0)
(3 1.10479e-15 0)
(3 1.09835e-15 0)
(3 8.67562e-16 0)
(3 2.48309e-16 0)
(3 2.02033e-16 0)
(3 6.15204e-17 0)
(3 -6.92237e-17 0)
(3 -1.74909e-16 0)
(3 -3.8228e-16 0)
(3 -1.05264e-15 0)
(3 -1.56551e-15 0)
(3 -1.20591e-15 0)
(3 -1.16699e-15 0)
(3 -7.95915e-16 0)
(3 -9.76035e-16 0)
(3 -1.23214e-15 0)
(3 -1.58382e-15 0)
(3 -1.46006e-15 0)
(3 -3.22598e-15 0)
(3 -4.35369e-15 0)
(3 -4.04369e-15 0)
(3 -3.11492e-15 0)
(3 -2.98108e-15 0)
(3 -2.41801e-15 0)
(3 7.61008e-16 0)
(3 -8.52288e-17 0)
(3 4.36979e-16 0)
(3 4.40279e-16 0)
(3 4.94957e-16 0)
(3 3.51636e-16 0)
(3 1.9061e-16 0)
(3 2.16063e-16 0)
(3 1.58753e-16 0)
(3 -3.76248e-16 0)
(3 -7.55714e-16 0)
(3 -8.84789e-16 0)
(3 -6.66489e-16 0)
(3 -5.74909e-16 0)
(3 -7.02819e-17 0)
(3 2.36913e-16 0)
(3 6.7333e-16 0)
(3 1.02102e-15 0)
(3 7.08079e-16 0)
(3 -9.62062e-17 0)
(3 -6.85023e-16 0)
(3 -5.81786e-16 0)
(3 -1.50683e-16 0)
(3 4.5959e-16 0)
(3 8.02386e-16 0)
(3 6.02453e-16 0)
(3 1.02519e-15 0)
(3 1.22614e-15 0)
(3 1.1359e-15 0)
(3 4.91634e-16 0)
(3 3.02954e-16 0)
(3 6.43999e-16 0)
(3 -1.26401e-16 0)
(3 2.6543e-17 0)
(3 -1.42974e-16 0)
(3 6.86216e-17 0)
(3 1.28465e-16 0)
(3 -9.65806e-16 0)
(3 -1.03096e-15 0)
(3 -7.41049e-16 0)
(3 -6.60564e-16 0)
(3 -1.49082e-16 0)
(3 -7.84404e-16 0)
(3 -2.13675e-15 0)
(3 -1.54608e-15 0)
(3 -1.48274e-15 0)
(3 -2.05691e-15 0)
(3 -1.57781e-15 0)
(3 5.33289e-16 0)
(3 -1.17684e-16 0)
(3 3.42766e-16 0)
(3 7.89476e-17 0)
(3 -1.9185e-16 0)
(3 -8.90438e-17 0)
(3 -1.34067e-16 0)
(3 4.21594e-16 0)
(3 2.655e-16 0)
(3 -2.15895e-16 0)
(3 2.46318e-16 0)
(3 2.30916e-16 0)
(3 -1.37684e-17 0)
(3 -4.84147e-16 0)
(3 -4.7851e-16 0)
(3 -4.10074e-16 0)
(3 -2.19651e-16 0)
(3 -4.5933e-16 0)
(3 -4.6122e-16 0)
(3 -1.21842e-15 0)
(3 -1.74385e-15 0)
(3 -1.555e-15 0)
(3 -8.16609e-16 0)
(3 -2.25611e-16 0)
(3 -4.68356e-17 0)
(3 6.42959e-16 0)
(3 1.1419e-15 0)
(3 1.4035e-15 0)
(3 1.27304e-15 0)
(3 1.17908e-15 0)
(3 1.21226e-15 0)
(3 1.83603e-15 0)
(3 1.59415e-15 0)
(3 1.16227e-15 0)
(3 8.08149e-16 0)
(3 4.29217e-16 0)
(3 3.81198e-16 0)
(3 -4.61593e-16 0)
(3 -4.29399e-16 0)
(3 -6.44116e-16 0)
(3 -1.01488e-15 0)
(3 -1.39188e-15 0)
(3 -9.52408e-16 0)
(3 -2.90506e-16 0)
(3 -8.21407e-16 0)
(3 -1.26398e-15 0)
(3 -1.34892e-15 0)
(3 -1.4419e-15 0)
(3 -1.22232e-15 0)
(3 -3.7435e-17 0)
(3 -3.39888e-17 0)
(3 2.51532e-17 0)
(3 2.0975e-16 0)
(3 1.2217e-16 0)
(3 3.63369e-16 0)
(3 3.90927e-16 0)
(3 3.55946e-16 0)
(3 9.9667e-16 0)
(3 1.7212e-15 0)
(3 1.67616e-15 0)
(3 8.66892e-16 0)
(3 -6.45974e-16 0)
(3 -1.45605e-15 0)
(3 -1.32164e-15 0)
(3 -1.21341e-15 0)
(3 -1.35513e-15 0)
(3 -2.11179e-15 0)
(3 -1.95268e-15 0)
(3 -1.70617e-15 0)
(3 -1.45497e-15 0)
(3 -1.60489e-15 0)
(3 -5.46514e-16 0)
(3 1.83984e-16 0)
(3 8.27978e-17 0)
(3 -2.28187e-16 0)
(3 6.05343e-16 0)
(3 1.14317e-15 0)
(3 2.07714e-15 0)
(3 2.18931e-15 0)
(3 2.0936e-15 0)
(3 1.95615e-15 0)
(3 1.12815e-15 0)
(3 6.90161e-17 0)
(3 -6.4799e-16 0)
(3 -3.59598e-16 0)
(3 -1.89745e-16 0)
(3 -4.13658e-16 0)
(3 -1.04962e-15 0)
(3 -1.1625e-15 0)
(3 -1.59324e-15 0)
(3 -1.29466e-15 0)
(3 -6.96279e-16 0)
(3 -6.92321e-16 0)
(3 -7.10409e-16 0)
(3 -4.84515e-16 0)
(3 -1.03434e-15 0)
(3 -1.88922e-15 0)
(3 -1.18123e-16 0)
(3 -5.32685e-16 0)
(3 -6.68812e-16 0)
(3 -3.79419e-16 0)
(3 -3.19648e-16 0)
(3 -2.92918e-16 0)
(3 -2.40867e-16 0)
(3 1.90438e-16 0)
(3 8.56425e-16 0)
(3 1.09198e-15 0)
(3 9.87398e-16 0)
(3 7.83753e-18 0)
(3 -9.0289e-16 0)
(3 -1.74668e-15 0)
(3 -1.78976e-15 0)
(3 -1.85871e-15 0)
(3 -1.68171e-15 0)
(3 -1.86931e-15 0)
(3 -2.21848e-15 0)
(3 -1.48636e-15 0)
(3 -6.11108e-16 0)
(3 -8.64426e-17 0)
(3 4.74439e-16 0)
(3 8.89883e-16 0)
(3 4.58494e-16 0)
(3 9.61498e-17 0)
(3 5.07633e-16 0)
(3 1.12578e-15 0)
(3 1.63474e-15 0)
(3 1.7407e-15 0)
(3 1.49597e-15 0)
(3 1.48384e-15 0)
(3 1.54815e-15 0)
(3 9.39794e-16 0)
(3 1.07456e-17 0)
(3 -4.79078e-16 0)
(3 -4.69521e-16 0)
(3 -9.20092e-16 0)
(3 -4.67067e-16 0)
(3 3.34689e-16 0)
(3 6.82518e-16 0)
(3 5.71683e-16 0)
(3 2.96338e-16 0)
(3 3.53209e-16 0)
(3 4.74474e-16 0)
(3 2.90941e-16 0)
(3 -4.32314e-16 0)
(3 -7.11506e-16 0)
(3 -8.8378e-17 0)
(3 -2.49788e-16 0)
(3 -5.91725e-16 0)
(3 -8.35921e-16 0)
(3 -9.23573e-16 0)
(3 -1.02858e-15 0)
(3 -1.02222e-15 0)
(3 -3.76637e-16 0)
(3 2.10727e-16 0)
(3 1.4427e-16 0)
(3 1.76408e-16 0)
(3 4.39376e-16 0)
(3 7.67465e-16 0)
(3 1.86879e-16 0)
(3 -4.98051e-16 0)
(3 -8.09706e-16 0)
(3 -9.07248e-16 0)
(3 -1.12657e-15 0)
(3 -1.75226e-15 0)
(3 -2.35717e-15 0)
(3 -7.50293e-16 0)
(3 3.37933e-16 0)
(3 5.71291e-16 0)
(3 1.73066e-16 0)
(3 -4.67148e-17 0)
(3 3.15717e-16 0)
(3 5.70423e-16 0)
(3 7.10524e-16 0)
(3 3.84863e-16 0)
(3 6.97975e-16 0)
(3 1.07249e-15 0)
(3 1.68752e-15 0)
(3 2.17327e-15 0)
(3 2.10772e-15 0)
(3 1.65852e-15 0)
(3 4.16224e-16 0)
(3 -2.68903e-17 0)
(3 5.34337e-16 0)
(3 1.19126e-15 0)
(3 1.46479e-15 0)
(3 1.99267e-15 0)
(3 1.91879e-15 0)
(3 1.22412e-15 0)
(3 1.16482e-15 0)
(3 3.97821e-16 0)
(3 1.18321e-16 0)
(3 2.26878e-16 0)
(3 8.66012e-16 0)
(3 -7.7188e-18 0)
(3 -3.16709e-18 0)
(3 2.90364e-16 0)
(3 5.54727e-17 0)
(3 -1.90036e-16 0)
(3 -2.91307e-16 0)
(3 -3.59533e-16 0)
(3 -5.31923e-16 0)
(3 -5.26391e-19 0)
(3 6.61167e-16 0)
(3 5.16755e-16 0)
(3 6.41803e-16 0)
(3 1.03534e-15 0)
(3 1.06103e-15 0)
(3 5.19491e-16 0)
(3 -4.07139e-16 0)
(3 -1.51896e-15 0)
(3 -1.63157e-15 0)
(3 -1.53462e-15 0)
(3 -1.49676e-15 0)
(3 -8.26945e-16 0)
(3 -2.07594e-16 0)
(3 9.43429e-17 0)
(3 6.40526e-16 0)
(3 9.29772e-16 0)
(3 8.10893e-16 0)
(3 3.7445e-16 0)
(3 1.6795e-16 0)
(3 2.76395e-16 0)
(3 3.33146e-16 0)
(3 1.16835e-15 0)
(3 1.51986e-15 0)
(3 1.46611e-15 0)
(3 1.13137e-15 0)
(3 8.79792e-16 0)
(3 7.52131e-16 0)
(3 3.21939e-16 0)
(3 5.68062e-16 0)
(3 9.49726e-16 0)
(3 1.4644e-15 0)
(3 1.74675e-15 0)
(3 1.47628e-15 0)
(3 9.35017e-16 0)
(3 4.97607e-16 0)
(3 1.25836e-16 0)
(3 -1.50469e-16 0)
(3 7.77254e-16 0)
(3 1.69831e-15 0)
(3 1.11636e-16 0)
(3 -6.96359e-17 0)
(3 -2.1171e-16 0)
(3 -2.02934e-16 0)
(3 1.7572e-16 0)
(3 6.93739e-16 0)
(3 7.36072e-16 0)
(3 3.34871e-16 0)
(3 5.90496e-16 0)
(3 8.79929e-16 0)
(3 5.2497e-16 0)
(3 2.51163e-16 0)
(3 4.97508e-17 0)
(3 -1.59423e-16 0)
(3 -6.14792e-17 0)
(3 -2.89799e-16 0)
(3 -8.19628e-16 0)
(3 -6.88446e-16 0)
(3 -2.0245e-16 0)
(3 1.90782e-16 0)
(3 -9.6314e-16 0)
(3 -1.49813e-15 0)
(3 -4.73172e-16 0)
(3 7.42215e-16 0)
(3 1.50779e-15 0)
(3 1.41109e-15 0)
(3 1.28262e-15 0)
(3 7.80944e-16 0)
(3 2.32508e-16 0)
(3 2.42792e-16 0)
(3 8.37222e-16 0)
(3 8.23992e-16 0)
(3 8.61505e-16 0)
(3 7.27076e-16 0)
(3 6.90483e-16 0)
(3 4.92155e-16 0)
(3 -2.68792e-18 0)
(3 -4.03846e-16 0)
(3 1.98989e-16 0)
(3 8.31337e-16 0)
(3 1.36734e-15 0)
(3 1.32062e-15 0)
(3 9.27342e-16 0)
(3 5.25767e-16 0)
(3 6.53536e-16 0)
(3 2.06164e-16 0)
(3 4.22194e-16 0)
(3 5.76662e-16 0)
(3 -1.04673e-17 0)
(3 -7.11902e-17 0)
(3 -1.00368e-16 0)
(3 -8.51422e-17 0)
(3 9.9673e-17 0)
(3 6.24926e-16 0)
(3 7.88161e-16 0)
(3 1.05157e-15 0)
(3 8.72558e-16 0)
(3 1.49809e-16 0)
(3 -5.5901e-16 0)
(3 -4.69467e-16 0)
(3 -9.69343e-16 0)
(3 -5.44643e-16 0)
(3 -1.39788e-16 0)
(3 7.65062e-16 0)
(3 1.05952e-15 0)
(3 8.04999e-16 0)
(3 4.05442e-16 0)
(3 5.41424e-16 0)
(3 -3.78052e-16 0)
(3 -1.214e-15 0)
(3 -1.55283e-16 0)
(3 -6.81008e-18 0)
(3 1.3711e-15 0)
(3 2.3481e-15 0)
(3 1.94311e-15 0)
(3 7.59204e-16 0)
(3 5.37376e-16 0)
(3 1.15483e-16 0)
(3 -4.19027e-16 0)
(3 -5.02051e-16 0)
(3 3.29716e-16 0)
(3 9.30393e-16 0)
(3 9.0103e-16 0)
(3 4.93697e-16 0)
(3 2.62695e-16 0)
(3 3.58315e-16 0)
(3 1.80466e-16 0)
(3 1.40745e-16 0)
(3 5.82347e-16 0)
(3 8.60776e-16 0)
(3 1.06997e-15 0)
(3 1.28712e-15 0)
(3 1.20325e-15 0)
(3 8.07822e-16 0)
(3 1.18368e-15 0)
(3 6.48776e-16 0)
(3 1.87087e-16 0)
(3 2.3226e-16 0)
(3 -3.20523e-18 0)
(3 -9.85527e-18 0)
(3 -3.01108e-16 0)
(3 -2.80478e-16 0)
(3 2.23287e-16 0)
(3 1.10676e-15 0)
(3 3.71327e-16 0)
(3 -2.12196e-17 0)
(3 -8.64517e-17 0)
(3 -5.13484e-16 0)
(3 -5.55112e-16 0)
(3 -1.04033e-16 0)
(3 -1.11935e-16 0)
(3 5.90694e-16 0)
(3 1.18556e-15 0)
(3 9.36075e-16 0)
(3 2.4479e-16 0)
(3 5.76865e-16 0)
(3 8.82512e-16 0)
(3 1.49085e-15 0)
(3 8.24055e-16 0)
(3 3.31899e-16 0)
(3 5.21809e-16 0)
(3 1.43839e-15 0)
(3 1.08882e-15 0)
(3 1.58355e-15 0)
(3 2.51417e-15 0)
(3 2.76787e-15 0)
(3 3.42364e-16 0)
(3 5.22505e-17 0)
(3 -5.42439e-17 0)
(3 -1.93499e-16 0)
(3 4.01939e-17 0)
(3 5.02101e-16 0)
(3 1.16268e-15 0)
(3 9.18215e-16 0)
(3 3.56347e-16 0)
(3 2.44736e-16 0)
(3 -1.48744e-16 0)
(3 1.50782e-16 0)
(3 9.10085e-16 0)
(3 1.86557e-15 0)
(3 2.37881e-15 0)
(3 1.84529e-15 0)
(3 1.62342e-15 0)
(3 1.9536e-15 0)
(3 1.90393e-16 0)
(3 4.48968e-16 0)
(3 5.18427e-16 0)
(3 5.90218e-16 0)
(3 7.35859e-16 0)
(3 3.88806e-16 0)
(3 3.35615e-16 0)
(3 -7.06385e-18 0)
(3 -1.1978e-15 0)
(3 -1.25192e-15 0)
(3 -5.18675e-16 0)
(3 2.66975e-16 0)
(3 7.15776e-16 0)
(3 3.30014e-16 0)
(3 -4.0115e-16 0)
(3 -1.09949e-15 0)
(3 -4.31793e-16 0)
(3 3.87726e-16 0)
(3 4.21302e-16 0)
(3 2.36927e-16 0)
(3 9.07722e-16 0)
(3 1.50477e-15 0)
(3 1.02812e-15 0)
(3 5.22702e-16 0)
(3 4.36521e-16 0)
(3 6.70075e-16 0)
(3 1.14008e-15 0)
(3 1.0705e-15 0)
(3 1.26822e-15 0)
(3 1.15585e-15 0)
(3 1.44347e-15 0)
(3 8.32442e-16 0)
(3 -2.66416e-16 0)
(3 -7.65904e-16 0)
(3 -7.47272e-16 0)
(3 -3.74903e-16 0)
(3 -1.38957e-16 0)
(3 -2.61258e-16 0)
(3 -2.29718e-16 0)
(3 -5.55951e-17 0)
(3 -2.12624e-16 0)
(3 2.88139e-16 0)
(3 8.16965e-16 0)
(3 8.36921e-16 0)
(3 1.36275e-15 0)
(3 1.62439e-15 0)
(3 1.04043e-15 0)
(3 5.51596e-16 0)
(3 -2.70505e-16 0)
(3 -2.26378e-17 0)
(3 1.64997e-16 0)
(3 2.76586e-16 0)
(3 4.04296e-16 0)
(3 -3.7429e-17 0)
(3 -4.95105e-16 0)
(3 -1.53752e-15 0)
(3 -1.62409e-15 0)
(3 -1.47998e-15 0)
(3 -9.32305e-16 0)
(3 3.3344e-16 0)
(3 5.64299e-16 0)
(3 -4.62406e-16 0)
(3 -1.15008e-15 0)
(3 -2.52524e-15 0)
(3 -2.54939e-15 0)
(3 -1.9096e-15 0)
(3 -1.22944e-15 0)
(3 -9.007e-16 0)
(3 1.09295e-15 0)
(3 1.39176e-15 0)
(3 -1.47361e-16 0)
(3 -7.54635e-16 0)
(3 -1.12627e-15 0)
(3 -1.13102e-15 0)
(3 -1.98904e-16 0)
(3 -5.07348e-16 0)
(3 -5.84609e-16 0)
(3 -2.51057e-16 0)
(3 -2.91963e-16 0)
(3 5.71155e-16 0)
(3 -3.8329e-16 0)
(3 -7.68121e-16 0)
(3 -1.86433e-15 0)
(3 -1.20818e-15 0)
(3 -1.42306e-15 0)
(3 -1.06901e-15 0)
(3 -6.77778e-16 0)
(3 -4.49186e-16 0)
(3 -3.50474e-16 0)
(3 2.96102e-16 0)
(3 5.96304e-16 0)
(3 7.07395e-16 0)
(3 4.86291e-16 0)
(3 6.73742e-16 0)
(3 -1.06062e-16 0)
(3 -6.2706e-16 0)
(3 -6.3192e-17 0)
(3 -1.78686e-16 0)
(3 -1.38405e-16 0)
(3 -3.82792e-16 0)
(3 -7.37489e-16 0)
(3 -1.08113e-15 0)
(3 -1.21797e-15 0)
(3 -8.33227e-16 0)
(3 2.89291e-16 0)
(3 6.86464e-16 0)
(3 8.63714e-16 0)
(3 5.20738e-16 0)
(3 -2.75493e-16 0)
(3 -2.47129e-16 0)
(3 -6.73936e-17 0)
(3 -1.41475e-15 0)
(3 -1.74506e-15 0)
(3 -1.80228e-15 0)
(3 -1.08918e-15 0)
(3 4.83225e-16 0)
(3 9.44618e-16 0)
(3 6.85043e-16 0)
(3 -8.43664e-16 0)
(3 -1.27215e-15 0)
(3 -2.05245e-15 0)
(3 -2.1608e-15 0)
(3 -1.94087e-15 0)
(3 -1.89638e-15 0)
(3 -1.62972e-15 0)
(3 -1.25702e-15 0)
(3 -6.70083e-16 0)
(3 -1.10405e-15 0)
(3 -2.00725e-15 0)
(3 -2.68866e-15 0)
(3 -3.38618e-15 0)
(3 -2.36127e-15 0)
(3 -1.19706e-15 0)
(3 -2.39765e-16 0)
(3 -7.25149e-17 0)
(3 -5.4499e-16 0)
(3 -2.67403e-16 0)
(3 -1.71915e-16 0)
(3 -4.68979e-16 0)
(3 -5.41984e-16 0)
(3 -7.17237e-16 0)
(3 -1.11096e-15 0)
(3 -1.19788e-15 0)
(3 -1.92796e-15 0)
(3 1.53803e-16 0)
(3 5.59551e-17 0)
(3 8.04222e-16 0)
(3 8.21204e-16 0)
(3 5.91958e-16 0)
(3 3.71151e-16 0)
(3 6.73411e-17 0)
(3 7.80991e-17 0)
(3 5.96443e-16 0)
(3 1.30203e-15 0)
(3 1.11817e-15 0)
(3 8.01098e-16 0)
(3 4.213e-16 0)
(3 8.27969e-16 0)
(3 1.15117e-15 0)
(3 9.70675e-16 0)
(3 1.00226e-15 0)
(3 1.1069e-15 0)
(3 1.30067e-15 0)
(3 8.92625e-16 0)
(3 2.12551e-16 0)
(3 -9.61867e-16 0)
(3 -1.25139e-15 0)
(3 -1.25518e-15 0)
(3 -8.32624e-16 0)
(3 -5.2801e-16 0)
(3 -1.25112e-15 0)
(3 -1.22599e-15 0)
(3 -1.01442e-15 0)
(3 -9.1366e-16 0)
(3 -8.46592e-16 0)
(3 -1.37364e-15 0)
(3 -1.77007e-15 0)
(3 -1.73752e-15 0)
(3 -1.74049e-15 0)
(3 -7.19648e-16 0)
(3 3.04712e-16 0)
(3 1.7671e-16 0)
(3 -3.4873e-16 0)
(3 -6.71681e-16 0)
(3 -4.79398e-16 0)
(3 -4.38034e-16 0)
(3 -1.1607e-15 0)
(3 -2.08202e-15 0)
(3 -2.74722e-15 0)
(3 -2.5654e-15 0)
(3 -1.76192e-15 0)
(3 -1.24156e-15 0)
(3 1.86264e-16 0)
(3 4.83746e-17 0)
(3 -1.13567e-16 0)
(3 1.64221e-17 0)
(3 2.44467e-16 0)
(3 4.58529e-16 0)
(3 6.36041e-17 0)
(3 -1.49743e-17 0)
(3 2.61949e-17 0)
(3 2.50126e-16 0)
(3 -4.00735e-17 0)
(3 2.86067e-17 0)
(3 5.19835e-16 0)
(3 1.12839e-15 0)
(3 1.62772e-15 0)
(3 2.94675e-15 0)
(3 2.82504e-15 0)
(3 3.01287e-15 0)
(3 2.06397e-15 0)
(3 1.11178e-15 0)
(3 -6.69897e-16 0)
(3 -1.53331e-15 0)
(3 -9.10085e-16 0)
(3 7.39979e-16 0)
(3 1.30347e-15 0)
(3 7.56434e-16 0)
(3 -8.66741e-16 0)
(3 -8.74261e-16 0)
(3 -8.46724e-16 0)
(3 -8.55692e-16 0)
(3 -1.54419e-15 0)
(3 -1.13128e-15 0)
(3 -7.09966e-16 0)
(3 -4.21526e-17 0)
(3 3.42916e-16 0)
(3 4.43678e-16 0)
(3 6.92788e-16 0)
(3 1.54008e-16 0)
(3 -2.77798e-16 0)
(3 -2.10509e-16 0)
(3 -1.31107e-15 0)
(3 -2.17316e-15 0)
(3 -2.74737e-15 0)
(3 -2.80446e-15 0)
(3 -3.04445e-15 0)
(3 -2.46441e-15 0)
(3 -1.43153e-15 0)
(3 -6.50407e-16 0)
(3 -2.77852e-16 0)
(3 -2.26808e-16 0)
(3 -7.77027e-16 0)
(3 -9.50145e-16 0)
(3 -1.07922e-15 0)
(3 -7.95335e-16 0)
(3 -7.65908e-16 0)
(3 -3.08473e-16 0)
(3 -1.11532e-16 0)
(3 -1.10528e-16 0)
(3 6.305e-17 0)
(3 1.99292e-16 0)
(3 2.81928e-16 0)
(3 2.76897e-16 0)
(3 8.25094e-16 0)
(3 1.88064e-15 0)
(3 2.47115e-15 0)
(3 2.24436e-15 0)
(3 1.44326e-15 0)
(3 2.57677e-16 0)
(3 -2.37613e-16 0)
(3 -1.2584e-16 0)
(3 4.84522e-16 0)
(3 1.21833e-15 0)
(3 1.28654e-15 0)
(3 -7.23255e-16 0)
(3 -2.66131e-15 0)
(3 -2.58122e-15 0)
(3 -2.48659e-15 0)
(3 -1.87846e-15 0)
(3 -1.49287e-15 0)
(3 -1.46145e-15 0)
(3 -7.83725e-16 0)
(3 -2.81334e-16 0)
(3 7.96985e-16 0)
(3 9.98025e-16 0)
(3 3.07118e-16 0)
(3 -7.7567e-17 0)
(3 -6.00616e-16 0)
(3 -8.58196e-16 0)
(3 -1.66298e-15 0)
(3 -2.45335e-15 0)
(3 -2.45752e-15 0)
(3 -2.46224e-15 0)
(3 -1.51501e-15 0)
(3 -8.40137e-16 0)
(3 -7.93361e-16 0)
(3 -8.01527e-16 0)
(3 -7.12359e-17 0)
(3 -2.52382e-16 0)
(3 -3.84986e-16 0)
(3 -6.19972e-16 0)
(3 -1.03341e-16 0)
(3 7.1279e-17 0)
(3 2.17982e-16 0)
(3 1.85177e-16 0)
(3 -5.42206e-16 0)
(3 -5.0419e-16 0)
(3 1.20933e-16 0)
(3 5.28026e-16 0)
(3 1.48482e-16 0)
(3 -1.04658e-16 0)
(3 3.25939e-16 0)
(3 5.04176e-16 0)
(3 1.8806e-16 0)
(3 -1.0172e-16 0)
(3 -3.96393e-16 0)
(3 -1.00109e-15 0)
(3 9.95038e-17 0)
(3 1.07918e-15 0)
(3 7.41922e-16 0)
(3 -4.78109e-17 0)
(3 -1.61267e-15 0)
(3 -1.88134e-15 0)
(3 -2.5779e-15 0)
(3 -3.07358e-15 0)
(3 -2.87082e-15 0)
(3 -1.77246e-15 0)
(3 -1.25749e-15 0)
(3 -1.42672e-15 0)
(3 -9.92658e-16 0)
(3 3.38291e-16 0)
(3 1.65251e-15 0)
(3 1.85865e-15 0)
(3 1.49866e-15 0)
(3 8.2554e-16 0)
(3 1.71257e-16 0)
(3 -2.77834e-16 0)
(3 -4.18476e-16 0)
(3 -5.17805e-16 0)
(3 -1.50395e-15 0)
(3 -1.51659e-15 0)
(3 -7.12142e-16 0)
(3 -2.27803e-16 0)
(3 -9.95288e-18 0)
(3 3.18647e-17 0)
(3 2.8708e-16 0)
(3 -1.3956e-16 0)
(3 2.95623e-16 0)
(3 3.86974e-16 0)
(3 7.18388e-16 0)
(3 5.79297e-16 0)
(3 3.81164e-16 0)
(3 -1.29601e-16 0)
(3 -1.00755e-15 0)
(3 -1.24138e-15 0)
(3 -8.42754e-16 0)
(3 -1.65271e-16 0)
(3 -1.65201e-16 0)
(3 3.12392e-16 0)
(3 5.22242e-16 0)
(3 4.99107e-16 0)
(3 -2.44614e-16 0)
(3 -1.38934e-16 0)
(3 7.12415e-18 0)
(3 2.56506e-16 0)
(3 4.53644e-17 0)
(3 -2.78163e-16 0)
(3 -7.80377e-16 0)
(3 -2.14265e-15 0)
(3 -3.52364e-15 0)
(3 -3.24961e-15 0)
(3 -1.58201e-15 0)
(3 -1.51734e-15 0)
(3 -1.91298e-15 0)
(3 -2.4748e-15 0)
(3 -2.47271e-15 0)
(3 -1.77585e-15 0)
(3 -5.56231e-16 0)
(3 2.25107e-16 0)
(3 1.64671e-15 0)
(3 1.30809e-15 0)
(3 8.46503e-16 0)
(3 2.30779e-16 0)
(3 2.16668e-16 0)
(3 1.54684e-16 0)
(3 -6.39847e-18 0)
(3 -6.68689e-16 0)
(3 -1.24286e-15 0)
(3 -1.78308e-15 0)
(3 -1.65368e-15 0)
(3 -5.57753e-16 0)
(3 1.10382e-15 0)
(3 1.15928e-15 0)
(3 -1.18859e-16 0)
(3 1.17047e-17 0)
(3 2.69359e-16 0)
(3 8.78935e-16 0)
(3 9.49301e-16 0)
(3 5.43372e-16 0)
(3 6.93146e-16 0)
(3 1.57342e-16 0)
(3 -1.68602e-16 0)
(3 -3.57775e-16 0)
(3 -9.82459e-16 0)
(3 -3.47733e-16 0)
(3 4.72794e-16 0)
(3 9.32531e-16 0)
(3 9.44521e-16 0)
(3 7.64368e-17 0)
(3 5.78142e-16 0)
(3 1.73518e-15 0)
(3 1.6063e-15 0)
(3 1.02543e-15 0)
(3 -9.93688e-17 0)
(3 -1.4057e-15 0)
(3 -1.77431e-15 0)
(3 -2.3988e-15 0)
(3 -2.7807e-15 0)
(3 -2.31963e-15 0)
(3 -1.53399e-15 0)
(3 -1.20664e-15 0)
(3 -1.72742e-15 0)
(3 -2.1558e-15 0)
(3 -2.04191e-15 0)
(3 -1.09428e-15 0)
(3 -1.26979e-16 0)
(3 9.79129e-17 0)
(3 -3.11193e-16 0)
(3 -5.81941e-16 0)
(3 -6.3422e-16 0)
(3 -7.59667e-16 0)
(3 -6.40169e-16 0)
(3 -3.48372e-16 0)
(3 -8.8695e-16 0)
(3 -6.14023e-16 0)
(3 5.05285e-16 0)
(3 5.05908e-16 0)
(3 -1.03212e-16 0)
(3 -1.03017e-16 0)
(3 1.51115e-15 0)
(3 1.39311e-15 0)
(3 1.22614e-16 0)
(3 1.9991e-16 0)
(3 -6.48321e-17 0)
(3 -4.6029e-17 0)
(3 1.27149e-16 0)
(3 6.62629e-16 0)
(3 7.9522e-16 0)
(3 7.37708e-16 0)
(3 7.98238e-16 0)
(3 3.81998e-16 0)
(3 -2.47884e-16 0)
(3 -9.94542e-17 0)
(3 8.9994e-16 0)
(3 1.45039e-15 0)
(3 1.22358e-15 0)
(3 1.17987e-15 0)
(3 1.64823e-15 0)
(3 1.65841e-15 0)
(3 1.11737e-15 0)
(3 2.05168e-17 0)
(3 -6.58232e-16 0)
(3 -9.58828e-16 0)
(3 -1.65782e-15 0)
(3 -1.60893e-15 0)
(3 -1.40429e-15 0)
(3 -1.66393e-15 0)
(3 -2.00718e-15 0)
(3 -1.94983e-15 0)
(3 -7.6877e-16 0)
(3 -5.61703e-16 0)
(3 -4.4628e-16 0)
(3 -6.24218e-16 0)
(3 -3.55484e-16 0)
(3 -5.34359e-17 0)
(3 -5.23918e-16 0)
(3 -9.30727e-16 0)
(3 -9.69598e-16 0)
(3 1.09671e-16 0)
(3 4.1325e-16 0)
(3 4.43752e-16 0)
(3 -4.68405e-16 0)
(3 -1.99628e-16 0)
(3 2.70954e-16 0)
(3 1.60601e-15 0)
(3 1.61684e-15 0)
(3 8.96117e-16 0)
(3 1.03732e-15 0)
(3 1.30408e-15 0)
(3 2.22316e-16 0)
(3 5.22768e-16 0)
(3 5.31628e-17 0)
(3 -3.11519e-16 0)
(3 -5.81083e-16 0)
(3 -1.9961e-16 0)
(3 3.16084e-16 0)
(3 1.30704e-15 0)
(3 1.40537e-15 0)
(3 8.17669e-16 0)
(3 7.02497e-16 0)
(3 4.42315e-16 0)
(3 2.79363e-16 0)
(3 3.9319e-16 0)
(3 -4.30619e-18 0)
(3 1.2519e-15 0)
(3 1.58359e-15 0)
(3 1.19122e-15 0)
(3 1.03185e-16 0)
(3 -1.43728e-16 0)
(3 -1.47835e-16 0)
(3 4.18494e-17 0)
(3 -5.26715e-16 0)
(3 -5.19789e-16 0)
(3 -3.96921e-16 0)
(3 -3.79618e-16 0)
(3 -1.07368e-15 0)
(3 -1.22631e-15 0)
(3 -1.40214e-15 0)
(3 -1.69463e-15 0)
(3 -1.66925e-15 0)
(3 1.82524e-17 0)
(3 8.15433e-16 0)
(3 2.44029e-16 0)
(3 -7.61811e-17 0)
(3 -8.99717e-16 0)
(3 -1.05571e-15 0)
(3 -3.79136e-16 0)
(3 3.00206e-16 0)
(3 5.55149e-16 0)
(3 9.31007e-16 0)
(3 6.18895e-16 0)
(3 -6.86e-17 0)
(3 4.98674e-16 0)
(3 1.1561e-15 0)
(3 1.56529e-15 0)
(3 1.48181e-15 0)
(3 1.75199e-15 0)
(3 6.81213e-17 0)
(3 4.0909e-17 0)
(3 -8.18845e-17 0)
(3 -1.64999e-16 0)
(3 1.45232e-18 0)
(3 -3.71417e-17 0)
(3 5.62405e-16 0)
(3 1.03786e-15 0)
(3 1.38066e-15 0)
(3 1.09062e-15 0)
(3 4.02216e-16 0)
(3 -1.66791e-16 0)
(3 -5.41395e-16 0)
(3 1.1225e-16 0)
(3 8.13723e-16 0)
(3 3.64767e-16 0)
(3 5.10906e-16 0)
(3 4.94681e-16 0)
(3 4.96214e-16 0)
(3 9.30421e-16 0)
(3 6.37473e-16 0)
(3 3.13217e-17 0)
(3 9.53961e-18 0)
(3 3.18264e-16 0)
(3 5.57654e-16 0)
(3 5.56241e-16 0)
(3 6.00596e-16 0)
(3 1.70583e-16 0)
(3 -1.53697e-16 0)
(3 -5.43744e-16 0)
(3 -5.76868e-16 0)
(3 1.27155e-16 0)
(3 7.33518e-16 0)
(3 6.20416e-17 0)
(3 -8.30065e-16 0)
(3 -1.09953e-15 0)
(3 -6.49289e-16 0)
(3 -2.67061e-16 0)
(3 3.33204e-16 0)
(3 1.26777e-15 0)
(3 1.43664e-15 0)
(3 3.77428e-16 0)
(3 8.05722e-16 0)
(3 1.23569e-15 0)
(3 1.20319e-15 0)
(3 7.15949e-16 0)
(3 -1.02369e-16 0)
(3 -2.27911e-17 0)
(3 2.44851e-19 0)
(3 -2.76526e-17 0)
(3 1.11017e-17 0)
(3 1.41718e-16 0)
(3 2.67067e-16 0)
(3 1.69743e-16 0)
(3 -5.58972e-17 0)
(3 -1.58836e-16 0)
(3 5.30517e-16 0)
(3 5.07127e-16 0)
(3 1.47289e-16 0)
(3 -2.862e-16 0)
(3 -3.55039e-16 0)
(3 3.24766e-16 0)
(3 5.05464e-16 0)
(3 2.57607e-16 0)
(3 3.26458e-16 0)
(3 5.29536e-16 0)
(3 6.67018e-16 0)
(3 6.4819e-16 0)
(3 -6.64088e-17 0)
(3 -7.88973e-16 0)
(3 -5.05883e-16 0)
(3 9.52222e-17 0)
(3 7.372e-16 0)
(3 5.87706e-16 0)
(3 1.55057e-16 0)
(3 -9.59663e-17 0)
(3 3.52528e-16 0)
(3 6.2887e-16 0)
(3 2.23262e-17 0)
(3 9.34676e-18 0)
(3 -9.63889e-17 0)
(3 -4.19267e-16 0)
(3 -6.0775e-16 0)
(3 -4.57408e-16 0)
(3 -1.05184e-16 0)
(3 5.20464e-16 0)
(3 9.96096e-16 0)
(3 1.51336e-15 0)
(3 5.49807e-16 0)
(3 2.01706e-16 0)
(3 8.98483e-16 0)
(3 9.83063e-16 0)
(3 8.48296e-16 0)
(3 1.00642e-16 0)
(3 -8.17761e-16 0)
(3 -7.25538e-16 0)
(2.56119 0.352268 0)
(2.58257 0.332655 0)
(2.579 0.345332 0)
(2.51766 0.409119 0)
(2.19546 0.665165 0)
(1.9342 0.831336 0)
(3 1.18327e-15 0)
(3 1.48437e-15 0)
(3 1.47906e-15 0)
(3 1.41922e-15 0)
(3 3.32593e-17 0)
(3 4.18224e-13 0)
(3 5.55349e-09 0)
(3 6.4887e-06 0)
(2.99921 0.00228701 0)
(2.96611 0.0623213 0)
(2.62671 0.481931 0)
(2.22497 0.83752 0)
(2.06624 0.931793 0)
(2.0652 0.932654 0)
(2.08314 0.921721 0)
(2.11047 0.903373 0)
(2.14571 0.865514 0)
(2.16219 0.835616 0)
(2.16944 0.840327 0)
(2.1769 0.840046 0)
(2.21059 0.810824 0)
(2.25153 0.762907 0)
(2.27405 0.729029 0)
(2.2816 0.737113 0)
(2.27821 0.744096 0)
(2.30148 0.717968 0)
(2.33664 0.670067 0)
(2.35682 0.632673 0)
(2.36795 0.637084 0)
(2.36804 0.642701 0)
(2.38895 0.617401 0)
(2.4177 0.573171 0)
(2.4327 0.539474 0)
(2.44143 0.544966 0)
(2.43959 0.550352 0)
(2.4604 0.52432 0)
(2.48675 0.480221 0)
(2.50077 0.448127 0)
(2.50919 0.452956 0)
(2.50616 0.458679 0)
(2.52183 0.436858 0)
(2.54469 0.398245 0)
(2.5561 0.372781 0)
(2.57013 0.371399 0)
(2.58043 0.355448 0)
(2.57481 0.357853 0)
(2.46525 0.464726 0)
(2.15062 0.715678 0)
(3 6.29209e-16 0)
(3 1.36249e-15 0)
(3 1.32652e-15 0)
(3 1.15881e-15 0)
(3 3.7661e-16 0)
(3 4.89406e-16 0)
(3 9.69258e-13 0)
(3 1.1162e-08 0)
(3 1.03664e-05 0)
(2.99911 0.00265932 0)
(2.96452 0.0650007 0)
(2.61754 0.490595 0)
(2.2526 0.819764 0)
(2.08469 0.925089 0)
(2.08222 0.931646 0)
(2.09904 0.921694 0)
(2.12849 0.889232 0)
(2.14719 0.86295 0)
(2.15732 0.865624 0)
(2.17906 0.850885 0)
(2.22146 0.813717 0)
(2.25148 0.770524 0)
(2.26356 0.759822 0)
(2.25989 0.775339 0)
(2.26361 0.765251 0)
(2.30195 0.728297 0)
(2.33344 0.678219 0)
(2.35118 0.656849 0)
(2.35697 0.669337 0)
(2.35851 0.665816 0)
(2.38761 0.633685 0)
(2.41185 0.588273 0)
(2.42559 0.567145 0)
(2.43074 0.578683 0)
(2.43307 0.573328 0)
(2.46153 0.539956 0)
(2.48167 0.495203 0)
(2.49334 0.475717 0)
(2.49692 0.487816 0)
(2.49573 0.484145 0)
(2.52136 0.455569 0)
(2.54074 0.414963 0)
(2.55186 0.396388 0)
(2.55764 0.403866 0)
(2.5657 0.393824 0)
(2.57822 0.35905 0)
(2.5678 0.368024 0)
(2.41049 0.525632 0)
(3 9.61498e-17 0)
(3 3.1634e-16 0)
(3 6.99749e-16 0)
(3 6.91045e-16 0)
(3 9.76248e-16 0)
(3 1.17447e-15 0)
(3 7.28322e-16 0)
(3 2.5543e-12 0)
(3 1.77369e-08 0)
(2.99999 1.35407e-05 0)
(2.99904 0.00275702 0)
(2.95918 0.0698807 0)
(2.63885 0.477017 0)
(2.28335 0.801429 0)
(2.09935 0.931557 0)
(2.08972 0.936729 0)
(2.10304 0.918245 0)
(2.12897 0.891948 0)
(2.15257 0.879907 0)
(2.19277 0.852137 0)
(2.22955 0.812447 0)
(2.24674 0.78748 0)
(2.24718 0.798153 0)
(2.23873 0.805208 0)
(2.26159 0.777958 0)
(2.30381 0.732065 0)
(2.32936 0.689785 0)
(2.34252 0.687764 0)
(2.34174 0.699903 0)
(2.35252 0.683582 0)
(2.38588 0.644034 0)
(2.40665 0.602342 0)
(2.41935 0.596412 0)
(2.42048 0.608308 0)
(2.42981 0.593347 0)
(2.45899 0.55464 0)
(2.47447 0.513845 0)
(2.48489 0.507729 0)
(2.48541 0.519097 0)
(2.49344 0.504589 0)
(2.52103 0.469786 0)
(2.53588 0.431681 0)
(2.54615 0.423983 0)
(2.54502 0.436749 0)
(2.55201 0.423806 0)
(2.57631 0.37611 0)
(2.57967 0.367007 0)
(2.55621 0.39641 0)
(3 -3.30213e-16 0)
(3 1.44921e-16 0)
(3 5.5084e-16 0)
(3 5.68854e-16 0)
(3 6.07062e-16 0)
(3 1.23488e-15 0)
(3 3.96455e-16 0)
(3 6.84794e-16 0)
(3 4.1602e-12 0)
(3 2.32861e-08 0)
(2.99999 1.55949e-05 0)
(2.99891 0.00273612 0)
(2.95728 0.0741041 0)
(2.69682 0.437096 0)
(2.25745 0.831198 0)
(2.10827 0.945964 0)
(2.10226 0.920339 0)
(2.12619 0.903661 0)
(2.16037 0.885612 0)
(2.20093 0.856867 0)
(2.22258 0.827008 0)
(2.22671 0.82378 0)
(2.21945 0.837199 0)
(2.22668 0.82052 0)
(2.26928 0.780749 0)
(2.30487 0.731698 0)
(2.32413 0.708672 0)
(2.32805 0.723356 0)
(2.32424 0.727055 0)
(2.35055 0.700292 0)
(2.38281 0.654523 0)
(2.40113 0.621436 0)
(2.41039 0.627864 0)
(2.40848 0.634191 0)
(2.42718 0.610217 0)
(2.45376 0.568146 0)
(2.46733 0.535494 0)
(2.4765 0.539669 0)
(2.47605 0.545652 0)
(2.49401 0.523591 0)
(2.51777 0.484313 0)
(2.5291 0.452542 0)
(2.53728 0.456203 0)
(2.53311 0.465173 0)
(2.54907 0.442793 0)
(2.56986 0.401412 0)
(2.58255 0.378694 0)
(2.58464 0.386981 0)
(3 -1.61688e-16 0)
(3 1.83271e-16 0)
(3 -1.42474e-17 0)
(3 4.72975e-17 0)
(3 1.79895e-16 0)
(3 5.12906e-16 0)
(3 9.46725e-16 0)
(3 5.85667e-16 0)
(3 9.28447e-16 0)
(3 5.89103e-12 0)
(3 2.82539e-08 0)
(2.99999 1.5773e-05 0)
(2.99881 0.00283047 0)
(2.96691 0.0682926 0)
(2.68989 0.434227 0)
(2.24767 0.851065 0)
(2.15255 0.892731 0)
(2.14567 0.907505 0)
(2.16308 0.899112 0)
(2.19154 0.878854 0)
(2.20316 0.856993 0)
(2.19931 0.862848 0)
(2.19942 0.858684 0)
(2.23213 0.824327 0)
(2.27637 0.776959 0)
(2.30191 0.739253 0)
(2.31271 0.741185 0)
(2.30751 0.758272 0)
(2.31472 0.745792 0)
(2.35216 0.709101 0)
(2.37924 0.662349 0)
(2.39442 0.646497 0)
(2.39639 0.660798 0)
(2.39592 0.656199 0)
(2.42441 0.624506 0)
(2.44779 0.581266 0)
(2.46153 0.55918 0)
(2.46798 0.569033 0)
(2.46835 0.567685 0)
(2.49219 0.540611 0)
(2.51122 0.500213 0)
(2.52145 0.47817 0)
(2.52782 0.487897 0)
(2.52737 0.487505 0)
(2.5476 0.460326 0)
(2.56391 0.42015 0)
(2.57642 0.401335 0)
(2.58573 0.399873 0)
(3 -7.82606e-16 0)
(3 -7.56114e-16 0)
(3 -1.04101e-15 0)
(3 -1.1505e-15 0)
(3 -4.77429e-16 0)
(3 -2.34797e-17 0)
(3 5.51004e-16 0)
(3 5.77042e-16 0)
(3 7.80291e-16 0)
(3 2.62309e-15 0)
(3 7.44803e-12 0)
(3 3.13014e-08 0)
(2.99999 1.56954e-05 0)
(2.99898 0.00272052 0)
(2.96959 0.0627015 0)
(2.6804 0.427131 0)
(2.34271 0.762359 0)
(2.19323 0.874015 0)
(2.16424 0.916232 0)
(2.1626 0.914487 0)
(2.17004 0.897809 0)
(2.17476 0.890945 0)
(2.1965 0.862752 0)
(2.2456 0.818087 0)
(2.27771 0.775531 0)
(2.29349 0.760776 0)
(2.29326 0.779709 0)
(2.28789 0.784742 0)
(2.31483 0.759147 0)
(2.3522 0.713096 0)
(2.37338 0.675307 0)
(2.38309 0.679177 0)
(2.37864 0.691362 0)
(2.38971 0.672353 0)
(2.4224 0.632864 0)
(2.44199 0.593385 0)
(2.4542 0.586786 0)
(2.45462 0.599038 0)
(2.45968 0.588366 0)
(2.48734 0.556184 0)
(2.50407 0.517092 0)
(2.51563 0.504167 0)
(2.5208 0.51486 0)
(2.52404 0.507291 0)
(2.54587 0.474544 0)
(2.5561 0.439005 0)
(2.56488 0.429452 0)
(2.57197 0.434154 0)
(3 -1.328e-15 0)
(3 -1.66539e-15 0)
(3 -1.892e-15 0)
(3 -2.29525e-15 0)
(3 -1.70482e-15 0)
(3 -6.36504e-16 0)
(3 2.96007e-16 0)
(3 8.71994e-16 0)
(3 1.56394e-15 0)
(3 1.76067e-15 0)
(3 3.03924e-15 0)
(3 9.2995e-12 0)
(3 2.89746e-08 0)
(2.99999 1.53684e-05 0)
(2.99918 0.0023299 0)
(2.9698 0.054147 0)
(2.7433 0.359994 0)
(2.41149 0.706754 0)
(2.18836 0.912975 0)
(2.14434 0.934465 0)
(2.147 0.925611 0)
(2.16329 0.900882 0)
(2.20671 0.855839 0)
(2.25286 0.808834 0)
(2.27311 0.785126 0)
(2.27765 0.796437 0)
(2.26846 0.81494 0)
(2.27755 0.801618 0)
(2.31811 0.766357 0)
(2.34906 0.717443 0)
(2.36609 0.697105 0)
(2.36906 0.712429 0)
(2.36492 0.712882 0)
(2.39013 0.683 0)
(2.41776 0.639302 0)
(2.43346 0.611391 0)
(2.44021 0.620532 0)
(2.43641 0.627181 0)
(2.45423 0.605791 0)
(2.48284 0.568169 0)
(2.49878 0.533125 0)
(2.51079 0.529609 0)
(2.51232 0.540226 0)
(2.51768 0.527634 0)
(2.53837 0.491839 0)
(2.5467 0.458486 0)
(2.55521 0.457421 0)
(2.56033 0.462098 0)
(3 -5.10834e-16 0)
(3 -1.33066e-15 0)
(3 -1.8136e-15 0)
(3 -1.91682e-15 0)
(3 -1.46382e-15 0)
(3 -2.7526e-16 0)
(3 5.77167e-16 0)
(3 8.65901e-16 0)
(3 1.50151e-15 0)
(3 2.02699e-15 0)
(3 2.19214e-15 0)
(3 4.18004e-15 0)
(3 8.88132e-12 0)
(3 2.39427e-08 0)
(2.99999 1.30906e-05 0)
(2.99936 0.00156918 0)
(2.97638 0.0432113 0)
(2.80096 0.309049 0)
(2.39532 0.74531 0)
(2.18282 0.954919 0)
(2.14484 0.922457 0)
(2.17772 0.886499 0)
(2.21757 0.849172 0)
(2.25223 0.815142 0)
(2.26285 0.812847 0)
(2.25613 0.837396 0)
(2.25028 0.838559 0)
(2.27936 0.811304 0)
(2.32018 0.765109 0)
(2.34437 0.725327 0)
(2.35639 0.726719 0)
(2.35327 0.742964 0)
(2.35729 0.729215 0)
(2.38883 0.69107 0)
(2.40894 0.647769 0)
(2.42196 0.637546 0)
(2.42345 0.653195 0)
(2.42535 0.64597 0)
(2.4543 0.61834 0)
(2.47882 0.57736 0)
(2.49369 0.551067 0)
(2.50145 0.558758 0)
(2.49699 0.566985 0)
(2.50823 0.546647 0)
(2.52929 0.507843 0)
(2.53913 0.476872 0)
(2.54991 0.479842 0)
(2.55674 0.483446 0)
(3 1.16005e-15 0)
(3 7.36566e-16 0)
(3 4.82936e-16 0)
(3 5.35614e-16 0)
(3 9.10676e-16 0)
(3 7.99186e-16 0)
(3 3.14297e-16 0)
(3 6.21776e-16 0)
(3 5.93764e-16 0)
(3 1.65471e-15 0)
(3 2.23577e-15 0)
(3 2.75109e-15 0)
(3 4.13305e-15 0)
(3 6.85125e-12 0)
(3 1.76676e-08 0)
(3 8.64667e-06 0)
(2.99947 0.00112333 0)
(2.98087 0.0399611 0)
(2.80372 0.314279 0)
(2.37961 0.800813 0)
(2.23388 0.881263 0)
(2.21621 0.864807 0)
(2.2265 0.856035 0)
(2.2445 0.84257 0)
(2.24324 0.862015 0)
(2.22742 0.876829 0)
(2.24106 0.852769 0)
(2.28369 0.814619 0)
(2.31694 0.764298 0)
(2.33728 0.742268 0)
(2.343 0.758309 0)
(2.33833 0.767208 0)
(2.3537 0.742757 0)
(2.38194 0.698825 0)
(2.39574 0.663223 0)
(2.40737 0.66911 0)
(2.41004 0.679543 0)
(2.42536 0.661323 0)
(2.45594 0.625451 0)
(2.47347 0.586353 0)
(2.48462 0.576037 0)
(2.484 0.591685 0)
(2.47862 0.590322 0)
(2.50078 0.561763 0)
(2.52143 0.522244 0)
(2.53394 0.496816 0)
(2.5463 0.500771 0)
(2.54914 0.50577 0)
(3 2.67781e-15 0)
(3 1.89518e-15 0)
(3 1.86785e-15 0)
(3 1.40498e-15 0)
(3 6.24075e-16 0)
(3 8.94249e-16 0)
(3 1.31327e-15 0)
(3 1.41718e-15 0)
(3 1.57332e-15 0)
(3 1.85687e-15 0)
(3 3.36931e-15 0)
(3 4.31258e-15 0)
(3 2.83271e-15 0)
(3 2.72467e-15 0)
(3 4.73749e-12 0)
(3 1.27872e-08 0)
(3 6.59313e-06 0)
(2.99949 0.00111281 0)
(2.98189 0.0403143 0)
(2.81836 0.294733 0)
(2.48305 0.690683 0)
(2.3004 0.787597 0)
(2.24338 0.86121 0)
(2.22066 0.896506 0)
(2.20085 0.917351 0)
(2.20171 0.900481 0)
(2.23917 0.864246 0)
(2.28692 0.809279 0)
(2.31302 0.767099 0)
(2.32873 0.767118 0)
(2.32979 0.785597 0)
(2.32762 0.78401 0)
(2.34814 0.754089 0)
(2.37102 0.710384 0)
(2.38425 0.683289 0)
(2.3981 0.693078 0)
(2.40703 0.695341 0)
(2.4308 0.672754 0)
(2.45271 0.63389 0)
(2.46246 0.604083 0)
(2.46725 0.610159 0)
(2.46228 0.622614 0)
(2.46897 0.60452 0)
(2.49884 0.569747 0)
(2.51742 0.532045 0)
(2.53171 0.514333 0)
(2.54051 0.523411 0)
(2.54019 0.526142 0)
(3 9.01971e-16 0)
(3 4.83134e-16 0)
(3 3.31457e-16 0)
(3 -1.70355e-16 0)
(3 -6.07132e-16 0)
(3 -3.38898e-16 0)
(3 9.42155e-16 0)
(3 2.18771e-15 0)
(3 2.12525e-15 0)
(3 1.88351e-15 0)
(3 2.43861e-15 0)
(3 3.39133e-15 0)
(3 1.55617e-15 0)
(3 5.82209e-16 0)
(3 1.47519e-15 0)
(3 4.15514e-12 0)
(3 1.19944e-08 0)
(3 6.39875e-06 0)
(2.9996 0.00100614 0)
(2.98833 0.0273728 0)
(2.87542 0.203732 0)
(2.56485 0.554954 0)
(2.30369 0.791877 0)
(2.21451 0.927406 0)
(2.18792 0.944412 0)
(2.19535 0.92053 0)
(2.24267 0.869845 0)
(2.28586 0.799651 0)
(2.30899 0.773844 0)
(2.31997 0.792653 0)
(2.3187 0.809229 0)
(2.31789 0.798939 0)
(2.34043 0.765782 0)
(2.36184 0.723444 0)
(2.37799 0.70048 0)
(2.39546 0.708422 0)
(2.40665 0.711218 0)
(2.4267 0.689294 0)
(2.44007 0.652136 0)
(2.44535 0.632062 0)
(2.44797 0.642577 0)
(2.44887 0.640428 0)
(2.47133 0.612225 0)
(2.49856 0.575863 0)
(2.51375 0.544453 0)
(2.52383 0.540726 0)
(2.52218 0.555006 0)
(2.5211 0.55168 0)
(3 -6.2765e-16 0)
(3 3.36003e-16 0)
(3 2.34903e-16 0)
(3 -1.36621e-16 0)
(3 -2.69319e-16 0)
(3 -9.3553e-16 0)
(3 4.93574e-16 0)
(3 1.07094e-15 0)
(3 8.27606e-16 0)
(3 1.31955e-16 0)
(3 3.18634e-16 0)
(3 4.90281e-16 0)
(3 -6.0661e-17 0)
(3 -4.38793e-16 0)
(3 -5.11645e-16 0)
(3 6.55918e-16 0)
(3 4.49999e-12 0)
(3 8.80697e-09 0)
(3 4.16014e-06 0)
(2.99984 0.000440957 0)
(2.99362 0.0131091 0)
(2.90077 0.152977 0)
(2.60929 0.521322 0)
(2.27347 0.870017 0)
(2.22019 0.958378 0)
(2.20986 0.91547 0)
(2.25523 0.850794 0)
(2.28655 0.7928 0)
(2.30563 0.787994 0)
(2.30959 0.819576 0)
(2.30249 0.83514 0)
(2.30571 0.814473 0)
(2.33286 0.77875 0)
(2.35504 0.735974 0)
(2.37494 0.714218 0)
(2.39389 0.720643 0)
(2.40237 0.727543 0)
(2.41589 0.708718 0)
(2.42565 0.672795 0)
(2.43035 0.660184 0)
(2.43569 0.665342 0)
(2.44801 0.648004 0)
(2.47843 0.616609 0)
(2.49815 0.582388 0)
(2.50924 0.562422 0)
(2.51119 0.573396 0)
(2.5017 0.583795 0)
(2.51261 0.567213 0)
(3 -1.20097e-16 0)
(3 3.94079e-16 0)
(3 4.52148e-16 0)
(3 -2.86704e-16 0)
(3 -3.71933e-16 0)
(3 2.20136e-16 0)
(3 -3.61992e-17 0)
(3 4.75015e-16 0)
(3 2.10517e-16 0)
(3 -4.08885e-16 0)
(3 -1.44431e-15 0)
(3 -2.1463e-15 0)
(3 -9.43215e-16 0)
(3 -3.74274e-16 0)
(3 -1.80026e-16 0)
(3 -2.72815e-16 0)
(3 1.23035e-15 0)
(3 2.0703e-12 0)
(3 2.84312e-09 0)
(3 1.32127e-06 0)
(2.99991 0.000175143 0)
(2.99449 0.0106441 0)
(2.91886 0.137209 0)
(2.61285 0.532662 0)
(2.32188 0.917668 0)
(2.26942 0.87548 0)
(2.27807 0.828545 0)
(2.28927 0.808972 0)
(2.29626 0.824491 0)
(2.29129 0.858174 0)
(2.28594 0.857058 0)
(2.29751 0.82476 0)
(2.32788 0.786778 0)
(2.34963 0.743922 0)
(2.37132 0.728376 0)
(2.38467 0.74141 0)
(2.38601 0.751364 0)
(2.39934 0.732007 0)
(2.41425 0.693468 0)
(2.42192 0.680257 0)
(2.43253 0.67485 0)
(2.4568 0.650947 0)
(2.48064 0.621172 0)
(2.49203 0.596847 0)
(2.49315 0.597047 0)
(2.48189 0.614413 0)
(2.48118 0.607223 0)
(2.51372 0.581355 0)
(3 1.09638e-15 0)
(3 1.67664e-15 0)
(3 1.54108e-15 0)
(3 3.49719e-16 0)
(3 -3.50155e-16 0)
(3 1.54534e-16 0)
(3 5.69344e-16 0)
(3 1.10917e-15 0)
(3 8.9108e-16 0)
(3 -7.60989e-16 0)
(3 -1.70455e-15 0)
(3 -1.58253e-15 0)
(3 -7.77207e-16 0)
(3 -8.90276e-17 0)
(3 1.33827e-16 0)
(3 4.9833e-16 0)
(3 5.65028e-16 0)
(3 7.96289e-17 0)
(3 3.90634e-13 0)
(3 8.11369e-10 0)
(3 8.29473e-07 0)
(2.99992 0.000149449 0)
(2.99533 0.00980886 0)
(2.92561 0.131186 0)
(2.66062 0.533102 0)
(2.43464 0.771029 0)
(2.32068 0.782584 0)
(2.29324 0.839756 0)
(2.26778 0.879912 0)
(2.25728 0.895362 0)
(2.26598 0.870765 0)
(2.2888 0.842517 0)
(2.32658 0.790622 0)
(2.34829 0.747261 0)
(2.36822 0.745636 0)
(2.37373 0.765454 0)
(2.37103 0.77328 0)
(2.38715 0.74932 0)
(2.407 0.711058 0)
(2.41757 0.694512 0)
(2.43645 0.679193 0)
(2.46259 0.654698 0)
(2.47747 0.631221 0)
(2.47957 0.623545 0)
(2.46851 0.640001 0)
(2.45773 0.641405 0)
(2.48262 0.616178 0)
(2.52109 0.582001 0)
(3 2.57962e-15 0)
(3 2.58346e-15 0)
(3 2.28419e-15 0)
(3 1.67929e-15 0)
(3 1.25364e-15 0)
(3 4.4109e-16 0)
(3 5.74459e-16 0)
(3 1.05396e-16 0)
(3 -2.75891e-16 0)
(3 -1.67819e-16 0)
(3 -7.29882e-18 0)
(3 4.52176e-16 0)
(3 4.51191e-16 0)
(3 4.64421e-16 0)
(3 5.84496e-16 0)
(3 1.13258e-15 0)
(3 1.16688e-15 0)
(3 6.53178e-16 0)
(3 -3.97251e-16 0)
(3 2.79909e-13 0)
(3 9.50352e-10 0)
(3 7.20075e-07 0)
(2.99994 0.000129754 0)
(2.99654 0.0083904 0)
(2.95356 0.0932285 0)
(2.76938 0.370712 0)
(2.49833 0.628624 0)
(2.30912 0.812317 0)
(2.25842 0.906482 0)
(2.24323 0.917475 0)
(2.25286 0.893491 0)
(2.2917 0.853362 0)
(2.32699 0.785085 0)
(2.34729 0.752667 0)
(2.36061 0.770537 0)
(2.35779 0.794339 0)
(2.35685 0.79316 0)
(2.37917 0.761724 0)
(2.40266 0.723229 0)
(2.41714 0.700356 0)
(2.44045 0.681354 0)
(2.45898 0.663058 0)
(2.46276 0.654618 0)
(2.45185 0.668101 0)
(2.43739 0.67667 0)
(2.45421 0.651158 0)
(2.49581 0.61937 0)
(2.52709 0.577642 0)
(3 1.80457e-15 0)
(3 2.21318e-15 0)
(3 2.20738e-15 0)
(3 2.53895e-15 0)
(3 1.82531e-15 0)
(3 1.39884e-15 0)
(3 -3.95352e-16 0)
(3 -7.23892e-16 0)
(3 -1.72477e-16 0)
(3 1.62002e-15 0)
(3 1.90027e-15 0)
(3 1.38163e-15 0)
(3 8.52601e-16 0)
(3 5.87192e-16 0)
(3 6.23349e-16 0)
(3 8.52742e-16 0)
(3 1.02292e-15 0)
(3 1.43718e-15 0)
(3 6.36241e-16 0)
(3 7.13761e-16 0)
(3 3.52425e-13 0)
(3 7.24487e-10 0)
(3 4.57711e-07 0)
(2.99997 7.7127e-05 0)
(2.99877 0.00331624 0)
(2.97859 0.0404627 0)
(2.81327 0.269259 0)
(2.52151 0.603989 0)
(2.29282 0.874679 0)
(2.26996 0.936008 0)
(2.2562 0.902532 0)
(2.30165 0.840068 0)
(2.32622 0.777228 0)
(2.34513 0.765519 0)
(2.35436 0.79779 0)
(2.34911 0.819529 0)
(2.35118 0.805733 0)
(2.37406 0.771936 0)
(2.39791 0.732449 0)
(2.41501 0.706223 0)
(2.43501 0.689382 0)
(2.44273 0.682833 0)
(2.43513 0.694452 0)
(2.42048 0.708197 0)
(2.42881 0.688224 0)
(2.46894 0.654362 0)
(2.50889 0.60906 0)
(2.52788 0.579252 0)
(3 -4.97876e-16 0)
(3 9.10854e-16 0)
(3 8.31232e-16 0)
(3 1.00386e-15 0)
(3 1.24304e-15 0)
(3 1.24895e-15 0)
(3 3.5432e-16 0)
(3 -2.75701e-16 0)
(3 4.9761e-16 0)
(3 1.15711e-15 0)
(3 1.4725e-15 0)
(3 2.34628e-15 0)
(3 2.04994e-15 0)
(3 2.28785e-15 0)
(3 2.16039e-15 0)
(3 1.70979e-15 0)
(3 1.22253e-15 0)
(3 1.81395e-15 0)
(3 2.62984e-15 0)
(3 1.70536e-15 0)
(3 1.42401e-15 0)
(3 1.52055e-13 0)
(3 2.53392e-10 0)
(3 1.17391e-07 0)
(2.99999 1.77505e-05 0)
(2.99949 0.00103471 0)
(2.98301 0.0291354 0)
(2.84797 0.224965 0)
(2.52471 0.630008 0)
(2.33909 0.922969 0)
(2.30547 0.876433 0)
(2.31725 0.814585 0)
(2.32942 0.784258 0)
(2.34225 0.792325 0)
(2.34168 0.831692 0)
(2.33667 0.845589 0)
(2.34434 0.817472 0)
(2.36713 0.784257 0)
(2.39141 0.73924 0)
(2.4094 0.711198 0)
(2.42333 0.703393 0)
(2.42096 0.71552 0)
(2.40761 0.734392 0)
(2.40869 0.725786 0)
(2.44211 0.689496 0)
(2.48672 0.645129 0)
(2.50879 0.608377 0)
(2.51809 0.594716 0)
(3 -1.51714e-15 0)
(3 -1.32773e-15 0)
(3 -3.84022e-16 0)
(3 6.8829e-16 0)
(3 1.09345e-15 0)
(3 2.06078e-15 0)
(3 2.26902e-15 0)
(3 1.07011e-15 0)
(3 8.26792e-16 0)
(3 6.11602e-16 0)
(3 7.33841e-16 0)
(3 1.6731e-15 0)
(3 2.24915e-15 0)
(3 2.74702e-15 0)
(3 2.90207e-15 0)
(3 2.65597e-15 0)
(3 2.2785e-15 0)
(3 2.06988e-15 0)
(3 1.98542e-15 0)
(3 1.42417e-15 0)
(3 1.36085e-15 0)
(3 8.00504e-16 0)
(3 2.04538e-14 0)
(3 2.79423e-11 0)
(3 2.00859e-08 0)
(3 7.73083e-06 0)
(2.99961 0.000707719 0)
(2.98587 0.025896 0)
(2.86311 0.218676 0)
(2.59373 0.63399 0)
(2.42454 0.817118 0)
(2.34751 0.78187 0)
(2.33596 0.807315 0)
(2.32162 0.84282 0)
(2.31684 0.869091 0)
(2.32034 0.861966 0)
(2.33295 0.82975 0)
(2.36342 0.791064 0)
(2.38505 0.742174 0)
(2.40156 0.720982 0)
(2.40773 0.73111 0)
(2.39892 0.753919 0)
(2.39574 0.756769 0)
(2.41759 0.723819 0)
(2.45893 0.684849 0)
(2.48795 0.641151 0)
(2.49865 0.620622 0)
(2.49657 0.6291 0)
(3 -1.75297e-15 0)
(3 -2.02343e-15 0)
(3 -6.11152e-17 0)
(3 1.69595e-15 0)
(3 2.6288e-15 0)
(3 3.34523e-15 0)
(3 3.35889e-15 0)
(3 2.77861e-15 0)
(3 1.33643e-15 0)
(3 5.41612e-16 0)
(3 6.96414e-16 0)
(3 1.2083e-15 0)
(3 1.30235e-15 0)
(3 1.62043e-15 0)
(3 2.3106e-15 0)
(3 2.56606e-15 0)
(3 2.47914e-15 0)
(3 2.05443e-15 0)
(3 1.67579e-15 0)
(3 1.64146e-15 0)
(3 1.74808e-15 0)
(3 1.05643e-15 0)
(3 1.9596e-15 0)
(3 6.77294e-15 0)
(3 1.13005e-11 0)
(3 1.58686e-08 0)
(3 6.01324e-06 0)
(2.99969 0.000598158 0)
(2.98979 0.022708 0)
(2.91914 0.15898 0)
(2.70332 0.486788 0)
(2.47992 0.672697 0)
(2.34903 0.785028 0)
(2.31878 0.860333 0)
(2.29785 0.891198 0)
(2.30492 0.876677 0)
(2.32477 0.851798 0)
(2.36225 0.793808 0)
(2.37777 0.744274 0)
(2.39258 0.738398 0)
(2.39443 0.7641 0)
(2.39023 0.778666 0)
(2.3995 0.760433 0)
(2.43028 0.726001 0)
(2.46323 0.683806 0)
(2.47442 0.653325 0)
(2.4779 0.647442 0)
(2.46681 0.675776 0)
(3 -1.98711e-16 0)
(3 -8.63021e-16 0)
(3 1.32291e-17 0)
(3 7.52851e-16 0)
(3 2.04624e-15 0)
(3 2.62055e-15 0)
(3 2.75266e-15 0)
(3 3.03905e-15 0)
(3 2.61694e-15 0)
(3 1.57651e-15 0)
(3 1.37937e-15 0)
(3 1.01581e-15 0)
(3 1.05306e-15 0)
(3 5.64848e-16 0)
(3 6.73683e-16 0)
(3 8.01263e-16 0)
(3 6.65959e-16 0)
(3 7.25719e-16 0)
(3 9.51403e-16 0)
(3 1.36415e-15 0)
(3 1.21635e-15 0)
(3 2.53829e-15 0)
(3 3.15604e-15 0)
(3 2.12218e-15 0)
(3 3.46399e-15 0)
(3 1.17755e-11 0)
(3 1.18448e-08 0)
(3 3.83105e-06 0)
(2.99987 0.000339535 0)
(2.99646 0.00958863 0)
(2.96209 0.0735864 0)
(2.76539 0.340389 0)
(2.51527 0.617465 0)
(2.33419 0.824543 0)
(2.31871 0.90921 0)
(2.30291 0.896044 0)
(2.32723 0.858521 0)
(2.35762 0.789539 0)
(2.37249 0.745504 0)
(2.38832 0.759636 0)
(2.38844 0.788413 0)
(2.38973 0.792255 0)
(2.40591 0.764501 0)
(2.43078 0.735778 0)
(2.45015 0.695503 0)
(2.45554 0.672278 0)
(2.45625 0.686023 0)
(2.44618 0.711382 0)
(3 1.9369e-15 0)
(3 1.03746e-15 0)
(3 7.64987e-16 0)
(3 8.33773e-16 0)
(3 1.21169e-15 0)
(3 1.95708e-15 0)
(3 2.39746e-15 0)
(3 2.12877e-15 0)
(3 2.26737e-15 0)
(3 2.60214e-15 0)
(3 1.87069e-15 0)
(3 1.49898e-15 0)
(3 1.51109e-15 0)
(3 1.41118e-15 0)
(3 2.06834e-16 0)
(3 -3.96249e-16 0)
(3 -1.02234e-16 0)
(3 6.8946e-17 0)
(3 -3.68389e-20 0)
(3 4.16947e-16 0)
(3 1.54345e-15 0)
(3 2.79017e-15 0)
(3 3.27391e-15 0)
(3 1.38907e-15 0)
(3 7.5419e-16 0)
(3 3.22388e-15 0)
(3 5.16141e-12 0)
(3 3.84173e-09 0)
(3 8.97094e-07 0)
(2.99997 7.69279e-05 0)
(2.9988 0.0027084 0)
(2.97508 0.0410567 0)
(2.80768 0.274831 0)
(2.54957 0.590522 0)
(2.3638 0.884362 0)
(2.33313 0.894011 0)
(2.33915 0.835586 0)
(2.35693 0.783903 0)
(2.36848 0.757035 0)
(2.38415 0.783066 0)
(2.3873 0.809208 0)
(2.39121 0.803435 0)
(2.40139 0.776359 0)
(2.42345 0.745238 0)
(2.43393 0.709003 0)
(2.44002 0.697272 0)
(2.44202 0.719706 0)
(2.44308 0.730103 0)
(3 8.51768e-16 0)
(3 1.52802e-15 0)
(3 1.61561e-15 0)
(3 9.72056e-16 0)
(3 1.31675e-15 0)
(3 1.19409e-15 0)
(3 1.73084e-15 0)
(3 1.86828e-15 0)
(3 1.87774e-15 0)
(3 1.48869e-15 0)
(3 8.8067e-16 0)
(3 5.76403e-16 0)
(3 5.86566e-16 0)
(3 1.12235e-15 0)
(3 3.60165e-16 0)
(3 1.27883e-16 0)
(3 4.41798e-16 0)
(3 1.04001e-15 0)
(3 9.95636e-16 0)
(3 8.43614e-16 0)
(3 1.48697e-15 0)
(3 1.50026e-15 0)
(3 4.69944e-16 0)
(3 3.47535e-16 0)
(3 4.18403e-16 0)
(3 7.76001e-16 0)
(3 1.41844e-15 0)
(3 4.80396e-13 0)
(3 3.39716e-10 0)
(3 1.12927e-07 0)
(2.99999 2.18544e-05 0)
(2.9993 0.00131482 0)
(2.9811 0.0315416 0)
(2.8473 0.229076 0)
(2.59427 0.608581 0)
(2.4245 0.866748 0)
(2.36982 0.798544 0)
(2.36778 0.780572 0)
(2.37145 0.784455 0)
(2.37468 0.817385 0)
(2.37454 0.839757 0)
(2.37409 0.821397 0)
(2.38381 0.798295 0)
(2.41171 0.754698 0)
(2.42254 0.71904 0)
(2.43462 0.719749 0)
(2.44166 0.736771 0)
(2.44827 0.737 0)
(3 9.39966e-16 0)
(3 1.78569e-15 0)
(3 1.73665e-15 0)
(3 1.92585e-15 0)
(3 1.76973e-15 0)
(3 1.41668e-15 0)
(3 1.17606e-15 0)
(3 6.19679e-16 0)
(3 3.99351e-16 0)
(3 -6.6782e-16 0)
(3 -7.15333e-16 0)
(3 -8.25582e-16 0)
(3 -9.43255e-16 0)
(3 -2.16188e-16 0)
(3 1.02456e-18 0)
(3 -1.89073e-16 0)
(3 -4.75404e-16 0)
(3 -2.859e-18 0)
(3 6.41858e-16 0)
(3 7.39721e-16 0)
(3 7.15069e-16 0)
(3 -9.37745e-18 0)
(3 -8.46534e-16 0)
(3 -9.99911e-16 0)
(3 9.1994e-17 0)
(3 2.36118e-16 0)
(3 1.15562e-16 0)
(3 -1.8723e-16 0)
(3 3.15851e-14 0)
(3 6.29784e-11 0)
(3 4.86059e-08 0)
(2.99999 1.26376e-05 0)
(2.99953 0.000839684 0)
(2.98612 0.0265257 0)
(2.89673 0.185537 0)
(2.68546 0.537907 0)
(2.49311 0.722318 0)
(2.39359 0.742264 0)
(2.37964 0.805815 0)
(2.36261 0.847009 0)
(2.35179 0.862795 0)
(2.35401 0.842404 0)
(2.3738 0.81611 0)
(2.40477 0.756547 0)
(2.4178 0.728195 0)
(2.43275 0.740573 0)
(2.44083 0.753066 0)
(2.44723 0.745538 0)
(3 1.6698e-15 0)
(3 1.18374e-15 0)
(3 6.79103e-16 0)
(3 1.02074e-15 0)
(3 6.81661e-16 0)
(3 4.38939e-16 0)
(3 4.3921e-16 0)
(3 -2.06396e-16 0)
(3 -1.03379e-15 0)
(3 -1.72747e-15 0)
(3 -1.60888e-15 0)
(3 -9.62301e-16 0)
(3 -2.67297e-16 0)
(3 -1.6647e-16 0)
(3 1.05614e-16 0)
(3 4.9522e-16 0)
(3 1.08056e-15 0)
(3 1.0191e-15 0)
(3 1.15325e-15 0)
(3 8.66976e-16 0)
(3 2.17659e-16 0)
(3 -3.26902e-16 0)
(3 -4.99453e-16 0)
(3 1.94023e-17 0)
(3 7.1772e-16 0)
(3 5.85868e-16 0)
(3 1.36366e-16 0)
(3 2.1663e-16 0)
(3 -5.91986e-16 0)
(3 1.88538e-14 0)
(3 4.51212e-11 0)
(3 2.9718e-08 0)
(3 7.27463e-06 0)
(2.99975 0.000538226 0)
(2.99379 0.0150288 0)
(2.95037 0.10304 0)
(2.7704 0.372191 0)
(2.55576 0.593916 0)
(2.39571 0.758441 0)
(2.35152 0.863534 0)
(2.34358 0.890364 0)
(2.34151 0.872058 0)
(2.37826 0.816324 0)
(2.40083 0.750399 0)
(2.4193 0.732639 0)
(2.43402 0.753843 0)
(2.43851 0.766398 0)
(2.43922 0.755287 0)
(3 -2.09366e-16 0)
(3 -1.23593e-15 0)
(3 -7.53686e-16 0)
(3 6.27349e-17 0)
(3 -5.25349e-16 0)
(3 -4.82756e-16 0)
(3 3.09041e-16 0)
(3 4.23265e-16 0)
(3 -2.34076e-16 0)
(3 -8.33116e-16 0)
(3 -9.70202e-16 0)
(3 -2.5158e-16 0)
(3 6.95792e-16 0)
(3 1.1644e-15 0)
(3 1.44985e-15 0)
(3 1.95772e-15 0)
(3 3.08824e-15 0)
(3 2.87224e-15 0)
(3 2.06723e-15 0)
(3 3.17919e-16 0)
(3 -7.61142e-16 0)
(3 -7.02592e-16 0)
(3 -9.52754e-16 0)
(3 -7.53602e-16 0)
(3 -1.06453e-15 0)
(3 -1.01325e-15 0)
(3 -1.13631e-15 0)
(3 -1.4462e-15 0)
(3 -1.98906e-15 0)
(3 -5.36821e-16 0)
(3 1.23244e-14 0)
(3 2.0334e-11 0)
(3 1.22898e-08 0)
(3 2.41919e-06 0)
(2.99993 0.000170067 0)
(2.99822 0.00452487 0)
(2.97539 0.0447042 0)
(2.82944 0.261525 0)
(2.59926 0.535762 0)
(2.38575 0.807794 0)
(2.36304 0.903265 0)
(2.35132 0.862118 0)
(2.38869 0.796264 0)
(2.40031 0.747012 0)
(2.41745 0.743935 0)
(2.42896 0.773116 0)
(2.42934 0.786761 0)
(2.42714 0.769545 0)
(3 -1.50932e-15 0)
(3 -2.01075e-15 0)
(3 -2.01222e-15 0)
(3 -1.17947e-15 0)
(3 -7.6831e-17 0)
(3 5.14111e-16 0)
(3 9.61962e-16 0)
(3 1.59491e-15 0)
(3 1.72891e-15 0)
(3 1.75573e-15 0)
(3 2.20361e-15 0)
(3 1.70221e-15 0)
(3 1.56841e-15 0)
(3 1.304e-15 0)
(3 1.16301e-15 0)
(3 1.90342e-15 0)
(3 2.80684e-15 0)
(3 1.72008e-15 0)
(3 4.6738e-16 0)
(3 -1.87299e-16 0)
(3 -2.03724e-15 0)
(3 -2.31548e-15 0)
(3 -2.17427e-15 0)
(3 -2.27406e-15 0)
(3 -2.42187e-15 0)
(3 -2.09153e-15 0)
(3 -2.14076e-15 0)
(3 -2.5296e-15 0)
(3 -2.4723e-15 0)
(3 -1.68539e-15 0)
(3 -1.68023e-16 0)
(3 4.43428e-15 0)
(3 3.42847e-12 0)
(3 1.64179e-09 0)
(3 3.28248e-07 0)
(2.99999 3.23546e-05 0)
(2.99931 0.00138506 0)
(2.9845 0.0269512 0)
(2.87268 0.189421 0)
(2.62084 0.525007 0)
(2.43793 0.860157 0)
(2.40286 0.832024 0)
(2.40098 0.768683 0)
(2.40514 0.75169 0)
(2.4163 0.766793 0)
(2.41653 0.804017 0)
(2.40931 0.813783 0)
(2.40761 0.788335 0)
(3 -1.30648e-15 0)
(3 -1.34393e-15 0)
(3 -1.62406e-15 0)
(3 -1.98187e-15 0)
(3 3.25736e-16 0)
(3 9.78444e-16 0)
(3 6.87188e-16 0)
(3 7.88579e-16 0)
(3 1.90984e-15 0)
(3 2.77577e-15 0)
(3 3.13212e-15 0)
(3 2.76416e-15 0)
(3 2.04792e-15 0)
(3 1.28877e-15 0)
(3 1.13542e-16 0)
(3 -8.63393e-17 0)
(3 1.85526e-16 0)
(3 -2.45046e-16 0)
(3 -9.58728e-17 0)
(3 1.26884e-16 0)
(3 2.12539e-16 0)
(3 -9.4247e-16 0)
(3 -1.16793e-15 0)
(3 -1.56479e-15 0)
(3 -1.63191e-15 0)
(3 -2.22488e-15 0)
(3 -2.94069e-15 0)
(3 -2.30663e-15 0)
(3 -1.59007e-15 0)
(3 -1.46316e-15 0)
(3 -3.68523e-16 0)
(3 3.33329e-16 0)
(3 -4.2824e-16 0)
(3 1.43105e-13 0)
(3 1.25022e-10 0)
(3 5.3247e-08 0)
(2.99999 1.16605e-05 0)
(2.99963 0.000655961 0)
(2.98897 0.0190846 0)
(2.89785 0.163107 0)
(2.70586 0.503425 0)
(2.53554 0.746461 0)
(2.44501 0.723953 0)
(2.41684 0.757704 0)
(2.4066 0.802017 0)
(2.39384 0.838113 0)
(2.38528 0.834068 0)
(2.38872 0.814248 0)
(3 -1.00148e-15 0)
(3 -7.23484e-16 0)
(3 -7.21529e-16 0)
(3 -5.55483e-16 0)
(3 -6.4207e-17 0)
(3 3.36874e-16 0)
(3 1.95106e-16 0)
(3 3.14395e-16 0)
(3 7.34387e-16 0)
(3 1.83023e-15 0)
(3 1.71231e-15 0)
(3 1.87148e-15 0)
(3 1.8897e-15 0)
(3 1.57709e-15 0)
(3 8.77417e-16 0)
(3 -4.52154e-16 0)
(3 -1.21148e-15 0)
(3 -1.11156e-15 0)
(3 -5.62994e-16 0)
(3 3.59403e-16 0)
(3 1.10285e-15 0)
(3 1.07904e-15 0)
(3 3.25973e-17 0)
(3 -1.7171e-15 0)
(3 -2.25193e-15 0)
(3 -2.63504e-15 0)
(3 -2.98116e-15 0)
(3 -1.63223e-15 0)
(3 -3.98578e-16 0)
(3 6.20343e-17 0)
(3 2.13277e-16 0)
(3 -5.55057e-16 0)
(3 -1.1345e-15 0)
(3 -2.09104e-15 0)
(3 1.86021e-14 0)
(3 4.1609e-11 0)
(3 2.51689e-08 0)
(3 5.75338e-06 0)
(2.99977 0.000423368 0)
(2.99353 0.01375 0)
(2.95014 0.103675 0)
(2.81189 0.347991 0)
(2.60727 0.571762 0)
(2.45241 0.698437 0)
(2.40828 0.805301 0)
(2.37488 0.865284 0)
(2.37115 0.865181 0)
(2.38511 0.832882 0)
(3 -1.02401e-15 0)
(3 -1.29788e-15 0)
(3 -1.32269e-15 0)
(3 -1.15992e-15 0)
(3 -1.33119e-15 0)
(3 -6.5026e-16 0)
(3 -5.78999e-16 0)
(3 -4.02169e-16 0)
(3 3.10446e-16 0)
(3 1.08262e-15 0)
(3 1.42313e-15 0)
(3 1.32088e-15 0)
(3 1.09347e-15 0)
(3 4.83808e-16 0)
(3 -3.54148e-16 0)
(3 -9.0151e-16 0)
(3 -1.83983e-15 0)
(3 -7.86727e-16 0)
(3 -6.8045e-16 0)
(3 -3.78895e-16 0)
(3 5.46188e-16 0)
(3 1.10896e-15 0)
(3 -9.65723e-17 0)
(3 -1.51735e-15 0)
(3 -2.12267e-15 0)
(3 -2.33309e-15 0)
(3 -1.96578e-15 0)
(3 -1.11074e-15 0)
(3 2.79898e-16 0)
(3 1.04904e-15 0)
(3 9.09453e-16 0)
(3 8.32283e-16 0)
(3 4.41698e-16 0)
(3 -5.06737e-17 0)
(3 4.21372e-16 0)
(3 1.30648e-14 0)
(3 2.15469e-11 0)
(3 1.24215e-08 0)
(3 2.66973e-06 0)
(2.99993 0.000179282 0)
(2.99825 0.0046373 0)
(2.98196 0.0374176 0)
(2.87124 0.209753 0)
(2.66809 0.473117 0)
(2.44307 0.71507 0)
(2.39266 0.878604 0)
(2.37788 0.867984 0)
(2.39995 0.81076 0)
(3 -1.02157e-15 0)
(3 -1.21238e-15 0)
(3 -1.22995e-15 0)
(3 -1.48912e-15 0)
(3 -2.05488e-15 0)
(3 -2.32035e-15 0)
(3 -2.25041e-15 0)
(3 -1.51204e-15 0)
(3 -3.65333e-16 0)
(3 1.08591e-15 0)
(3 1.55686e-15 0)
(3 1.70885e-15 0)
(3 1.22347e-15 0)
(3 -4.5218e-17 0)
(3 -9.2597e-16 0)
(3 -1.13584e-15 0)
(3 -1.34596e-15 0)
(3 -3.33651e-16 0)
(3 -3.53516e-17 0)
(3 -4.30681e-16 0)
(3 -7.10085e-16 0)
(3 -4.02979e-16 0)
(3 9.97812e-17 0)
(3 -7.28709e-18 0)
(3 -9.53463e-18 0)
(3 -4.17169e-16 0)
(3 -2.98625e-16 0)
(3 3.62501e-16 0)
(3 9.95089e-16 0)
(3 1.48514e-15 0)
(3 1.69758e-15 0)
(3 2.27009e-15 0)
(3 1.90061e-15 0)
(3 1.82532e-15 0)
(3 1.03849e-15 0)
(3 4.59238e-16 0)
(3 5.12219e-15 0)
(3 6.25189e-12 0)
(3 2.65415e-09 0)
(3 4.17677e-07 0)
(2.99999 2.84355e-05 0)
(2.99955 0.000965028 0)
(2.99047 0.0169499 0)
(2.91193 0.142711 0)
(2.71007 0.404386 0)
(2.46987 0.776454 0)
(2.43161 0.852486 0)
(2.42721 0.774085 0)
(3 -1.36317e-16 0)
(3 -5.40222e-16 0)
(3 -7.7623e-16 0)
(3 -1.19241e-15 0)
(3 -1.78071e-15 0)
(3 -2.42175e-15 0)
(3 -1.59202e-15 0)
(3 -3.02342e-16 0)
(3 1.08532e-16 0)
(3 2.19006e-16 0)
(3 9.53145e-18 0)
(3 -5.26712e-17 0)
(3 2.27291e-16 0)
(3 2.97709e-16 0)
(3 2.2179e-16 0)
(3 -3.50781e-16 0)
(3 5.35109e-16 0)
(3 9.54369e-16 0)
(3 1.80256e-15 0)
(3 1.98807e-15 0)
(3 1.06675e-15 0)
(3 3.92959e-16 0)
(3 2.33436e-16 0)
(3 8.10483e-16 0)
(3 5.05062e-16 0)
(3 -2.49826e-16 0)
(3 -2.43311e-16 0)
(3 6.95699e-16 0)
(3 7.40606e-16 0)
(3 7.24683e-16 0)
(3 8.96179e-16 0)
(3 1.06318e-15 0)
(3 6.75651e-16 0)
(3 9.58018e-16 0)
(3 8.49125e-16 0)
(3 -5.60146e-16 0)
(3 -1.47217e-15 0)
(3 -8.07122e-16 0)
(3 3.27424e-13 0)
(3 1.38101e-10 0)
(3 3.30182e-08 0)
(3 5.90049e-06 0)
(2.9998 0.000361244 0)
(2.9943 0.00988824 0)
(2.93603 0.102929 0)
(2.75902 0.39405 0)
(2.57911 0.717744 0)
(2.50288 0.715279 0)
(3 6.61244e-16 0)
(3 -2.85612e-16 0)
(3 -8.36186e-16 0)
(3 -1.24711e-15 0)
(3 -9.80439e-16 0)
(3 -6.05121e-16 0)
(3 2.73278e-16 0)
(3 5.36938e-16 0)
(3 2.52251e-16 0)
(3 -5.71962e-16 0)
(3 -3.22254e-16 0)
(3 -4.45371e-16 0)
(3 -8.54002e-16 0)
(3 -1.78169e-16 0)
(3 2.51336e-16 0)
(3 3.38135e-17 0)
(3 9.90871e-16 0)
(3 1.30934e-15 0)
(3 1.96773e-15 0)
(3 3.1202e-15 0)
(3 2.72569e-15 0)
(3 2.16265e-15 0)
(3 1.15243e-15 0)
(3 9.87598e-16 0)
(3 5.27683e-16 0)
(3 -2.27481e-16 0)
(3 1.95377e-16 0)
(3 -2.00642e-16 0)
(3 -1.5539e-16 0)
(3 -3.79017e-16 0)
(3 -2.35496e-16 0)
(3 -3.59422e-18 0)
(3 -6.86185e-16 0)
(3 -6.7239e-16 0)
(3 -9.05116e-16 0)
(3 -1.36356e-15 0)
(3 -2.8213e-15 0)
(3 -3.75705e-15 0)
(3 -3.748e-15 0)
(3 7.41963e-15 0)
(3 1.72978e-11 0)
(3 1.00652e-08 0)
(3 2.42053e-06 0)
(2.9999 0.000178991 0)
(2.99653 0.00675037 0)
(2.96315 0.0739286 0)
(2.86502 0.272115 0)
(2.68323 0.519925 0)
(3 1.07364e-15 0)
(3 1.82127e-16 0)
(3 -1.14144e-16 0)
(3 -8.49847e-16 0)
(3 -7.2398e-16 0)
(3 1.36597e-16 0)
(3 7.97944e-17 0)
(3 -9.87333e-16 0)
(3 -8.63636e-16 0)
(3 -3.68518e-16 0)
(3 -7.00687e-17 0)
(3 -5.22312e-16 0)
(3 -5.11631e-16 0)
(3 -2.01791e-17 0)
(3 7.81178e-16 0)
(3 7.88942e-16 0)
(3 5.47161e-16 0)
(3 9.44797e-16 0)
(3 1.36535e-15 0)
(3 1.91031e-15 0)
(3 1.58515e-15 0)
(3 4.38716e-16 0)
(3 -8.72454e-17 0)
(3 -4.74749e-16 0)
(3 -4.67952e-16 0)
(3 1.41367e-16 0)
(3 8.72602e-16 0)
(3 4.30973e-16 0)
(3 -2.93211e-17 0)
(3 -6.951e-16 0)
(3 -9.94348e-16 0)
(3 -1.26729e-15 0)
(3 -1.59193e-15 0)
(3 -1.82161e-15 0)
(3 -2.13318e-15 0)
(3 -2.63572e-15 0)
(3 -3.80705e-15 0)
(3 -3.59561e-15 0)
(3 -3.6546e-15 0)
(3 -3.69786e-15 0)
(3 9.5475e-16 0)
(3 7.99258e-12 0)
(3 4.21365e-09 0)
(3 1.05551e-06 0)
(2.99996 8.49792e-05 0)
(2.99894 0.00267422 0)
(2.98915 0.0253653 0)
(2.92702 0.131365 0)
(3 1.07558e-15 0)
(3 5.03939e-16 0)
(3 6.69636e-16 0)
(3 -8.25878e-17 0)
(3 -7.01793e-16 0)
(3 -7.09827e-16 0)
(3 -9.15126e-16 0)
(3 -1.72267e-15 0)
(3 -1.18562e-15 0)
(3 -6.97825e-16 0)
(3 -7.25144e-17 0)
(3 4.2208e-16 0)
(3 1.03572e-15 0)
(3 1.71822e-15 0)
(3 2.33185e-15 0)
(3 1.87042e-15 0)
(3 1.76524e-15 0)
(3 1.84031e-15 0)
(3 1.58159e-15 0)
(3 1.7321e-15 0)
(3 1.86798e-15 0)
(3 6.20306e-16 0)
(3 -1.43809e-15 0)
(3 -1.77303e-15 0)
(3 -1.16813e-15 0)
(3 -2.73187e-16 0)
(3 -3.3154e-16 0)
(3 6.34454e-17 0)
(3 1.65315e-16 0)
(3 4.41703e-16 0)
(3 1.11882e-16 0)
(3 6.65884e-17 0)
(3 5.79502e-16 0)
(3 -5.6363e-16 0)
(3 -2.44724e-15 0)
(3 -3.43894e-15 0)
(3 -3.39401e-15 0)
(3 -2.61266e-15 0)
(3 -2.67757e-15 0)
(3 -3.13342e-15 0)
(3 -4.99192e-15 0)
(3 -1.30468e-15 0)
(3 2.33654e-12 0)
(3 1.06394e-09 0)
(3 2.10711e-07 0)
(2.99999 1.31526e-05 0)
(2.9998 0.000456865 0)
(2.99605 0.0076285 0)
(3 2.66048e-15 0)
(3 2.37977e-15 0)
(3 1.32382e-15 0)
(3 4.21203e-17 0)
(3 -4.05335e-16 0)
(3 -1.46352e-15 0)
(3 -2.53526e-15 0)
(3 -2.21487e-15 0)
(3 -1.97617e-15 0)
(3 -1.55098e-15 0)
(3 8.10517e-16 0)
(3 1.38395e-15 0)
(3 1.31393e-15 0)
(3 1.8953e-15 0)
(3 2.62263e-15 0)
(3 2.52273e-15 0)
(3 1.94734e-15 0)
(3 1.43906e-15 0)
(3 1.1729e-15 0)
(3 1.55351e-15 0)
(3 1.45063e-15 0)
(3 6.79309e-16 0)
(3 2.20303e-17 0)
(3 -3.93797e-16 0)
(3 -2.7794e-16 0)
(3 -1.09947e-15 0)
(3 -1.44584e-15 0)
(3 -1.1911e-15 0)
(3 -1.56286e-16 0)
(3 1.42524e-15 0)
(3 1.53119e-15 0)
(3 9.37919e-16 0)
(3 1.15768e-16 0)
(3 -5.00174e-16 0)
(3 -6.71701e-16 0)
(3 -3.67864e-16 0)
(3 -1.66668e-16 0)
(3 -1.20151e-15 0)
(3 -3.11257e-15 0)
(3 -3.82316e-15 0)
(3 -4.00039e-15 0)
(3 -4.10497e-15 0)
(3 -1.12446e-15 0)
(3 1.65908e-13 0)
(3 5.73827e-11 0)
(3 1.26245e-08 0)
(3 1.43743e-06 0)
(2.99994 0.00012185 0)
(3 1.06218e-15 0)
(3 1.37395e-15 0)
(3 9.89225e-16 0)
(3 1.16766e-15 0)
(3 2.68672e-16 0)
(3 -1.93747e-15 0)
(3 -3.43753e-15 0)
(3 -3.062e-15 0)
(3 -2.32762e-15 0)
(3 -1.60429e-16 0)
(3 9.75858e-16 0)
(3 9.65111e-16 0)
(3 1.39347e-15 0)
(3 1.32143e-15 0)
(3 2.05653e-15 0)
(3 2.35528e-15 0)
(3 1.18781e-15 0)
(3 -2.45211e-17 0)
(3 -5.01871e-16 0)
(3 -8.40871e-16 0)
(3 -3.96454e-16 0)
(3 -3.04641e-16 0)
(3 2.93203e-18 0)
(3 4.61973e-16 0)
(3 -4.26954e-16 0)
(3 -6.47981e-16 0)
(3 -9.22687e-16 0)
(3 -6.20909e-16 0)
(3 6.27957e-17 0)
(3 5.81386e-16 0)
(3 4.95948e-16 0)
(3 -8.63212e-16 0)
(3 -1.65956e-15 0)
(3 -2.46652e-15 0)
(3 -2.47323e-15 0)
(3 -2.36828e-15 0)
(3 -2.29844e-15 0)
(3 -2.32083e-15 0)
(3 -2.25661e-15 0)
(3 -3.46303e-15 0)
(3 -3.5784e-15 0)
(3 -1.87748e-15 0)
(3 4.2324e-16 0)
(3 3.2003e-16 0)
(3 3.38186e-15 0)
(3 2.16067e-12 0)
(3 2.32389e-09 0)
(3 3.88614e-07 0)
(3 -3.25647e-16 0)
(3 2.84028e-16 0)
(3 8.64497e-16 0)
(3 1.08363e-15 0)
(3 6.34563e-16 0)
(3 -4.23882e-16 0)
(3 -2.16683e-15 0)
(3 -2.74672e-15 0)
(3 -1.79349e-15 0)
(3 -7.26086e-16 0)
(3 2.09253e-16 0)
(3 4.0183e-16 0)
(3 1.0474e-15 0)
(3 6.63159e-16 0)
(3 1.12084e-15 0)
(3 1.52244e-15 0)
(3 1.28485e-15 0)
(3 9.16326e-16 0)
(3 -5.20442e-16 0)
(3 -7.26428e-16 0)
(3 -2.29883e-16 0)
(3 -1.34071e-16 0)
(3 -1.54948e-16 0)
(3 -1.77845e-16 0)
(3 -4.6054e-16 0)
(3 -9.06613e-17 0)
(3 2.77565e-16 0)
(3 9.77878e-16 0)
(3 1.4238e-15 0)
(3 1.68606e-15 0)
(3 8.50945e-16 0)
(3 -1.65466e-16 0)
(3 -1.21964e-15 0)
(3 -2.12693e-15 0)
(3 -2.58629e-15 0)
(3 -2.93841e-15 0)
(3 -2.13947e-15 0)
(3 -7.49084e-16 0)
(3 -1.66054e-16 0)
(3 -1.21566e-15 0)
(3 -2.76839e-15 0)
(3 -1.5149e-15 0)
(3 9.81784e-16 0)
(3 5.71551e-16 0)
(3 -2.838e-16 0)
(3 -4.28348e-16 0)
(3 6.97666e-13 0)
(3 4.39502e-10 0)
(1.85742 0.841273 0)
(1.86815 0.830201 0)
(1.89209 0.810352 0)
(1.91232 0.788975 0)
(1.92993 0.76832 0)
(1.94697 0.750894 0)
(1.96574 0.732077 0)
(1.98708 0.7073 0)
(2.00605 0.685123 0)
(2.02203 0.668198 0)
(2.0428 0.647208 0)
(2.06931 0.621761 0)
(2.09375 0.600076 0)
(2.11166 0.578887 0)
(2.12838 0.549502 0)
(1.93243 0.84557 0)
(1.89098 0.849304 0)
(1.90099 0.83186 0)
(1.92437 0.806276 0)
(1.94233 0.787224 0)
(1.95956 0.770327 0)
(1.98051 0.746073 0)
(1.99768 0.724714 0)
(2.01124 0.713486 0)
(2.03186 0.694572 0)
(2.06064 0.6603 0)
(2.08252 0.634815 0)
(2.09492 0.628527 0)
(2.10865 0.611132 0)
(2.13471 0.571023 0)
(2.10871 0.760084 0)
(1.9401 0.849924 0)
(1.92992 0.84707 0)
(1.93923 0.828577 0)
(1.95931 0.804516 0)
(1.9783 0.783082 0)
(1.99074 0.768011 0)
(2.00517 0.75015 0)
(2.02773 0.726519 0)
(2.05172 0.703076 0)
(2.06878 0.682881 0)
(2.08245 0.667889 0)
(2.09845 0.653006 0)
(2.12185 0.622693 0)
(2.14485 0.585313 0)
(2.34917 0.598065 0)
(2.06936 0.791402 0)
(1.95476 0.854124 0)
(1.95326 0.848027 0)
(1.97064 0.828117 0)
(1.98835 0.810506 0)
(2.00236 0.792742 0)
(2.02327 0.765183 0)
(2.0432 0.743499 0)
(2.05605 0.732483 0)
(2.07226 0.710855 0)
(2.09289 0.682812 0)
(2.10945 0.667412 0)
(2.12499 0.649909 0)
(2.14711 0.617377 0)
(2.54243 0.43735 0)
(2.28691 0.659738 0)
(2.06038 0.811503 0)
(1.97251 0.854173 0)
(1.97808 0.846467 0)
(1.99539 0.83041 0)
(2.01532 0.810287 0)
(2.03711 0.783517 0)
(2.05262 0.766283 0)
(2.06522 0.751861 0)
(2.08342 0.726477 0)
(2.10033 0.705584 0)
(2.11537 0.692957 0)
(2.13685 0.666291 0)
(2.1578 0.631039 0)
(2.58068 0.406701 0)
(2.50949 0.479006 0)
(2.25078 0.697386 0)
(2.06542 0.825264 0)
(1.98979 0.855049 0)
(1.99499 0.848812 0)
(2.01643 0.829959 0)
(2.0432 0.801064 0)
(2.05876 0.786033 0)
(2.07099 0.773877 0)
(2.09175 0.748661 0)
(2.11362 0.720684 0)
(2.12963 0.705968 0)
(2.14151 0.690967 0)
(2.15789 0.664466 0)
(2.58439 0.411968 0)
(2.57879 0.414846 0)
(2.48726 0.508598 0)
(2.23451 0.721784 0)
(2.06386 0.846936 0)
(2.0025 0.860184 0)
(2.01386 0.847128 0)
(2.04133 0.820113 0)
(2.05913 0.806983 0)
(2.07896 0.788155 0)
(2.10436 0.757286 0)
(2.1212 0.739543 0)
(2.12878 0.736335 0)
(2.143 0.716893 0)
(2.16689 0.681432 0)
(2.58172 0.43825 0)
(2.58741 0.41141 0)
(2.57692 0.423508 0)
(2.46146 0.543096 0)
(2.20675 0.75922 0)
(2.0703 0.860829 0)
(2.02722 0.854464 0)
(2.04175 0.840172 0)
(2.0625 0.822651 0)
(2.08723 0.799672 0)
(2.10809 0.773386 0)
(2.1193 0.765126 0)
(2.12686 0.759891 0)
(2.14822 0.73448 0)
(2.1737 0.698305 0)
(2.57428 0.462353 0)
(2.58832 0.421385 0)
(2.58904 0.424364 0)
(2.56922 0.44947 0)
(2.41738 0.597812 0)
(2.19185 0.788016 0)
(2.08648 0.849375 0)
(2.05927 0.855826 0)
(2.06474 0.84597 0)
(2.08531 0.824133 0)
(2.10483 0.796724 0)
(2.11412 0.790805 0)
(2.12661 0.779521 0)
(2.15419 0.748526 0)
(2.17864 0.712671 0)
(2.56523 0.484336 0)
(2.5782 0.450757 0)
(2.58989 0.429314 0)
(2.59161 0.444194 0)
(2.56058 0.476428 0)
(2.38567 0.638708 0)
(2.20039 0.783457 0)
(2.09079 0.856177 0)
(2.07548 0.864829 0)
(2.08443 0.849821 0)
(2.10462 0.821422 0)
(2.11821 0.807574 0)
(2.13648 0.788959 0)
(2.16327 0.755908 0)
(2.18104 0.729053 0)
(2.55368 0.505209 0)
(2.56713 0.470584 0)
(2.57899 0.458138 0)
(2.59261 0.450236 0)
(2.59081 0.452809 0)
(2.5494 0.492706 0)
(2.37585 0.654032 0)
(2.18819 0.802509 0)
(2.10004 0.864322 0)
(2.09694 0.861968 0)
(2.10734 0.843869 0)
(2.12571 0.823867 0)
(2.14965 0.800062 0)
(2.17114 0.767889 0)
(2.18021 0.753565 0)
(2.54336 0.525794 0)
(2.55908 0.49117 0)
(2.57182 0.476222 0)
(2.58759 0.474337 0)
(2.59386 0.454485 0)
(2.5884 0.455808 0)
(2.53947 0.505528 0)
(2.35107 0.684172 0)
(2.16803 0.830781 0)
(2.11688 0.861559 0)
(2.11744 0.855795 0)
(2.13257 0.839861 0)
(2.15833 0.815799 0)
(2.17587 0.786445 0)
(2.17938 0.781317 0)
(2.54093 0.534785 0)
(2.55704 0.502754 0)
(2.56918 0.49398 0)
(2.57542 0.499183 0)
(2.58431 0.481584 0)
(2.58817 0.456056 0)
(2.58253 0.461798 0)
(2.52891 0.526276 0)
(2.31672 0.727292 0)
(2.18515 0.823779 0)
(2.14025 0.854533 0)
(2.14209 0.851639 0)
(2.15685 0.837715 0)
(2.17091 0.815641 0)
(2.17409 0.810384 0)
(2.54159 0.542687 0)
(2.55754 0.513341 0)
(2.56636 0.513268 0)
(2.56295 0.522633 0)
(2.56675 0.508135 0)
(2.58074 0.471665 0)
(2.58683 0.465103 0)
(2.58249 0.475408 0)
(2.50708 0.56116 0)
(2.32617 0.732427 0)
(2.21056 0.812159 0)
(2.15901 0.855263 0)
(2.14569 0.861901 0)
(2.1528 0.847185 0)
(2.16499 0.832417 0)
(2.54385 0.54561 0)
(2.55636 0.529381 0)
(2.55582 0.541449 0)
(2.54335 0.550487 0)
(2.55005 0.531119 0)
(2.57093 0.492395 0)
(2.58839 0.469712 0)
(2.59509 0.475623 0)
(2.58574 0.488065 0)
(2.49846 0.580156 0)
(2.35214 0.716149 0)
(2.18854 0.84383 0)
(2.14276 0.867938 0)
(2.14585 0.860379 0)
(2.16136 0.842664 0)
(2.54403 0.5527 0)
(2.54778 0.556795 0)
(2.536 0.574965 0)
(2.5234 0.57285 0)
(2.54448 0.544692 0)
(2.56482 0.507749 0)
(2.58144 0.489278 0)
(2.60071 0.486482 0)
(2.59815 0.487993 0)
(2.57874 0.503479 0)
(2.49701 0.590186 0)
(2.31156 0.758053 0)
(2.17392 0.86461 0)
(2.15859 0.853556 0)
(2.16956 0.843177 0)
(2.53501 0.573778 0)
(2.52527 0.595451 0)
(2.50649 0.607856 0)
(2.51333 0.586592 0)
(2.54463 0.552964 0)
(2.5626 0.519257 0)
(2.57848 0.504965 0)
(2.59121 0.509021 0)
(2.59841 0.500659 0)
(2.59017 0.494746 0)
(2.57165 0.514643 0)
(2.48069 0.612831 0)
(2.28322 0.794066 0)
(2.20975 0.828218 0)
(2.18649 0.843148 0)
(2.51181 0.612772 0)
(2.49086 0.635878 0)
(2.48507 0.624951 0)
(2.51712 0.594338 0)
(2.54568 0.556071 0)
(2.56327 0.527337 0)
(2.57416 0.526791 0)
(2.57382 0.535385 0)
(2.5756 0.530856 0)
(2.58577 0.499343 0)
(2.59058 0.495983 0)
(2.5718 0.520943 0)
(2.46268 0.637457 0)
(2.31245 0.770136 0)
(2.23272 0.814155 0)
(2.47664 0.65899 0)
(2.46335 0.661479 0)
(2.48625 0.630609 0)
(2.52406 0.592685 0)
(2.54609 0.557874 0)
(2.56078 0.542415 0)
(2.56142 0.555051 0)
(2.54911 0.56614 0)
(2.55696 0.552659 0)
(2.57868 0.51443 0)
(2.59137 0.49216 0)
(2.59472 0.502832 0)
(2.57001 0.531731 0)
(2.45889 0.646399 0)
(2.32827 0.746825 0)
(2.45091 0.691375 0)
(2.4615 0.665949 0)
(2.49915 0.629424 0)
(2.52585 0.589189 0)
(2.54366 0.565874 0)
(2.54912 0.571195 0)
(2.5356 0.59056 0)
(2.52604 0.590902 0)
(2.54953 0.564868 0)
(2.57313 0.524323 0)
(2.59201 0.499909 0)
(2.59813 0.505621 0)
(2.59307 0.51171 0)
(2.55888 0.546101 0)
(2.45585 0.645166 0)
(2.44723 0.702975 0)
(2.47613 0.668027 0)
(2.50767 0.623354 0)
(2.5232 0.593214 0)
(2.53344 0.588362 0)
(2.52562 0.609575 0)
(2.50719 0.621208 0)
(2.52127 0.603607 0)
(2.55102 0.564934 0)
(2.56889 0.5326 0)
(2.5841 0.517211 0)
(2.59339 0.523452 0)
(2.58887 0.518001 0)
(2.58335 0.519984 0)
(2.54828 0.554943 0)
(2.45886 0.704784 0)
(2.48938 0.666464 0)
(2.50468 0.626829 0)
(2.51253 0.608841 0)
(2.51623 0.622689 0)
(2.5021 0.644049 0)
(2.4988 0.637719 0)
(2.52982 0.604858 0)
(2.55211 0.563228 0)
(2.56576 0.540255 0)
(2.57255 0.542483 0)
(2.57441 0.547695 0)
(2.57785 0.54124 0)
(2.57939 0.524301 0)
(2.58221 0.520101 0)
(2.46563 0.709977 0)
(2.48725 0.674989 0)
(2.49261 0.642675 0)
(2.49773 0.635145 0)
(2.49827 0.655315 0)
(2.49147 0.66549 0)
(2.50796 0.643439 0)
(2.53528 0.603671 0)
(2.54807 0.569556 0)
(2.55638 0.55735 0)
(2.55885 0.570576 0)
(2.55646 0.57589 0)
(2.56452 0.565125 0)
(2.58286 0.539607 0)
(2.59048 0.516664 0)
(2.46179 0.718902 0)
(2.47888 0.687415 0)
(2.48032 0.659479 0)
(2.48532 0.661283 0)
(2.48815 0.677599 0)
(2.49162 0.678189 0)
(2.51522 0.648435 0)
(2.53216 0.61102 0)
(2.53848 0.583192 0)
(2.54601 0.578732 0)
(2.54979 0.592896 0)
(2.54888 0.596301 0)
(2.56169 0.583893 0)
(2.57978 0.557128 0)
(2.59514 0.521609 0)
(2.4496 0.732545 0)
(2.46523 0.707272 0)
(2.46979 0.682906 0)
(2.47636 0.679425 0)
(2.48688 0.686773 0)
(2.49506 0.683506 0)
(2.5132 0.656656 0)
(2.52452 0.624047 0)
(2.52785 0.598163 0)
(2.53935 0.601442 0)
(2.54362 0.614337 0)
(2.54554 0.614125 0)
(2.56106 0.597335 0)
(2.57681 0.565955 0)
(2.58924 0.540635 0)
(2.43505 0.748361 0)
(2.45446 0.719999 0)
(2.46189 0.697739 0)
(2.47277 0.693225 0)
(2.48199 0.701625 0)
(2.48601 0.697749 0)
(2.50591 0.672311 0)
(2.51605 0.639546 0)
(2.51911 0.61584 0)
(2.53493 0.620013 0)
(2.54077 0.629616 0)
(2.54172 0.629733 0)
(2.55742 0.607295 0)
(2.5668 0.580149 0)
(2.57637 0.561505 0)
(2.42067 0.767841 0)
(2.44691 0.724794 0)
(2.45864 0.704764 0)
(2.47255 0.706857 0)
(2.47754 0.715886 0)
(2.47766 0.711133 0)
(2.49696 0.687382 0)
(2.51004 0.652256 0)
(2.51625 0.631238 0)
(2.52935 0.638182 0)
(2.53263 0.648684 0)
(2.53833 0.64257 0)
(2.5501 0.617494 0)
(2.56063 0.586786 0)
(2.56708 0.577028 0)
(2.42047 0.773673 0)
(2.44149 0.725427 0)
(2.458 0.713868 0)
(2.46668 0.727948 0)
(2.46659 0.73718 0)
(2.4693 0.724878 0)
(2.49044 0.696852 0)
(2.50618 0.661403 0)
(2.51239 0.648017 0)
(2.5201 0.655959 0)
(2.52032 0.668383 0)
(2.52886 0.657156 0)
(2.54346 0.627128 0)
(2.55243 0.601055 0)
(2.56381 0.583849 0)
(2.42561 0.763855 0)
(2.43942 0.721229 0)
(2.45769 0.725078 0)
(2.46153 0.746905 0)
(2.4593 0.753727 0)
(2.46437 0.734602 0)
(2.4827 0.708999 0)
(2.49774 0.678131 0)
(2.50268 0.66637 0)
(2.50978 0.673717 0)
(2.51281 0.682702 0)
(2.52417 0.665087 0)
(2.53927 0.634473 0)
(2.54702 0.609725 0)
(2.55908 0.593124 0)
(2.42673 0.749824 0)
(2.43855 0.722007 0)
(2.45343 0.74239 0)
(2.45202 0.770272 0)
(2.44963 0.772164 0)
(2.45598 0.747004 0)
(2.47351 0.721869 0)
(2.48665 0.69042 0)
(2.49478 0.680411 0)
(2.50364 0.688798 0)
(2.50633 0.69541 0)
(2.51696 0.677095 0)
(2.53445 0.646819 0)
(2.54073 0.619171 0)
(2.55233 0.605571 0)
(2.43276 0.743764 0)
(2.43877 0.736529 0)
(2.44677 0.772968 0)
(2.43849 0.801936 0)
(2.43308 0.789756 0)
(2.43953 0.766209 0)
(2.46559 0.729249 0)
(2.47748 0.69649 0)
(2.49068 0.693385 0)
(2.4992 0.704647 0)
(2.50048 0.707461 0)
(2.5115 0.687728 0)
(2.52907 0.657976 0)
(2.53443 0.628401 0)
(2.54552 0.623113 0)
(2.44903 0.720885 0)
(2.44267 0.76556 0)
(2.42608 0.811136 0)
(2.40954 0.827531 0)
(2.41173 0.808493 0)
(2.43096 0.782405 0)
(2.46172 0.724272 0)
(2.47266 0.699344 0)
(2.48724 0.709101 0)
(2.49179 0.723795 0)
(2.49305 0.722005 0)
(2.50375 0.699061 0)
(2.52332 0.670337 0)
(2.52882 0.641894 0)
(2.53472 0.64369 0)
(2.53047 0.635064 0)
(2.44201 0.762189 0)
(2.40512 0.833647 0)
(2.3968 0.848597 0)
(2.40202 0.829015 0)
(2.44184 0.770925 0)
(2.45808 0.71773 0)
(2.47007 0.705524 0)
(2.47942 0.727443 0)
(2.4806 0.743485 0)
(2.48188 0.736045 0)
(2.49857 0.710705 0)
(2.5169 0.680275 0)
(2.52068 0.659765 0)
(2.51692 0.638546 0)
(2.7486 0.37913 0)
(2.52665 0.635627 0)
(2.41285 0.828276 0)
(2.41325 0.848587 0)
(2.42319 0.803432 0)
(2.45128 0.756367 0)
(2.4545 0.725918 0)
(2.46038 0.725188 0)
(2.46434 0.750725 0)
(2.46679 0.763591 0)
(2.47804 0.747312 0)
(2.48752 0.724001 0)
(2.49451 0.690615 0)
(2.47597 0.608937 0)
(2.38372 0.397172 0)
(2.95583 0.0750098 0)
(2.78241 0.310428 0)
(2.54728 0.638555 0)
(2.48486 0.782451 0)
(2.46928 0.780087 0)
(2.44777 0.760104 0)
(2.44609 0.748196 0)
(2.44667 0.757317 0)
(2.44827 0.778681 0)
(2.46237 0.774886 0)
(2.46723 0.744165 0)
(2.45909 0.688698 0)
(2.42334 0.52007 0)
(2.28464 0.2129 0)
(2.20023 0.0257884 0)
(2.99805 0.00346359 0)
(2.96936 0.0502246 0)
(2.83795 0.253738 0)
(2.68011 0.533966 0)
(2.55417 0.720876 0)
(2.47232 0.74307 0)
(2.45524 0.761927 0)
(2.4377 0.780309 0)
(2.44303 0.773323 0)
(2.4433 0.745484 0)
(2.41408 0.643495 0)
(2.32915 0.375929 0)
(2.28576 0.156301 0)
(2.14942 -0.0184816 0)
(2.09858 -0.0578442 0)
(2.99997 5.64866e-05 0)
(2.99907 0.00178277 0)
(2.98479 0.0310139 0)
(2.92858 0.144211 0)
(2.76999 0.411048 0)
(2.63937 0.601813 0)
(2.48045 0.77592 0)
(2.40344 0.742151 0)
(2.33978 0.583948 0)
(2.27839 0.379018 0)
(2.17535 0.10414 0)
(2.06004 -0.114451 0)
(2.02465 -0.141258 0)
(2.02231 -0.119668 0)
(2.04587 -0.0884709 0)
(3 1.4753e-07 0)
(2.99999 1.44061e-05 0)
(2.99966 0.00049522 0)
(2.99492 0.00823727 0)
(2.95466 0.0510536 0)
(2.79109 0.215475 0)
(2.54143 0.385552 0)
(2.3619 0.407241 0)
(2.194 0.42333 0)
(2.11915 0.394357 0)
(2.03607 0.222215 0)
(2.01523 0.100107 0)
(2.00925 0.00986851 0)
(2.04602 -0.0302448 0)
(2.06309 -0.0341 0)
)
;

boundaryField
{
    inlet
    {
        type            fixedValue;
        value           uniform (3 0 0);
    }
    outlet
    {
        type            inletOutlet;
        inletValue      nonuniform 0();
        value           nonuniform 0();
    }
    bottom
    {
        type            slip;
    }
    top
    {
        type            slip;
    }
    obstacle
    {
        type            slip;
    }
    defaultFaces
    {
        type            empty;
    }
    procBoundary2to0
    {
        type            processor;
        value           nonuniform List<vector> 
112
(
(3 -3.1176e-17 0)
(3 4.76983e-17 0)
(3 2.05242e-16 0)
(3 3.27511e-16 0)
(3 5.06792e-17 0)
(3 1.26096e-16 0)
(3 1.23497e-16 0)
(3 -5.42026e-16 0)
(3 -7.92531e-16 0)
(3 -1.11485e-15 0)
(3 -1.3298e-15 0)
(3 -1.45906e-15 0)
(3 -1.01653e-15 0)
(3 -3.01644e-16 0)
(3 -5.96998e-16 0)
(3 -1.11429e-15 0)
(3 -1.32432e-15 0)
(3 -1.2093e-15 0)
(3 -4.0886e-16 0)
(3 2.52364e-16 0)
(3 7.06444e-16 0)
(3 1.08289e-15 0)
(3 8.00209e-16 0)
(3 5.23732e-16 0)
(3 1.22399e-15 0)
(3 1.73302e-15 0)
(3 3.90631e-16 0)
(3 -1.59818e-16 0)
(3 -6.40109e-19 0)
(3 6.26636e-16 0)
(3 9.99095e-16 0)
(3 1.71374e-15 0)
(3 1.33453e-15 0)
(3 1.26499e-15 0)
(3 1.57085e-15 0)
(3 1.43664e-15 0)
(3 6.56533e-16 0)
(3 -5.73653e-16 0)
(3 -8.48032e-16 0)
(3 -1.08342e-15 0)
(3 -8.3338e-16 0)
(3 -2.24164e-16 0)
(3 3.79157e-16 0)
(3 7.66989e-16 0)
(3 5.24567e-16 0)
(3 5.77444e-16 0)
(3 5.55238e-16 0)
(3 1.22413e-15 0)
(2.57145 0.316731 0)
(2.57802 0.317553 0)
(2.55027 0.354429 0)
(2.27107 0.600959 0)
(1.94487 0.80148 0)
(1.83293 0.838238 0)
(3 1.00103e-15 0)
(3 3.04777e-16 0)
(3 5.64175e-16 0)
(3 7.90106e-16 0)
(3 1.0992e-13 0)
(3 2.79225e-09 0)
(3 4.03285e-06 0)
(2.99945 0.00164643 0)
(2.96981 0.0566475 0)
(2.62897 0.469852 0)
(2.21397 0.839638 0)
(2.04888 0.939354 0)
(2.04664 0.938879 0)
(2.06623 0.919475 0)
(2.08704 0.907339 0)
(2.10955 0.890577 0)
(2.15009 0.852404 0)
(2.17627 0.812701 0)
(2.18783 0.806254 0)
(2.18886 0.818506 0)
(2.20376 0.802748 0)
(2.24626 0.761204 0)
(2.27724 0.711988 0)
(2.29418 0.700714 0)
(2.29727 0.713377 0)
(2.30564 0.700436 0)
(2.33925 0.659778 0)
(2.36128 0.614236 0)
(2.37422 0.606235 0)
(2.3762 0.616953 0)
(2.38822 0.599198 0)
(2.42146 0.558374 0)
(2.44061 0.515909 0)
(2.45278 0.508858 0)
(2.45232 0.521484 0)
(2.46013 0.506537 0)
(2.48923 0.467342 0)
(2.50602 0.427428 0)
(2.51822 0.419372 0)
(2.51943 0.428719 0)
(2.52682 0.413667 0)
(2.54988 0.377116 0)
(2.54988 0.377116 0)
(1.84179 0.82725 0)
(1.86175 0.809781 0)
(1.88184 0.78969 0)
(1.90009 0.767532 0)
(1.91386 0.751259 0)
(1.92822 0.736099 0)
(1.95121 0.7106 0)
(1.97569 0.683955 0)
(1.99356 0.66706 0)
(2.01189 0.646812 0)
(2.0362 0.617875 0)
(2.0598 0.597889 0)
(2.08153 0.5876 0)
(2.10521 0.563667 0)
(2.13092 0.521564 0)
)
;
    }
    procBoundary2to1
    {
        type            processor;
        value           nonuniform List<vector> 6((2.14776 0.525674 0) (2.15805 0.538594 0) (2.16056 0.568706 0) (2.16706 0.592001 0) (2.1712 0.617624 0) (2.17579 0.644537 0));
    }
    procBoundary2to3
    {
        type            processor;
        value           nonuniform List<vector> 
32
(
(2.18642 0.660243 0)
(2.19152 0.682775 0)
(2.19402 0.702545 0)
(2.18996 0.728174 0)
(2.18225 0.756968 0)
(2.17916 0.781219 0)
(2.1799 0.799273 0)
(2.18502 0.810888 0)
(2.19084 0.818046 0)
(2.19455 0.825121 0)
(2.1948 0.837729 0)
(2.20122 0.850994 0)
(2.22663 0.842768 0)
(2.31271 0.782769 0)
(2.45125 0.664575 0)
(2.55543 0.559198 0)
(2.58789 0.522636 0)
(2.60127 0.519388 0)
(2.59919 0.524841 0)
(2.58759 0.547214 0)
(2.5806 0.562758 0)
(2.57372 0.579723 0)
(2.56753 0.596636 0)
(2.56162 0.611668 0)
(2.5511 0.632569 0)
(2.54223 0.641657 0)
(2.47404 0.545749 0)
(2.26505 0.16403 0)
(2.12178 -0.0841948 0)
(2.10381 -0.056034 0)
(2.08755 -0.0477281 0)
(2.08719 -0.0269722 0)
)
;
    }
}


// ************************************************************************* //
