/*--------------------------------*- C++ -*----------------------------------*\
  =========                 |
  \\      /  F ield         | OpenFOAM: The Open Source CFD Toolbox
   \\    /   O peration     | Website:  https://openfoam.org
    \\  /    A nd           | Version:  7
     \\/     M anipulation  |
\*---------------------------------------------------------------------------*/
FoamFile
{
    version     2.0;
    format      ascii;
    class       volVectorField;
    location    "3";
    object      U;
}
// * * * * * * * * * * * * * * * * * * * * * * * * * * * * * * * * * * * * * //

dimensions      [0 1 -1 0 0 0 0];

internalField   nonuniform List<vector> 
4128
(
(3 -8.96006e-17 0)
(3 4.82742e-17 0)
(3 4.50861e-18 0)
(3 3.38048e-16 0)
(3 5.4018e-16 0)
(3 7.66679e-16 0)
(3 1.19068e-16 0)
(3 -5.41255e-16 0)
(3 -1.52458e-15 0)
(3 -5.60281e-16 0)
(3 -3.51211e-16 0)
(3 -3.5046e-16 0)
(3 -9.89858e-16 0)
(3 -9.25906e-16 0)
(3 -6.69135e-16 0)
(3 2.55065e-17 0)
(3 5.2257e-16 0)
(3 3.65681e-16 0)
(3 3.79355e-16 0)
(3 6.22735e-16 0)
(3 1.09537e-15 0)
(3 1.79541e-15 0)
(3 2.02866e-15 0)
(3 1.80432e-15 0)
(3 1.66013e-15 0)
(3 1.25236e-15 0)
(3 1.31785e-15 0)
(3 1.07244e-15 0)
(3 9.62877e-16 0)
(3 1.05187e-15 0)
(3 9.55734e-16 0)
(3 1.28522e-15 0)
(3 1.61323e-15 0)
(3 1.61109e-15 0)
(3 1.52966e-15 0)
(3 1.218e-15 0)
(3 7.86183e-16 0)
(3 -1.06218e-17 0)
(3 9.1521e-17 0)
(3 -3.1624e-16 0)
(3 -4.2854e-16 0)
(3 -9.87594e-16 0)
(3 -1.38515e-15 0)
(3 -1.04686e-15 0)
(3 -1.17159e-15 0)
(3 -5.19046e-16 0)
(3 -2.33682e-16 0)
(3 -1.99478e-17 0)
(3 -1.87544e-16 0)
(3 -1.01423e-15 0)
(3 -1.81547e-15 0)
(3 -1.15274e-15 0)
(3 -1.09569e-15 0)
(3 -7.85151e-16 0)
(3 -5.01026e-16 0)
(3 -4.19928e-16 0)
(3 -3.76276e-16 0)
(3 -4.93231e-16 0)
(3 -1.33434e-15 0)
(3 -1.02788e-15 0)
(3 -3.99165e-16 0)
(3 -8.12517e-17 0)
(3 1.94271e-16 0)
(3 -1.75485e-16 0)
(3 -4.69857e-16 0)
(3 -1.78341e-17 0)
(3 2.05092e-16 0)
(3 2.61326e-16 0)
(3 3.75807e-16 0)
(3 3.95032e-16 0)
(3 7.59021e-16 0)
(3 3.96684e-15 0)
(1.45899 0.00829791 0)
(0.769961 0.00889351 0)
(0.723263 0.011154 0)
(0.696744 0.0120425 0)
(0.666945 0.0125324 0)
(0.637641 0.0130343 0)
(0.6076 0.0134886 0)
(0.577184 0.0137844 0)
(0.546698 0.0138796 0)
(0.516496 0.0138388 0)
(0.486659 0.0138589 0)
(0.45678 0.0141713 0)
(0.42625 0.0147026 0)
(0.394901 0.0151627 0)
(0.362953 0.0154975 0)
(0.330447 0.0158746 0)
(0.297137 0.0163769 0)
(0.262742 0.0169928 0)
(0.227014 0.0177282 0)
(0.189695 0.0185894 0)
(0.150593 0.0195644 0)
(0.109438 0.0206595 0)
(0.0664749 0.0212395 0)
(0.0231029 0.0219282 0)
(3 -2.91375e-16 0)
(3 -4.35495e-16 0)
(3 -4.81094e-16 0)
(3 -5.2491e-16 0)
(3 3.35024e-16 0)
(3 7.01568e-16 0)
(3 7.0926e-16 0)
(3 -1.94349e-16 0)
(3 -1.17196e-15 0)
(3 -1.54302e-15 0)
(3 -1.78368e-15 0)
(3 -1.39842e-15 0)
(3 -1.48082e-15 0)
(3 -1.25778e-15 0)
(3 4.07338e-17 0)
(3 7.37595e-16 0)
(3 1.16875e-15 0)
(3 1.91206e-15 0)
(3 2.27741e-15 0)
(3 2.6234e-15 0)
(3 2.82518e-15 0)
(3 2.93646e-15 0)
(3 3.17396e-15 0)
(3 3.10293e-15 0)
(3 2.43346e-15 0)
(3 2.34266e-15 0)
(3 2.29448e-15 0)
(3 2.14168e-15 0)
(3 2.06279e-15 0)
(3 2.24285e-15 0)
(3 2.09094e-15 0)
(3 2.0879e-15 0)
(3 2.09646e-15 0)
(3 1.66812e-15 0)
(3 9.42394e-16 0)
(3 -2.20323e-17 0)
(3 -6.17632e-16 0)
(3 -1.13574e-15 0)
(3 -9.51175e-16 0)
(3 -1.3698e-15 0)
(3 -1.52179e-15 0)
(3 -1.00085e-15 0)
(3 -1.12911e-15 0)
(3 -1.34914e-15 0)
(3 -1.44032e-15 0)
(3 -9.97674e-16 0)
(3 -3.88526e-16 0)
(3 4.10602e-16 0)
(3 6.34168e-16 0)
(3 -2.43676e-16 0)
(3 -1.6096e-15 0)
(3 -1.32404e-15 0)
(3 -6.96189e-16 0)
(3 -4.13264e-16 0)
(3 -5.71231e-16 0)
(3 -7.87973e-16 0)
(3 -7.77828e-16 0)
(3 -5.2134e-16 0)
(3 -8.97411e-16 0)
(3 -8.28645e-16 0)
(3 -1.37406e-16 0)
(3 7.76668e-16 0)
(3 9.61258e-16 0)
(3 -4.23924e-16 0)
(3 -1.78289e-15 0)
(3 -5.91393e-16 0)
(3 2.45212e-16 0)
(3 4.20726e-16 0)
(3 1.16731e-15 0)
(3 8.18706e-16 0)
(3 2.24884e-15 0)
(3 -1.39203e-15 0)
(1.47399 0.0384307 0)
(0.765887 0.0358679 0)
(0.71575 0.0330688 0)
(0.688907 0.0347337 0)
(0.659104 0.0361178 0)
(0.629841 0.037697 0)
(0.599857 0.0391983 0)
(0.569457 0.0402176 0)
(0.538927 0.0405903 0)
(0.508646 0.0404847 0)
(0.478739 0.0405473 0)
(0.448842 0.0415533 0)
(0.418354 0.0432795 0)
(0.387081 0.0447931 0)
(0.355275 0.0459158 0)
(0.323041 0.0471731 0)
(0.290206 0.0488304 0)
(0.256541 0.0508475 0)
(0.221822 0.0532183 0)
(0.185752 0.0559644 0)
(0.148011 0.0590421 0)
(0.10816 0.0625519 0)
(0.066103 0.0646377 0)
(0.0232015 0.0672147 0)
(3 -1.82622e-16 0)
(3 -4.60172e-16 0)
(3 -6.08954e-16 0)
(3 -7.6624e-16 0)
(3 -3.58787e-16 0)
(3 -3.83613e-16 0)
(3 -4.25537e-16 0)
(3 -3.47442e-16 0)
(3 -5.25037e-16 0)
(3 -1.27308e-15 0)
(3 -1.89887e-15 0)
(3 -2.00978e-15 0)
(3 -1.0208e-15 0)
(3 -1.92162e-16 0)
(3 -2.5751e-16 0)
(3 -6.00315e-16 0)
(3 -6.22465e-16 0)
(3 -2.71532e-16 0)
(3 4.13544e-16 0)
(3 8.20459e-16 0)
(3 8.70469e-16 0)
(3 1.15334e-15 0)
(3 1.23927e-15 0)
(3 1.23729e-15 0)
(3 7.14282e-16 0)
(3 9.78179e-16 0)
(3 1.296e-15 0)
(3 2.46024e-15 0)
(3 2.55181e-15 0)
(3 2.14302e-15 0)
(3 2.39666e-15 0)
(3 2.4231e-15 0)
(3 1.647e-15 0)
(3 1.38172e-15 0)
(3 8.52797e-16 0)
(3 -5.08617e-16 0)
(3 -1.26965e-15 0)
(3 -1.70025e-15 0)
(3 -1.97786e-15 0)
(3 -1.32701e-15 0)
(3 -1.07913e-15 0)
(3 -9.52264e-16 0)
(3 -8.45666e-16 0)
(3 -3.69728e-16 0)
(3 -2.32937e-16 0)
(3 -2.515e-16 0)
(3 -2.86566e-16 0)
(3 -1.73327e-16 0)
(3 -1.71283e-16 0)
(3 -9.47906e-16 0)
(3 -1.84714e-15 0)
(3 -2.26017e-15 0)
(3 -1.26172e-15 0)
(3 -3.89366e-16 0)
(3 -2.89797e-16 0)
(3 -2.58136e-16 0)
(3 -2.64043e-16 0)
(3 -5.18559e-17 0)
(3 -1.06091e-16 0)
(3 -1.8901e-16 0)
(3 2.61758e-16 0)
(3 1.78448e-16 0)
(3 -6.8062e-16 0)
(3 -2.05442e-15 0)
(3 -3.32627e-15 0)
(3 -3.53397e-15 0)
(3 -7.56966e-16 0)
(3 5.61001e-16 0)
(3 8.22823e-16 0)
(3 9.44446e-16 0)
(3 1.42451e-15 0)
(3 -3.46465e-15 0)
(1.52211 0.0678335 0)
(0.772487 0.0625721 0)
(0.717852 0.0572973 0)
(0.689418 0.0593879 0)
(0.65859 0.0613997 0)
(0.628615 0.0637992 0)
(0.598156 0.0661811 0)
(0.567351 0.0678596 0)
(0.536369 0.0685176 0)
(0.505547 0.0683446 0)
(0.475039 0.0683597 0)
(0.444557 0.0698933 0)
(0.413539 0.0726374 0)
(0.381703 0.0750416 0)
(0.349285 0.0767486 0)
(0.316437 0.0785844 0)
(0.28308 0.080984 0)
(0.249115 0.0839063 0)
(0.214484 0.0874018 0)
(0.179028 0.0916336 0)
(0.142455 0.0965936 0)
(0.104281 0.102578 0)
(0.0638671 0.106466 0)
(0.0226428 0.111402 0)
(3 1.5558e-16 0)
(3 1.09301e-16 0)
(3 2.2563e-16 0)
(3 7.46968e-16 0)
(3 3.67865e-16 0)
(3 -7.87337e-17 0)
(3 1.9452e-17 0)
(3 2.93347e-16 0)
(3 -9.80197e-17 0)
(3 -9.24525e-16 0)
(3 -1.27695e-15 0)
(3 -1.26715e-15 0)
(3 -1.37531e-15 0)
(3 -3.38832e-16 0)
(3 -3.73639e-16 0)
(3 -4.97284e-16 0)
(3 -4.28851e-16 0)
(3 -3.93117e-16 0)
(3 -1.80283e-16 0)
(3 3.17601e-17 0)
(3 5.09596e-16 0)
(3 2.32434e-16 0)
(3 2.77135e-16 0)
(3 -2.18154e-17 0)
(3 -4.70147e-17 0)
(3 2.82147e-16 0)
(3 3.75226e-16 0)
(3 9.52641e-16 0)
(3 1.13581e-15 0)
(3 1.00383e-15 0)
(3 2.44867e-15 0)
(3 1.95536e-15 0)
(3 6.18083e-16 0)
(3 3.56369e-16 0)
(3 9.66559e-16 0)
(3 5.45141e-17 0)
(3 -1.18316e-15 0)
(3 -7.9179e-16 0)
(3 -5.12293e-16 0)
(3 -2.73442e-16 0)
(3 -1.02198e-16 0)
(3 -6.31282e-16 0)
(3 -9.9399e-16 0)
(3 -2.43836e-16 0)
(3 8.7513e-17 0)
(3 2.20434e-16 0)
(3 -7.87752e-17 0)
(3 -1.15835e-15 0)
(3 -1.86354e-15 0)
(3 -3.15434e-15 0)
(3 -3.26902e-15 0)
(3 -2.23096e-15 0)
(3 -1.79403e-15 0)
(3 -3.42791e-16 0)
(3 5.69368e-16 0)
(3 8.93819e-16 0)
(3 7.07481e-16 0)
(3 5.29766e-17 0)
(3 -1.88961e-16 0)
(3 -5.48763e-16 0)
(3 -1.09997e-15 0)
(3 -1.84954e-15 0)
(3 -2.82278e-15 0)
(3 -3.42974e-15 0)
(3 -2.79594e-15 0)
(3 -1.64847e-15 0)
(3 -1.00847e-15 0)
(3 1.23872e-16 0)
(3 9.68954e-17 0)
(3 2.47429e-16 0)
(3 -1.33519e-16 0)
(3 -1.0886e-17 0)
(1.59521 0.0943153 0)
(0.780828 0.089127 0)
(0.721016 0.0824432 0)
(0.691911 0.0842279 0)
(0.660999 0.0865595 0)
(0.63123 0.0895929 0)
(0.601167 0.0928174 0)
(0.570724 0.0952677 0)
(0.539913 0.096444 0)
(0.509003 0.0964664 0)
(0.478186 0.0966238 0)
(0.447298 0.0988181 0)
(0.415842 0.102741 0)
(0.383406 0.106282 0)
(0.350161 0.108848 0)
(0.316284 0.111475 0)
(0.281749 0.114691 0)
(0.246548 0.118371 0)
(0.210793 0.122541 0)
(0.174566 0.127559 0)
(0.137808 0.133548 0)
(0.100353 0.141391 0)
(0.0611274 0.14685 0)
(0.0217329 0.154126 0)
(3 -1.33183e-16 0)
(3 -1.42239e-16 0)
(3 -2.00832e-16 0)
(3 -7.0225e-17 0)
(3 2.07748e-16 0)
(3 2.54679e-16 0)
(3 5.06789e-16 0)
(3 6.25929e-16 0)
(3 -1.62905e-16 0)
(3 -5.00288e-16 0)
(3 -3.30428e-16 0)
(3 -9.01806e-16 0)
(3 -1.37514e-15 0)
(3 -9.17974e-16 0)
(3 -5.9764e-16 0)
(3 -1.16475e-16 0)
(3 -2.6693e-16 0)
(3 1.67888e-16 0)
(3 4.32538e-16 0)
(3 5.5719e-16 0)
(3 8.45407e-16 0)
(3 2.54274e-16 0)
(3 2.76859e-17 0)
(3 -3.5459e-16 0)
(3 -4.8486e-16 0)
(3 -4.46715e-16 0)
(3 4.07751e-16 0)
(3 6.70986e-16 0)
(3 1.04279e-15 0)
(3 1.24502e-15 0)
(3 1.17245e-15 0)
(3 3.91882e-16 0)
(3 -4.10765e-16 0)
(3 -2.43341e-16 0)
(3 6.35211e-16 0)
(3 4.73212e-16 0)
(3 1.74536e-16 0)
(3 4.73448e-16 0)
(3 1.14584e-15 0)
(3 1.64079e-15 0)
(3 1.49863e-15 0)
(3 1.00997e-15 0)
(3 3.55168e-16 0)
(3 -1.13333e-16 0)
(3 -5.8783e-16 0)
(3 -8.77832e-16 0)
(3 -7.77032e-16 0)
(3 -1.70054e-15 0)
(3 -2.72597e-15 0)
(3 -2.61069e-15 0)
(3 -1.78974e-15 0)
(3 -1.53361e-15 0)
(3 -1.0472e-15 0)
(3 -6.33841e-17 0)
(3 2.4165e-16 0)
(3 -2.84829e-16 0)
(3 -6.65599e-16 0)
(3 -7.54494e-16 0)
(3 -4.11517e-16 0)
(3 -1.03275e-15 0)
(3 -2.06539e-15 0)
(3 -3.13791e-15 0)
(3 -3.89233e-15 0)
(3 -4.07791e-15 0)
(3 -2.75034e-15 0)
(3 -1.7654e-15 0)
(3 -9.53951e-16 0)
(3 -5.3894e-16 0)
(3 2.96734e-17 0)
(3 -3.16815e-16 0)
(3 -9.17894e-16 0)
(3 -2.41623e-15 0)
(1.69554 0.120735 0)
(0.791306 0.116187 0)
(0.723254 0.109126 0)
(0.693067 0.10964 0)
(0.661858 0.111832 0)
(0.632188 0.115166 0)
(0.602525 0.119081 0)
(0.572563 0.122336 0)
(0.542146 0.124196 0)
(0.511457 0.124597 0)
(0.480749 0.124932 0)
(0.450031 0.127706 0)
(0.418922 0.132767 0)
(0.386836 0.137529 0)
(0.353819 0.141117 0)
(0.320014 0.144737 0)
(0.285347 0.149013 0)
(0.249734 0.153717 0)
(0.213259 0.158741 0)
(0.176097 0.164531 0)
(0.138347 0.17114 0)
(0.100317 0.180218 0)
(0.0607338 0.186678 0)
(0.0216467 0.195774 0)
(3 8.19e-17 0)
(3 -1.3839e-17 0)
(3 -2.84536e-16 0)
(3 -5.2328e-16 0)
(3 -6.03955e-16 0)
(3 -5.25446e-16 0)
(3 -5.64908e-16 0)
(3 -4.60698e-16 0)
(3 8.12263e-16 0)
(3 1.46525e-15 0)
(3 1.44809e-15 0)
(3 5.47444e-16 0)
(3 -2.25557e-16 0)
(3 -1.03375e-15 0)
(3 -1.01735e-15 0)
(3 -1.19765e-15 0)
(3 -7.33069e-16 0)
(3 -1.29079e-16 0)
(3 3.22026e-16 0)
(3 5.381e-16 0)
(3 -3.67873e-17 0)
(3 -3.4779e-18 0)
(3 -2.45606e-16 0)
(3 -6.87146e-16 0)
(3 -2.26348e-15 0)
(3 -2.89721e-15 0)
(3 -1.71003e-15 0)
(3 -9.95467e-16 0)
(3 5.47482e-17 0)
(3 4.99778e-16 0)
(3 4.57601e-16 0)
(3 -8.16175e-16 0)
(3 -8.48189e-16 0)
(3 -1.41815e-16 0)
(3 2.66963e-16 0)
(3 1.24215e-15 0)
(3 1.22698e-15 0)
(3 1.2734e-15 0)
(3 1.85658e-15 0)
(3 1.69829e-15 0)
(3 1.17648e-15 0)
(3 7.32902e-16 0)
(3 4.39741e-16 0)
(3 -2.35083e-16 0)
(3 -1.17316e-15 0)
(3 -1.63748e-15 0)
(3 -1.8253e-15 0)
(3 -1.67821e-15 0)
(3 -1.55173e-15 0)
(3 -7.667e-16 0)
(3 1.1645e-16 0)
(3 -1.43579e-16 0)
(3 -5.46852e-16 0)
(3 -1.29966e-15 0)
(3 -1.24978e-15 0)
(3 -1.5106e-15 0)
(3 -1.49509e-15 0)
(3 -1.04204e-15 0)
(3 -1.01561e-15 0)
(3 -1.44763e-15 0)
(3 -1.59908e-15 0)
(3 -2.09788e-15 0)
(3 -2.68089e-15 0)
(3 -2.70377e-15 0)
(3 -2.63642e-15 0)
(3 -2.63928e-15 0)
(3 -1.34218e-15 0)
(3 -8.73983e-16 0)
(3 -2.31457e-16 0)
(3 -4.70082e-16 0)
(3 -6.08847e-16 0)
(3 -1.34471e-15 0)
(1.83196 0.145192 0)
(0.807632 0.14378 0)
(0.72775 0.137446 0)
(0.696431 0.135709 0)
(0.664762 0.1374 0)
(0.634945 0.140805 0)
(0.605361 0.145291 0)
(0.575572 0.149387 0)
(0.545286 0.152109 0)
(0.514576 0.153124 0)
(0.48372 0.153713 0)
(0.452898 0.156965 0)
(0.421886 0.163072 0)
(0.389922 0.169091 0)
(0.356895 0.173805 0)
(0.322954 0.178524 0)
(0.288043 0.183981 0)
(0.25206 0.189867 0)
(0.215066 0.195888 0)
(0.177283 0.202559 0)
(0.138811 0.209674 0)
(0.100354 0.219754 0)
(0.0604276 0.226925 0)
(0.0215716 0.237485 0)
(3 1.39217e-16 0)
(3 5.91867e-17 0)
(3 9.33067e-17 0)
(3 -8.28383e-17 0)
(3 -4.28387e-16 0)
(3 -3.9254e-16 0)
(3 -2.45838e-16 0)
(3 2.69677e-18 0)
(3 1.39904e-15 0)
(3 2.86553e-15 0)
(3 2.06394e-15 0)
(3 6.75036e-16 0)
(3 -2.97391e-18 0)
(3 -7.22215e-16 0)
(3 -9.01921e-16 0)
(3 -1.04764e-15 0)
(3 -6.8728e-16 0)
(3 -6.90807e-16 0)
(3 -3.49383e-16 0)
(3 -1.62886e-16 0)
(3 -2.60835e-16 0)
(3 -2.07295e-16 0)
(3 -1.68663e-16 0)
(3 -3.30279e-16 0)
(3 -9.94469e-16 0)
(3 -1.96069e-15 0)
(3 -2.80106e-15 0)
(3 -2.79336e-15 0)
(3 -2.244e-15 0)
(3 -1.30599e-15 0)
(3 -4.94001e-16 0)
(3 -3.33977e-16 0)
(3 -2.12195e-16 0)
(3 2.79371e-16 0)
(3 4.99119e-16 0)
(3 1.56543e-15 0)
(3 2.56115e-15 0)
(3 2.739e-15 0)
(3 2.62192e-15 0)
(3 2.06272e-15 0)
(3 1.23067e-15 0)
(3 1.01698e-15 0)
(3 5.57277e-16 0)
(3 -5.15409e-16 0)
(3 -6.15401e-16 0)
(3 -7.74018e-16 0)
(3 -1.46455e-15 0)
(3 -1.66276e-15 0)
(3 -1.0857e-15 0)
(3 -2.77619e-16 0)
(3 -2.8374e-16 0)
(3 -3.64695e-16 0)
(3 -1.00611e-15 0)
(3 -2.44361e-15 0)
(3 -2.18649e-15 0)
(3 -1.59982e-15 0)
(3 -1.45983e-15 0)
(3 -1.35866e-15 0)
(3 -1.25713e-15 0)
(3 -1.14595e-15 0)
(3 -1.33941e-15 0)
(3 -1.37463e-15 0)
(3 -1.22815e-15 0)
(3 -9.98185e-16 0)
(3 -1.94638e-15 0)
(3 -2.72621e-15 0)
(3 -1.77939e-15 0)
(3 -1.09036e-15 0)
(3 -7.78555e-16 0)
(3 -5.15202e-16 0)
(3 8.84811e-17 0)
(3 5.87702e-16 0)
(2.0036 0.163891 0)
(0.830157 0.171695 0)
(0.733618 0.166468 0)
(0.702154 0.16174 0)
(0.670713 0.162619 0)
(0.641522 0.165845 0)
(0.612831 0.170677 0)
(0.584066 0.175492 0)
(0.554717 0.179104 0)
(0.524654 0.180932 0)
(0.494096 0.181898 0)
(0.463388 0.185587 0)
(0.432502 0.192734 0)
(0.400529 0.200201 0)
(0.367197 0.206344 0)
(0.33271 0.212455 0)
(0.297083 0.219348 0)
(0.260234 0.226665 0)
(0.22219 0.233907 0)
(0.183205 0.241683 0)
(0.143277 0.24937 0)
(0.103454 0.260356 0)
(0.0620763 0.268051 0)
(0.0221839 0.279782 0)
(3 -2.60291e-16 0)
(3 -5.89427e-16 0)
(3 -3.86166e-16 0)
(3 -2.32453e-17 0)
(3 1.52176e-16 0)
(3 7.44064e-16 0)
(3 9.68562e-16 0)
(3 7.22828e-16 0)
(3 6.03307e-17 0)
(3 -2.02392e-18 0)
(3 -4.75102e-16 0)
(3 -7.37167e-16 0)
(3 -6.48462e-16 0)
(3 -5.63579e-16 0)
(3 -1.02589e-15 0)
(3 -8.24669e-16 0)
(3 -9.96524e-16 0)
(3 -1.43164e-15 0)
(3 -1.50235e-15 0)
(3 -1.84107e-15 0)
(3 -1.97991e-16 0)
(3 1.69039e-16 0)
(3 1.49001e-16 0)
(3 6.10293e-17 0)
(3 2.01005e-16 0)
(3 -1.5149e-16 0)
(3 -9.19812e-16 0)
(3 -1.47585e-15 0)
(3 -1.39763e-15 0)
(3 -9.4622e-16 0)
(3 -5.06464e-16 0)
(3 -1.10735e-16 0)
(3 3.69737e-16 0)
(3 1.00361e-15 0)
(3 1.96011e-15 0)
(3 2.23336e-15 0)
(3 3.0102e-15 0)
(3 4.07714e-15 0)
(3 3.54456e-15 0)
(3 2.45171e-15 0)
(3 1.97896e-15 0)
(3 1.68468e-15 0)
(3 2.42198e-16 0)
(3 -1.47472e-16 0)
(3 6.88283e-17 0)
(3 4.43719e-17 0)
(3 -2.66982e-16 0)
(3 -2.75766e-16 0)
(3 -2.03856e-16 0)
(3 -1.15583e-16 0)
(3 -2.53205e-16 0)
(3 -1.80864e-16 0)
(3 -3.55781e-16 0)
(3 -7.02569e-16 0)
(3 -1.44076e-15 0)
(3 -1.13218e-15 0)
(3 -4.88577e-16 0)
(3 -7.44046e-16 0)
(3 -5.57566e-16 0)
(3 -2.56131e-16 0)
(3 -1.29432e-16 0)
(3 5.78403e-17 0)
(3 -7.64588e-17 0)
(3 -4.90499e-16 0)
(3 -1.54626e-15 0)
(3 -1.85517e-15 0)
(3 -1.85927e-15 0)
(3 -7.689e-16 0)
(3 -3.99277e-16 0)
(3 -1.92865e-16 0)
(3 6.25608e-16 0)
(3 4.85928e-16 0)
(2.20613 0.177189 0)
(0.854119 0.204258 0)
(0.73247 0.196821 0)
(0.701245 0.188507 0)
(0.669672 0.18845 0)
(0.640668 0.191233 0)
(0.612362 0.196136 0)
(0.584265 0.20158 0)
(0.555814 0.206184 0)
(0.526745 0.209093 0)
(0.497156 0.21063 0)
(0.467506 0.214696 0)
(0.437981 0.22281 0)
(0.407418 0.231813 0)
(0.375158 0.239583 0)
(0.341314 0.247308 0)
(0.305863 0.255877 0)
(0.268706 0.264913 0)
(0.229866 0.27365 0)
(0.189758 0.282784 0)
(0.14834 0.291175 0)
(0.10702 0.303027 0)
(0.0640341 0.311122 0)
(0.0228098 0.323774 0)
(3 9.30558e-17 0)
(3 3.24185e-16 0)
(3 3.36172e-16 0)
(3 7.69683e-16 0)
(3 1.08205e-15 0)
(3 3.80119e-16 0)
(3 1.6353e-17 0)
(3 -2.31727e-16 0)
(3 -7.44815e-16 0)
(3 -1.76152e-15 0)
(3 -1.6601e-15 0)
(3 -5.87379e-16 0)
(3 -3.84301e-17 0)
(3 -2.85699e-16 0)
(3 -9.70463e-16 0)
(3 -7.42339e-16 0)
(3 -4.89064e-16 0)
(3 -4.21963e-16 0)
(3 -1.26444e-15 0)
(3 -1.21047e-15 0)
(3 -5.39476e-16 0)
(3 2.47388e-16 0)
(3 3.26766e-16 0)
(3 -2.90176e-16 0)
(3 -7.86294e-16 0)
(3 -9.69978e-16 0)
(3 -7.38583e-16 0)
(3 -2.47084e-16 0)
(3 -2.12758e-16 0)
(3 -2.88842e-16 0)
(3 -3.23932e-16 0)
(3 -1.78279e-16 0)
(3 6.30763e-16 0)
(3 1.19278e-15 0)
(3 1.47707e-15 0)
(3 8.2984e-16 0)
(3 1.15022e-15 0)
(3 1.36825e-15 0)
(3 1.17696e-15 0)
(3 1.34397e-15 0)
(3 1.1284e-15 0)
(3 2.09655e-16 0)
(3 -4.51723e-16 0)
(3 -9.61046e-16 0)
(3 -4.99907e-16 0)
(3 -5.92051e-16 0)
(3 -7.626e-16 0)
(3 -5.90228e-16 0)
(3 -3.5059e-16 0)
(3 -6.27607e-16 0)
(3 -6.30501e-16 0)
(3 -3.69378e-16 0)
(3 1.74058e-17 0)
(3 -7.26432e-17 0)
(3 -1.01447e-15 0)
(3 -9.06227e-16 0)
(3 -6.72408e-16 0)
(3 7.30271e-17 0)
(3 1.56262e-16 0)
(3 3.6971e-16 0)
(3 7.0466e-16 0)
(3 5.70153e-16 0)
(3 -1.48879e-16 0)
(3 -8.21268e-16 0)
(3 -1.01816e-15 0)
(3 -1.3146e-15 0)
(3 -1.89138e-15 0)
(3 -2.0422e-15 0)
(3 -1.21114e-15 0)
(3 -5.33056e-16 0)
(3 4.91249e-16 0)
(3 -6.14478e-16 0)
(2.44453 0.188129 0)
(0.893859 0.244347 0)
(0.743634 0.226296 0)
(0.715387 0.217211 0)
(0.682648 0.216323 0)
(0.652187 0.218504 0)
(0.622184 0.223124 0)
(0.59273 0.228626 0)
(0.56335 0.233575 0)
(0.533695 0.237122 0)
(0.503721 0.238924 0)
(0.473981 0.242871 0)
(0.445025 0.251538 0)
(0.415621 0.262045 0)
(0.384576 0.271728 0)
(0.351805 0.281506 0)
(0.317146 0.292257 0)
(0.280366 0.303549 0)
(0.241293 0.314283 0)
(0.200372 0.325277 0)
(0.157327 0.334889 0)
(0.113867 0.347988 0)
(0.0681861 0.35672 0)
(0.0242731 0.370281 0)
(3 6.72922e-17 0)
(3 4.7588e-16 0)
(3 6.37896e-16 0)
(3 1.00717e-15 0)
(3 1.32404e-15 0)
(3 1.71609e-16 0)
(3 -1.78793e-16 0)
(3 -8.20964e-17 0)
(3 -6.55264e-16 0)
(3 -7.88573e-16 0)
(3 -2.56596e-16 0)
(3 2.09143e-16 0)
(3 5.6569e-16 0)
(3 3.87174e-16 0)
(3 5.52902e-16 0)
(3 2.34379e-16 0)
(3 -7.07067e-17 0)
(3 -2.08528e-16 0)
(3 -3.08127e-16 0)
(3 -1.74884e-16 0)
(3 -1.25156e-16 0)
(3 -1.42801e-16 0)
(3 -3.54252e-16 0)
(3 -8.10862e-16 0)
(3 -6.85461e-16 0)
(3 1.47481e-16 0)
(3 6.28943e-16 0)
(3 -1.48835e-17 0)
(3 -4.00896e-16 0)
(3 -9.24853e-16 0)
(3 -9.32994e-16 0)
(3 -6.04099e-16 0)
(3 -5.01666e-16 0)
(3 -7.76796e-16 0)
(3 -4.69471e-16 0)
(3 -3.05128e-16 0)
(3 -3.77901e-16 0)
(3 -5.46376e-16 0)
(3 -6.19734e-16 0)
(3 -6.46212e-16 0)
(3 -1.05349e-15 0)
(3 -1.62561e-15 0)
(3 -1.57869e-15 0)
(3 -1.677e-15 0)
(3 -1.99942e-15 0)
(3 -2.15241e-15 0)
(3 -1.78856e-15 0)
(3 -1.83456e-15 0)
(3 -1.41858e-15 0)
(3 -1.49194e-15 0)
(3 -1.66604e-15 0)
(3 -1.60918e-15 0)
(3 -9.89679e-16 0)
(3 -5.18279e-16 0)
(3 -1.13715e-16 0)
(3 4.64571e-16 0)
(3 8.05636e-17 0)
(3 4.63855e-17 0)
(3 5.79561e-17 0)
(3 5.62511e-17 0)
(3 -4.84741e-16 0)
(3 -7.83352e-16 0)
(3 -5.93132e-16 0)
(3 -1.09547e-15 0)
(3 -1.07804e-15 0)
(3 -1.33395e-15 0)
(3 -1.61105e-15 0)
(3 -1.62829e-15 0)
(3 -1.50673e-15 0)
(3 -1.13115e-15 0)
(3 5.45476e-17 0)
(3 6.58057e-17 0)
(2.71424 0.183459 0)
(0.968226 0.279641 0)
(0.778125 0.241346 0)
(0.751765 0.239917 0)
(0.715689 0.242109 0)
(0.682117 0.245375 0)
(0.64846 0.250432 0)
(0.615438 0.256464 0)
(0.582772 0.262183 0)
(0.550301 0.266662 0)
(0.517865 0.268852 0)
(0.486046 0.27226 0)
(0.455758 0.280754 0)
(0.426117 0.292216 0)
(0.395484 0.303567 0)
(0.36348 0.315404 0)
(0.329643 0.32861 0)
(0.293334 0.342787 0)
(0.253883 0.356428 0)
(0.211799 0.370247 0)
(0.166759 0.381934 0)
(0.120892 0.396718 0)
(0.0723863 0.406285 0)
(0.0254657 0.420519 0)
(3 -4.63278e-17 0)
(3 2.21556e-16 0)
(3 5.28125e-16 0)
(3 4.79789e-16 0)
(3 2.87525e-16 0)
(3 4.01628e-16 0)
(3 3.19734e-16 0)
(3 -2.40081e-16 0)
(3 -1.96912e-16 0)
(3 -4.2457e-16 0)
(3 1.03966e-16 0)
(3 8.16511e-16 0)
(3 1.01792e-15 0)
(3 1.15788e-15 0)
(3 9.56928e-16 0)
(3 7.58068e-16 0)
(3 3.58363e-16 0)
(3 -6.82322e-17 0)
(3 1.79953e-16 0)
(3 3.36296e-16 0)
(3 2.42615e-16 0)
(3 4.34396e-16 0)
(3 3.64958e-16 0)
(3 2.39786e-16 0)
(3 4.20704e-17 0)
(3 3.43041e-16 0)
(3 7.24648e-16 0)
(3 -4.70521e-17 0)
(3 -8.65556e-16 0)
(3 -1.61071e-15 0)
(3 -1.67421e-15 0)
(3 -1.83481e-15 0)
(3 -1.80986e-15 0)
(3 -1.83876e-15 0)
(3 -1.51305e-15 0)
(3 -1.26206e-15 0)
(3 -1.37447e-15 0)
(3 -1.6399e-15 0)
(3 -1.70683e-15 0)
(3 -1.84121e-15 0)
(3 -2.1411e-15 0)
(3 -2.06088e-15 0)
(3 -2.34828e-15 0)
(3 -2.12277e-15 0)
(3 -2.79505e-15 0)
(3 -1.8461e-15 0)
(3 -1.34182e-15 0)
(3 -1.46376e-15 0)
(3 -1.45352e-15 0)
(3 -1.55497e-15 0)
(3 -1.40699e-15 0)
(3 -1.34811e-15 0)
(3 -1.01665e-15 0)
(3 -6.19442e-17 0)
(3 1.24245e-15 0)
(3 1.22992e-15 0)
(3 5.94056e-16 0)
(3 2.87361e-16 0)
(3 -1.86486e-16 0)
(3 -6.09603e-16 0)
(3 -9.57224e-16 0)
(3 -1.14112e-15 0)
(3 -1.55821e-15 0)
(3 -1.72845e-15 0)
(3 -1.6233e-15 0)
(3 -1.2162e-15 0)
(3 -1.55894e-15 0)
(3 -1.29592e-15 0)
(3 -1.38457e-15 0)
(3 -9.52218e-16 0)
(3 -2.50453e-16 0)
(3 -1.06059e-15 0)
(2.9597 0.0725396 0)
(1.06578 0.29148 0)
(0.807113 0.256938 0)
(0.790307 0.26367 0)
(0.754396 0.269048 0)
(0.719291 0.27431 0)
(0.682956 0.280664 0)
(0.647112 0.287463 0)
(0.611688 0.293548 0)
(0.576398 0.298686 0)
(0.540975 0.30138 0)
(0.50611 0.304034 0)
(0.473081 0.311634 0)
(0.441732 0.323294 0)
(0.410306 0.335724 0)
(0.37818 0.349281 0)
(0.344746 0.364943 0)
(0.309187 0.3824 0)
(0.270276 0.399535 0)
(0.228278 0.41674 0)
(0.182112 0.431277 0)
(0.133658 0.448862 0)
(0.0807189 0.460475 0)
(0.0285243 0.475975 0)
(3 8.61348e-17 0)
(3 3.07428e-16 0)
(3 2.22348e-16 0)
(3 -2.0325e-16 0)
(3 -6.94231e-16 0)
(3 -1.81062e-16 0)
(3 -7.02589e-17 0)
(3 -2.10091e-16 0)
(3 -9.8545e-17 0)
(3 -2.54874e-16 0)
(3 -5.19467e-18 0)
(3 2.32237e-16 0)
(3 9.71556e-16 0)
(3 9.49752e-16 0)
(3 4.30347e-16 0)
(3 2.68482e-16 0)
(3 4.03882e-16 0)
(3 5.29165e-16 0)
(3 4.6639e-16 0)
(3 1.9624e-16 0)
(3 -2.7619e-16 0)
(3 -2.669e-16 0)
(3 -1.40556e-16 0)
(3 -1.65672e-16 0)
(3 -4.6382e-16 0)
(3 -5.73344e-16 0)
(3 -4.63164e-16 0)
(3 -2.00723e-16 0)
(3 -7.0032e-16 0)
(3 -1.13275e-15 0)
(3 -8.89804e-16 0)
(3 -4.04671e-16 0)
(3 -5.82947e-16 0)
(3 -4.92624e-16 0)
(3 -1.1863e-15 0)
(3 -1.48691e-15 0)
(3 -1.51149e-15 0)
(3 -1.44108e-15 0)
(3 -1.35094e-15 0)
(3 -1.5541e-15 0)
(3 -2.24711e-15 0)
(3 -2.08623e-15 0)
(3 -1.1115e-15 0)
(3 -8.57175e-16 0)
(3 -1.12435e-15 0)
(3 -1.18603e-16 0)
(3 -2.94737e-16 0)
(3 -3.62467e-16 0)
(3 -6.70385e-16 0)
(3 -1.0431e-15 0)
(3 -1.14469e-15 0)
(3 -5.09407e-16 0)
(3 -3.13446e-16 0)
(3 -1.47001e-16 0)
(3 1.26713e-16 0)
(3 2.59556e-16 0)
(3 -2.24005e-16 0)
(3 -2.22498e-16 0)
(3 -5.62121e-16 0)
(3 -9.4737e-16 0)
(3 -1.12707e-15 0)
(3 -1.54642e-15 0)
(3 -1.46456e-15 0)
(3 -1.38823e-15 0)
(3 -1.46266e-15 0)
(3 -7.97922e-16 0)
(3 -6.12973e-16 0)
(3 -7.17736e-16 0)
(3 -8.22812e-16 0)
(3 -7.87882e-16 0)
(3 -3.47066e-16 0)
(3 -6.23083e-17 0)
(3.0163 0.00645729 0)
(1.15393 0.287217 0)
(0.807491 0.270757 0)
(0.797798 0.293575 0)
(0.769046 0.301395 0)
(0.740609 0.305972 0)
(0.709972 0.311267 0)
(0.677574 0.318256 0)
(0.643435 0.32601 0)
(0.608055 0.332823 0)
(0.571363 0.336724 0)
(0.534112 0.339066 0)
(0.498021 0.345395 0)
(0.463973 0.356577 0)
(0.430667 0.369402 0)
(0.397528 0.384026 0)
(0.363952 0.401519 0)
(0.328955 0.422123 0)
(0.290211 0.443473 0)
(0.247172 0.465847 0)
(0.198006 0.485708 0)
(0.145681 0.507978 0)
(0.0881892 0.522901 0)
(0.0300064 0.539092 0)
(3 8.19723e-17 0)
(3 -8.6545e-18 0)
(3 -6.44174e-16 0)
(3 -1.00704e-15 0)
(3 -1.35753e-15 0)
(3 -1.3367e-15 0)
(3 -9.92672e-16 0)
(3 -6.30077e-17 0)
(3 8.60623e-17 0)
(3 1.09052e-16 0)
(3 -2.57776e-17 0)
(3 -1.05201e-16 0)
(3 6.31316e-16 0)
(3 8.95258e-16 0)
(3 6.63977e-16 0)
(3 3.9251e-16 0)
(3 4.77436e-16 0)
(3 8.24234e-16 0)
(3 -8.14146e-17 0)
(3 -3.32903e-16 0)
(3 -4.74476e-16 0)
(3 -5.39035e-16 0)
(3 -5.93176e-16 0)
(3 -3.24172e-16 0)
(3 -4.86809e-16 0)
(3 -4.09084e-16 0)
(3 -4.03632e-16 0)
(3 -3.34157e-16 0)
(3 -1.04332e-15 0)
(3 -9.28783e-16 0)
(3 -4.76412e-16 0)
(3 -4.12e-16 0)
(3 -6.52238e-16 0)
(3 -6.7731e-16 0)
(3 -9.42027e-16 0)
(3 -1.54508e-15 0)
(3 -1.65993e-15 0)
(3 -1.57687e-15 0)
(3 -1.47029e-15 0)
(3 -1.68458e-15 0)
(3 -1.82959e-15 0)
(3 -2.07528e-15 0)
(3 -1.27946e-16 0)
(3 1.67222e-16 0)
(3 -8.59852e-17 0)
(3 -3.78568e-16 0)
(3 -7.18543e-16 0)
(3 -8.32815e-16 0)
(3 -8.57909e-16 0)
(3 -9.30098e-16 0)
(3 -9.7195e-16 0)
(3 -7.59164e-16 0)
(3 -2.99545e-16 0)
(3 -5.32663e-17 0)
(3 2.28342e-16 0)
(3 1.43025e-16 0)
(3 -3.0765e-16 0)
(3 -1.01031e-15 0)
(3 -1.77311e-15 0)
(3 -1.82654e-15 0)
(3 -1.53021e-15 0)
(3 -1.05078e-15 0)
(3 -9.64552e-16 0)
(3 -6.18627e-16 0)
(3 -3.84027e-16 0)
(3 4.7689e-16 0)
(3 9.33957e-16 0)
(3 5.6558e-16 0)
(3 -1.57033e-16 0)
(3 -7.49191e-17 0)
(3 5.35413e-16 0)
(3 7.44824e-16 0)
(3.00051 1.44989e-05 0)
(1.28765 0.307293 0)
(0.797344 0.278097 0)
(0.780035 0.308448 0)
(0.757734 0.325248 0)
(0.735481 0.332772 0)
(0.71405 0.339308 0)
(0.692283 0.346963 0)
(0.667617 0.355577 0)
(0.638186 0.364801 0)
(0.604423 0.3719 0)
(0.567652 0.375942 0)
(0.530029 0.381901 0)
(0.493535 0.392636 0)
(0.457891 0.405354 0)
(0.423006 0.42035 0)
(0.388143 0.439202 0)
(0.353053 0.462974 0)
(0.3148 0.489317 0)
(0.272649 0.517784 0)
(0.224199 0.543045 0)
(0.171144 0.570889 0)
(0.106677 0.592903 0)
(0.0384909 0.613423 0)
(3 -1.04536e-16 0)
(3 -5.37391e-16 0)
(3 -1.15141e-15 0)
(3 -7.05459e-16 0)
(3 -3.2594e-16 0)
(3 -2.92864e-16 0)
(3 -3.49312e-16 0)
(3 -5.05354e-16 0)
(3 -8.05694e-16 0)
(3 -5.05449e-16 0)
(3 -4.20362e-16 0)
(3 -3.04843e-16 0)
(3 3.62734e-17 0)
(3 8.38673e-16 0)
(3 1.29201e-15 0)
(3 1.76181e-15 0)
(3 8.75955e-16 0)
(3 5.40724e-16 0)
(3 -6.3305e-18 0)
(3 3.5015e-16 0)
(3 6.74932e-16 0)
(3 4.98633e-17 0)
(3 -9.06381e-16 0)
(3 -8.03063e-16 0)
(3 -8.33637e-16 0)
(3 -1.17835e-15 0)
(3 -1.17868e-15 0)
(3 -1.63616e-15 0)
(3 -1.18284e-15 0)
(3 -8.07557e-16 0)
(3 -9.64862e-16 0)
(3 -7.91888e-16 0)
(3 -7.98864e-16 0)
(3 -7.38438e-16 0)
(3 -6.42685e-16 0)
(3 -1.1433e-15 0)
(3 -1.28805e-15 0)
(3 -1.42826e-15 0)
(3 -1.92873e-15 0)
(3 -1.59918e-15 0)
(3 -7.66853e-16 0)
(3 -9.22399e-16 0)
(3 -1.49882e-15 0)
(3 -1.58048e-15 0)
(3 -7.21356e-16 0)
(3 -9.0433e-16 0)
(3 -1.13504e-15 0)
(3 -1.75424e-15 0)
(3 -2.16917e-15 0)
(3 -1.98964e-15 0)
(3 -1.52674e-15 0)
(3 -1.6734e-15 0)
(3 -1.36119e-15 0)
(3 -7.38411e-16 0)
(3 -1.57793e-16 0)
(3 -2.65191e-16 0)
(3 -1.18312e-15 0)
(3 -1.59923e-15 0)
(3 -2.22961e-15 0)
(3 -2.7175e-15 0)
(3 -2.45807e-15 0)
(3 -1.43848e-15 0)
(3 -6.69428e-16 0)
(3 -5.17974e-16 0)
(3 1.92197e-17 0)
(3 5.87354e-16 0)
(3 9.05791e-16 0)
(3 6.73756e-16 0)
(3 8.02003e-16 0)
(3 9.03883e-16 0)
(3 -1.29905e-16 0)
(3 -4.93007e-16 0)
(3 -5.08254e-08 0)
(1.50929 0.336958 0)
(0.808466 0.310359 0)
(0.751551 0.318647 0)
(0.734872 0.332252 0)
(0.717959 0.341815 0)
(0.703195 0.352603 0)
(0.687478 0.3647 0)
(0.671886 0.378885 0)
(0.653261 0.392574 0)
(0.628771 0.404146 0)
(0.598145 0.41219 0)
(0.563531 0.419795 0)
(0.527673 0.43108 0)
(0.491086 0.443852 0)
(0.454619 0.459156 0)
(0.418803 0.478594 0)
(0.383936 0.504612 0)
(0.346771 0.535068 0)
(0.306215 0.570108 0)
(0.255264 0.605607 0)
(0.194923 0.646276 0)
(0.122837 0.684196 0)
(0.0388267 0.709642 0)
(3 -2.57912e-16 0)
(3 -8.53918e-16 0)
(3 -5.42865e-16 0)
(3 -1.57707e-16 0)
(3 1.94575e-16 0)
(3 5.4629e-16 0)
(3 2.31128e-16 0)
(3 -7.42521e-16 0)
(3 -8.13982e-16 0)
(3 -3.08203e-16 0)
(3 -2.20848e-16 0)
(3 -3.26392e-16 0)
(3 -5.33024e-16 0)
(3 1.38645e-16 0)
(3 9.27673e-16 0)
(3 8.41249e-16 0)
(3 3.2516e-16 0)
(3 9.44322e-17 0)
(3 7.97009e-17 0)
(3 4.78672e-17 0)
(3 1.31002e-18 0)
(3 -1.4558e-16 0)
(3 -7.32897e-16 0)
(3 -1.73194e-15 0)
(3 -1.51703e-15 0)
(3 -1.73691e-15 0)
(3 -2.13598e-15 0)
(3 -1.96405e-15 0)
(3 -7.67617e-16 0)
(3 -5.9884e-16 0)
(3 -9.4257e-16 0)
(3 -7.06513e-16 0)
(3 2.89408e-16 0)
(3 4.89475e-16 0)
(3 3.43568e-16 0)
(3 -2.08203e-16 0)
(3 -1.01332e-15 0)
(3 -1.49827e-15 0)
(3 -1.24708e-15 0)
(3 -6.0327e-16 0)
(3 -9.9038e-16 0)
(3 -9.1277e-16 0)
(3 -1.164e-15 0)
(3 -1.36177e-15 0)
(3 -1.42448e-15 0)
(3 -1.25897e-15 0)
(3 -6.15012e-16 0)
(3 -7.90999e-16 0)
(3 -1.35687e-15 0)
(3 -1.75078e-15 0)
(3 -1.59652e-15 0)
(3 -1.43514e-15 0)
(3 -1.37117e-15 0)
(3 -1.65762e-15 0)
(3 -2.93174e-15 0)
(3 -2.89152e-15 0)
(3 -1.69155e-15 0)
(3 -1.71102e-15 0)
(3 -1.76937e-15 0)
(3 -1.41072e-15 0)
(3 -1.64456e-15 0)
(3 -1.08425e-15 0)
(3 -6.51586e-16 0)
(3 -3.05858e-16 0)
(3 4.06437e-16 0)
(3 3.28238e-16 0)
(3 5.95197e-16 0)
(3 5.03509e-16 0)
(3 7.35102e-16 0)
(3 3.29745e-16 0)
(3 -2.99145e-16 0)
(3 -9.06237e-16 0)
(3 -6.50188e-08 0)
(1.84757 0.375855 0)
(0.837431 0.370926 0)
(0.744944 0.349846 0)
(0.725504 0.349378 0)
(0.710734 0.356514 0)
(0.696282 0.365491 0)
(0.682209 0.377139 0)
(0.668542 0.392105 0)
(0.655553 0.410207 0)
(0.640578 0.428247 0)
(0.61925 0.442724 0)
(0.592051 0.454816 0)
(0.561365 0.46889 0)
(0.52694 0.483835 0)
(0.491525 0.500083 0)
(0.455638 0.519775 0)
(0.420829 0.547392 0)
(0.384852 0.582442 0)
(0.346321 0.626805 0)
(0.300516 0.67654 0)
(0.246052 0.728769 0)
(0.177628 0.781669 0)
(0.069222 0.828857 0)
(3 6.03089e-17 0)
(3 3.15092e-16 0)
(3 7.45701e-16 0)
(3 -2.03542e-16 0)
(3 -1.53461e-16 0)
(3 8.05782e-17 0)
(3 3.92893e-17 0)
(3 -4.15543e-16 0)
(3 1.80662e-16 0)
(3 5.08417e-16 0)
(3 9.76663e-16 0)
(3 9.83127e-16 0)
(3 1.68841e-16 0)
(3 2.91835e-16 0)
(3 7.85908e-16 0)
(3 6.11891e-16 0)
(3 2.77084e-16 0)
(3 -5.27563e-16 0)
(3 -7.39719e-16 0)
(3 -7.71309e-16 0)
(3 -5.56439e-16 0)
(3 7.71087e-17 0)
(3 2.38616e-16 0)
(3 -3.03806e-16 0)
(3 -1.37777e-15 0)
(3 -1.74357e-15 0)
(3 -2.71092e-15 0)
(3 -2.67394e-15 0)
(3 -1.74294e-15 0)
(3 -8.54668e-16 0)
(3 -4.38151e-16 0)
(3 -1.71536e-17 0)
(3 7.2007e-16 0)
(3 4.9364e-16 0)
(3 -2.4347e-16 0)
(3 -1.09824e-15 0)
(3 -1.72151e-15 0)
(3 -2.1993e-15 0)
(3 -1.60662e-15 0)
(3 -1.86815e-16 0)
(3 -9.88519e-17 0)
(3 -1.35059e-16 0)
(3 -7.26407e-18 0)
(3 -2.60555e-16 0)
(3 -1.04227e-15 0)
(3 -7.55333e-16 0)
(3 -1.61158e-16 0)
(3 -5.66494e-17 0)
(3 -6.37846e-16 0)
(3 -1.00042e-15 0)
(3 -1.15259e-15 0)
(3 -2.62581e-16 0)
(3 -2.57219e-16 0)
(3 -1.35645e-15 0)
(3 -3.79717e-15 0)
(3 -2.92715e-15 0)
(3 -2.65032e-15 0)
(3 -2.56905e-15 0)
(3 -1.66087e-15 0)
(3 -7.50945e-16 0)
(3 -4.26574e-16 0)
(3 -2.91633e-16 0)
(3 -2.11595e-16 0)
(3 1.56574e-16 0)
(3 8.4376e-16 0)
(3 9.39532e-16 0)
(3 1.01875e-15 0)
(3 8.89648e-16 0)
(3 4.98034e-16 0)
(3 -4.40504e-16 0)
(3 -1.49687e-16 0)
(3 4.64826e-16 0)
(3 -1.38676e-08 0)
(2.34133 0.373602 0)
(0.913027 0.438819 0)
(0.789048 0.376424 0)
(0.756564 0.373107 0)
(0.728433 0.376721 0)
(0.705599 0.383997 0)
(0.687141 0.394554 0)
(0.671322 0.407888 0)
(0.658004 0.424977 0)
(0.64611 0.44507 0)
(0.632517 0.465195 0)
(0.613539 0.483396 0)
(0.590314 0.502011 0)
(0.562723 0.521452 0)
(0.531538 0.540682 0)
(0.497691 0.561759 0)
(0.46469 0.591065 0)
(0.432024 0.629924 0)
(0.400567 0.679959 0)
(0.364803 0.738862 0)
(0.313205 0.817251 0)
(0.218084 0.927286 0)
(0.119897 1.05298 0)
(3 3.18957e-17 0)
(3 2.92882e-16 0)
(3 3.51109e-16 0)
(3 4.57581e-16 0)
(3 9.79322e-17 0)
(3 4.66902e-18 0)
(3 3.2069e-17 0)
(3 2.47171e-16 0)
(3 1.2828e-16 0)
(3 2.75124e-16 0)
(3 8.90329e-16 0)
(3 8.70149e-16 0)
(3 7.08101e-16 0)
(3 5.69678e-16 0)
(3 1.53777e-16 0)
(3 1.60056e-16 0)
(3 -5.17379e-17 0)
(3 -3.4096e-16 0)
(3 -1.89506e-16 0)
(3 -2.41624e-16 0)
(3 -3.82337e-16 0)
(3 5.58864e-16 0)
(3 6.90052e-16 0)
(3 8.03019e-16 0)
(3 2.49026e-16 0)
(3 -1.43861e-15 0)
(3 -2.24279e-15 0)
(3 -2.68209e-15 0)
(3 -1.9052e-15 0)
(3 -8.04958e-16 0)
(3 1.64399e-16 0)
(3 8.36904e-16 0)
(3 1.24677e-15 0)
(3 1.52725e-16 0)
(3 -1.69407e-15 0)
(3 -2.36503e-15 0)
(3 -2.27093e-15 0)
(3 -1.85212e-15 0)
(3 -1.15311e-15 0)
(3 -3.86497e-16 0)
(3 1.25034e-16 0)
(3 2.67511e-16 0)
(3 2.78017e-16 0)
(3 3.4375e-17 0)
(3 -3.75905e-16 0)
(3 -2.61054e-16 0)
(3 -4.05361e-16 0)
(3 -5.92871e-16 0)
(3 1.83296e-16 0)
(3 2.87285e-16 0)
(3 4.10303e-16 0)
(3 -2.31989e-16 0)
(3 -8.70421e-16 0)
(3 -4.73556e-16 0)
(3 -4.74819e-16 0)
(3 -6.51472e-16 0)
(3 -1.59323e-15 0)
(3 -1.83524e-15 0)
(3 -1.64907e-15 0)
(3 -1.58413e-15 0)
(3 -1.46895e-15 0)
(3 -1.50974e-15 0)
(3 -7.19905e-16 0)
(3 3.02619e-16 0)
(3 1.79013e-15 0)
(3 2.28149e-15 0)
(3 2.17407e-15 0)
(3 1.60413e-15 0)
(3 8.09265e-16 0)
(3 6.70466e-16 0)
(3 1.11016e-15 0)
(3 1.04998e-15 0)
(3 -1.43258e-09 0)
(2.92887 0.177079 0)
(1.08489 0.461275 0)
(0.864237 0.398485 0)
(0.828111 0.396216 0)
(0.78133 0.40145 0)
(0.741861 0.406463 0)
(0.711556 0.414205 0)
(0.687936 0.42568 0)
(0.669596 0.441294 0)
(0.655898 0.460956 0)
(0.643875 0.482824 0)
(0.630916 0.505587 0)
(0.613918 0.529193 0)
(0.595003 0.554231 0)
(0.570975 0.578825 0)
(0.542742 0.603357 0)
(0.514313 0.634529 0)
(0.486956 0.675013 0)
(0.463005 0.729902 0)
(0.435824 0.807999 0)
(0.409068 0.932398 0)
(0.395253 1.08776 0)
(0.506219 1.34297 0)
(3 1.50545e-16 0)
(3 1.2862e-16 0)
(3 7.16069e-16 0)
(3 1.40638e-15 0)
(3 1.25533e-15 0)
(3 6.9325e-16 0)
(3 3.09686e-16 0)
(3 5.46181e-16 0)
(3 2.91185e-16 0)
(3 3.16089e-16 0)
(3 1.82492e-16 0)
(3 2.64787e-16 0)
(3 6.65371e-16 0)
(3 1.45214e-16 0)
(3 -6.83748e-16 0)
(3 -5.36508e-16 0)
(3 -1.25563e-16 0)
(3 9.61844e-16 0)
(3 8.79031e-16 0)
(3 4.71691e-16 0)
(3 4.27995e-17 0)
(3 -6.56996e-17 0)
(3 1.32608e-16 0)
(3 3.50012e-16 0)
(3 8.08362e-16 0)
(3 4.17985e-16 0)
(3 -4.87772e-16 0)
(3 -8.83961e-16 0)
(3 -1.52671e-15 0)
(3 -1.34055e-15 0)
(3 -7.52663e-16 0)
(3 -1.09319e-16 0)
(3 -1.85379e-16 0)
(3 -6.62277e-16 0)
(3 -8.7411e-16 0)
(3 -4.23042e-16 0)
(3 -9.43949e-16 0)
(3 -1.10307e-15 0)
(3 -6.15339e-16 0)
(3 -6.86384e-16 0)
(3 3.21228e-16 0)
(3 1.0266e-15 0)
(3 5.91278e-16 0)
(3 2.27002e-16 0)
(3 6.20592e-17 0)
(3 4.58021e-17 0)
(3 8.84139e-17 0)
(3 7.02684e-16 0)
(3 5.43661e-16 0)
(3 1.38918e-16 0)
(3 -7.90802e-16 0)
(3 -2.7934e-15 0)
(3 -2.87758e-15 0)
(3 -1.80134e-15 0)
(3 -1.72068e-16 0)
(3 -2.83076e-16 0)
(3 -6.87019e-16 0)
(3 -1.21731e-15 0)
(3 -1.87551e-15 0)
(3 -1.10032e-15 0)
(3 -1.19093e-15 0)
(3 -1.29864e-15 0)
(3 -8.43519e-16 0)
(3 -3.73358e-16 0)
(3 3.49218e-16 0)
(3 5.52254e-16 0)
(3 7.50618e-16 0)
(3 4.78507e-16 0)
(3 4.63642e-16 0)
(3 1.89145e-15 0)
(3 2.00827e-15 0)
(3 1.40259e-15 0)
(3 -5.81799e-11 0)
(3.0436 0.0100765 0)
(1.26919 0.424522 0)
(0.880826 0.430401 0)
(0.857357 0.449429 0)
(0.822032 0.447168 0)
(0.784046 0.443909 0)
(0.747996 0.44501 0)
(0.716951 0.450554 0)
(0.691803 0.461052 0)
(0.673737 0.477881 0)
(0.659718 0.499073 0)
(0.648679 0.523467 0)
(0.636853 0.550315 0)
(0.624743 0.579744 0)
(0.609558 0.610329 0)
(0.589757 0.640299 0)
(0.568597 0.67424 0)
(0.548821 0.716685 0)
(0.533862 0.776305 0)
(0.529296 0.866604 0)
(0.537402 0.998674 0)
(0.615721 1.1479 0)
(0.91707 1.33805 0)
(3 3.47661e-16 0)
(3 3.65262e-16 0)
(3 4.16339e-16 0)
(3 5.1374e-16 0)
(3 7.85388e-16 0)
(3 1.3817e-15 0)
(3 1.67289e-15 0)
(3 1.57306e-15 0)
(3 1.26856e-15 0)
(3 1.4156e-15 0)
(3 9.76976e-16 0)
(3 9.44801e-16 0)
(3 1.38236e-15 0)
(3 3.35332e-16 0)
(3 -7.69949e-16 0)
(3 -9.07679e-16 0)
(3 -4.58418e-16 0)
(3 3.94679e-16 0)
(3 3.46007e-16 0)
(3 1.56488e-16 0)
(3 -2.37341e-16 0)
(3 -5.98107e-16 0)
(3 -3.92145e-16 0)
(3 -6.44938e-16 0)
(3 4.36388e-16 0)
(3 8.73983e-16 0)
(3 8.31335e-16 0)
(3 6.62128e-16 0)
(3 -6.65066e-16 0)
(3 -1.18563e-15 0)
(3 -1.80783e-15 0)
(3 -1.80506e-15 0)
(3 -1.87843e-15 0)
(3 -1.05125e-15 0)
(3 4.51465e-16 0)
(3 9.34393e-16 0)
(3 1.83159e-16 0)
(3 -2.75327e-16 0)
(3 -5.48835e-16 0)
(3 -4.9464e-16 0)
(3 -3.1582e-16 0)
(3 -5.25662e-16 0)
(3 -6.95193e-16 0)
(3 -2.43477e-16 0)
(3 5.59206e-16 0)
(3 5.36622e-16 0)
(3 -1.11137e-16 0)
(3 -6.92984e-16 0)
(3 -9.38926e-16 0)
(3 -1.00336e-15 0)
(3 -7.3078e-16 0)
(3 -1.38976e-15 0)
(3 -2.27628e-15 0)
(3 -2.36917e-15 0)
(3 -2.47624e-15 0)
(3 -1.7367e-15 0)
(3 -7.04516e-16 0)
(3 -1.04558e-15 0)
(3 -1.85114e-15 0)
(3 -1.67676e-15 0)
(3 -7.18971e-16 0)
(3 -2.10658e-16 0)
(3 -7.60673e-16 0)
(3 -9.97118e-16 0)
(3 -1.42684e-15 0)
(3 -1.34044e-15 0)
(3 -8.43213e-16 0)
(3 2.52714e-16 0)
(3 1.01565e-15 0)
(3 1.4319e-15 0)
(3 9.29595e-16 0)
(3 7.23891e-16 0)
(3 -1.22337e-12 0)
(3.00142 -8.84945e-06 0)
(1.49902 0.424488 0)
(0.86463 0.460713 0)
(0.843201 0.470298 0)
(0.822449 0.474217 0)
(0.801293 0.475872 0)
(0.775863 0.477858 0)
(0.747693 0.481591 0)
(0.720714 0.487407 0)
(0.698226 0.499533 0)
(0.681302 0.517594 0)
(0.669022 0.540896 0)
(0.659911 0.568672 0)
(0.652191 0.600618 0)
(0.64505 0.63581 0)
(0.635471 0.671763 0)
(0.623942 0.709746 0)
(0.614583 0.754533 0)
(0.611303 0.814413 0)
(0.628572 0.902444 0)
(0.672087 1.02176 0)
(0.814302 1.15697 0)
(1.14161 1.28114 0)
(3 -2.18826e-17 0)
(3 1.04968e-16 0)
(3 -3.11746e-16 0)
(3 3.22692e-17 0)
(3 3.63461e-16 0)
(3 6.83656e-16 0)
(3 1.01212e-15 0)
(3 1.33249e-15 0)
(3 1.62432e-15 0)
(3 1.32842e-15 0)
(3 1.2483e-15 0)
(3 7.53303e-16 0)
(3 5.21852e-16 0)
(3 1.64194e-16 0)
(3 -5.79988e-16 0)
(3 -7.65972e-16 0)
(3 4.3478e-16 0)
(3 2.8089e-16 0)
(3 -9.6751e-17 0)
(3 8.31024e-17 0)
(3 9.53108e-17 0)
(3 -9.09311e-17 0)
(3 -4.25035e-17 0)
(3 7.65154e-16 0)
(3 1.70553e-15 0)
(3 2.17647e-15 0)
(3 1.84883e-15 0)
(3 1.37826e-15 0)
(3 1.14845e-15 0)
(3 -5.77468e-16 0)
(3 -1.44956e-15 0)
(3 -2.36694e-15 0)
(3 -2.37936e-15 0)
(3 -1.4022e-15 0)
(3 4.57262e-16 0)
(3 5.10277e-16 0)
(3 5.05188e-16 0)
(3 8.18386e-16 0)
(3 -2.46346e-16 0)
(3 -7.18377e-16 0)
(3 -1.9709e-15 0)
(3 -2.15216e-15 0)
(3 -1.68346e-15 0)
(3 -1.27477e-15 0)
(3 -7.37293e-16 0)
(3 -9.03105e-16 0)
(3 -1.46796e-15 0)
(3 -1.82777e-15 0)
(3 -1.86093e-15 0)
(3 -1.28443e-15 0)
(3 -5.28346e-17 0)
(3 5.98203e-16 0)
(3 -1.80184e-16 0)
(3 -1.087e-15 0)
(3 -2.06677e-15 0)
(3 -2.25293e-15 0)
(3 -1.01654e-15 0)
(3 -4.08474e-16 0)
(3 -2.47095e-16 0)
(3 -4.24847e-16 0)
(3 -2.75393e-16 0)
(3 3.22069e-18 0)
(3 -2.41886e-16 0)
(3 -7.28598e-16 0)
(3 -5.88996e-16 0)
(3 -3.90904e-16 0)
(3 -7.16534e-16 0)
(3 -2.67638e-16 0)
(3 4.32026e-16 0)
(3 2.49999e-16 0)
(3 -4.95789e-16 0)
(3 -3.70487e-16 0)
(3 -1.17074e-14 0)
(3 -1.45612e-07 0)
(1.94654 0.453203 0)
(0.89557 0.491782 0)
(0.830695 0.476906 0)
(0.824935 0.487298 0)
(0.811684 0.495631 0)
(0.795314 0.502484 0)
(0.774685 0.509127 0)
(0.751944 0.514923 0)
(0.729205 0.523755 0)
(0.710234 0.538089 0)
(0.695516 0.558297 0)
(0.68657 0.584473 0)
(0.681249 0.616362 0)
(0.679318 0.653723 0)
(0.679074 0.694336 0)
(0.678668 0.736785 0)
(0.681105 0.783699 0)
(0.691459 0.841153 0)
(0.723032 0.920221 0)
(0.795818 1.02381 0)
(0.963313 1.13319 0)
(1.23796 1.20743 0)
(3 -1.13084e-16 0)
(3 5.40525e-17 0)
(3 2.86473e-16 0)
(3 4.38987e-16 0)
(3 9.79708e-17 0)
(3 -4.17426e-16 0)
(3 -5.25157e-16 0)
(3 -5.52306e-16 0)
(3 2.64276e-16 0)
(3 3.42189e-16 0)
(3 5.72686e-16 0)
(3 9.23913e-17 0)
(3 -2.04995e-16 0)
(3 6.3871e-16 0)
(3 1.10467e-15 0)
(3 1.4669e-15 0)
(3 1.50062e-15 0)
(3 8.75923e-16 0)
(3 5.67199e-16 0)
(3 6.46238e-16 0)
(3 1.14224e-15 0)
(3 1.5498e-15 0)
(3 1.98113e-15 0)
(3 2.25826e-15 0)
(3 1.86479e-15 0)
(3 1.59435e-15 0)
(3 1.4574e-15 0)
(3 1.35185e-15 0)
(3 1.64784e-15 0)
(3 9.77721e-16 0)
(3 -3.6011e-16 0)
(3 -9.36294e-16 0)
(3 -9.2538e-16 0)
(3 2.49546e-16 0)
(3 8.63757e-17 0)
(3 6.01404e-16 0)
(3 9.87862e-16 0)
(3 1.75218e-15 0)
(3 5.94422e-16 0)
(3 -5.60664e-16 0)
(3 -1.58605e-15 0)
(3 -2.24631e-15 0)
(3 -2.26729e-15 0)
(3 -2.57235e-15 0)
(3 -2.78325e-15 0)
(3 -2.7849e-15 0)
(3 -2.97201e-15 0)
(3 -2.92437e-15 0)
(3 -2.26996e-15 0)
(3 -9.09878e-16 0)
(3 3.13347e-17 0)
(3 4.31034e-17 0)
(3 4.94911e-18 0)
(3 -2.23374e-16 0)
(3 -5.69657e-16 0)
(3 -1.12077e-15 0)
(3 -9.67302e-16 0)
(3 1.08363e-16 0)
(3 1.03936e-15 0)
(3 3.00138e-16 0)
(3 -3.01618e-17 0)
(3 -6.19028e-17 0)
(3 3.29318e-16 0)
(3 4.57303e-16 0)
(3 7.81069e-16 0)
(3 4.15028e-16 0)
(3 -6.85349e-16 0)
(3 4.60292e-17 0)
(3 -9.23477e-17 0)
(3 -5.32448e-16 0)
(3 -4.31685e-16 0)
(3 -5.12101e-16 0)
(3 -5.17847e-16 0)
(3 -1.83785e-07 0)
(2.62779 0.351252 0)
(1.01963 0.546974 0)
(0.874604 0.48522 0)
(0.854496 0.495211 0)
(0.835932 0.509502 0)
(0.818899 0.521216 0)
(0.80107 0.532177 0)
(0.782602 0.541318 0)
(0.762471 0.55062 0)
(0.743608 0.562974 0)
(0.727624 0.579702 0)
(0.716955 0.602653 0)
(0.712502 0.632196 0)
(0.713506 0.668392 0)
(0.719742 0.710459 0)
(0.729745 0.756342 0)
(0.744293 0.805335 0)
(0.768109 0.860285 0)
(0.811364 0.929016 0)
(0.901059 1.01383 0)
(1.0634 1.09372 0)
(1.29637 1.14372 0)
(3 -1.28502e-16 0)
(3 1.86267e-16 0)
(3 3.01404e-16 0)
(3 3.06857e-16 0)
(3 -3.7369e-16 0)
(3 -3.27592e-16 0)
(3 -1.55994e-16 0)
(3 1.88409e-16 0)
(3 3.38137e-16 0)
(3 5.77206e-17 0)
(3 -3.78636e-16 0)
(3 -2.09839e-16 0)
(3 3.19124e-17 0)
(3 7.53069e-16 0)
(3 1.44249e-15 0)
(3 1.4763e-15 0)
(3 1.56667e-15 0)
(3 1.28875e-15 0)
(3 8.93958e-16 0)
(3 7.81955e-16 0)
(3 1.07573e-15 0)
(3 1.58163e-15 0)
(3 1.65135e-15 0)
(3 8.39546e-16 0)
(3 1.01246e-15 0)
(3 5.38603e-17 0)
(3 -1.05052e-16 0)
(3 5.47414e-16 0)
(3 1.01753e-15 0)
(3 8.5569e-16 0)
(3 1.45503e-16 0)
(3 -9.73013e-18 0)
(3 1.50738e-16 0)
(3 5.02908e-16 0)
(3 -2.49066e-17 0)
(3 3.9841e-16 0)
(3 1.0771e-15 0)
(3 1.1608e-15 0)
(3 7.48931e-16 0)
(3 1.99164e-16 0)
(3 -6.84407e-16 0)
(3 -2.49803e-15 0)
(3 -3.13358e-15 0)
(3 -3.46807e-15 0)
(3 -3.18971e-15 0)
(3 -2.33722e-15 0)
(3 -2.13881e-15 0)
(3 -1.92866e-15 0)
(3 -1.46753e-15 0)
(3 -4.98871e-16 0)
(3 -5.79141e-16 0)
(3 -6.94114e-16 0)
(3 -2.99629e-16 0)
(3 -1.50327e-16 0)
(3 8.7573e-17 0)
(3 -3.9901e-16 0)
(3 -2.90995e-16 0)
(3 2.07853e-16 0)
(3 4.40978e-17 0)
(3 -6.0637e-16 0)
(3 -1.1988e-16 0)
(3 2.12812e-16 0)
(3 8.09215e-16 0)
(3 1.0195e-15 0)
(3 8.26339e-16 0)
(3 5.49554e-17 0)
(3 5.77046e-16 0)
(3 7.46841e-16 0)
(3 5.41225e-16 0)
(3 5.1359e-16 0)
(3 4.73544e-16 0)
(3 -4.90533e-17 0)
(3 -4.63797e-16 0)
(3 -3.87278e-08 0)
(3.08111 0.0454097 0)
(1.27596 0.526225 0)
(0.930299 0.515645 0)
(0.897125 0.525033 0)
(0.871138 0.531539 0)
(0.849162 0.539488 0)
(0.831362 0.550496 0)
(0.815346 0.561754 0)
(0.798239 0.573138 0)
(0.781277 0.585841 0)
(0.765794 0.600958 0)
(0.753514 0.620435 0)
(0.748154 0.646571 0)
(0.749879 0.679635 0)
(0.759204 0.71967 0)
(0.776047 0.765712 0)
(0.800931 0.815727 0)
(0.836225 0.869002 0)
(0.890119 0.928837 0)
(0.985006 0.995061 0)
(1.13248 1.05153 0)
(1.32253 1.08189 0)
(3 -3.08818e-17 0)
(3 1.55346e-16 0)
(3 6.3708e-17 0)
(3 -1.30843e-16 0)
(3 4.66968e-17 0)
(3 2.67256e-16 0)
(3 9.60087e-16 0)
(3 8.19779e-16 0)
(3 -7.09125e-18 0)
(3 -2.27744e-16 0)
(3 -6.51428e-16 0)
(3 -5.74143e-16 0)
(3 -3.92253e-16 0)
(3 -1.09411e-16 0)
(3 6.38069e-16 0)
(3 1.31886e-15 0)
(3 1.51806e-15 0)
(3 1.95076e-15 0)
(3 2.05069e-15 0)
(3 2.08237e-15 0)
(3 1.69156e-15 0)
(3 8.29996e-16 0)
(3 -3.71631e-16 0)
(3 -2.54334e-16 0)
(3 3.00119e-16 0)
(3 1.46033e-16 0)
(3 3.94506e-16 0)
(3 1.02844e-15 0)
(3 9.2269e-16 0)
(3 3.17886e-16 0)
(3 -5.02363e-17 0)
(3 -6.28887e-16 0)
(3 -7.52654e-16 0)
(3 -7.27551e-16 0)
(3 -8.49664e-16 0)
(3 -2.39651e-16 0)
(3 3.78935e-16 0)
(3 6.59962e-16 0)
(3 5.46693e-16 0)
(3 3.03203e-16 0)
(3 -5.00355e-16 0)
(3 -1.07453e-15 0)
(3 -2.56819e-15 0)
(3 -2.67738e-15 0)
(3 -1.64378e-15 0)
(3 -1.0599e-15 0)
(3 -3.52921e-16 0)
(3 9.98078e-17 0)
(3 1.35357e-16 0)
(3 -1.80108e-16 0)
(3 -7.18693e-16 0)
(3 -7.15416e-16 0)
(3 -6.3622e-16 0)
(3 -2.04492e-16 0)
(3 -4.19004e-16 0)
(3 -6.62282e-16 0)
(3 -8.06874e-16 0)
(3 -9.52611e-16 0)
(3 -4.80708e-16 0)
(3 -3.26696e-16 0)
(3 -4.53845e-16 0)
(3 9.8504e-17 0)
(3 5.02076e-16 0)
(3 6.12656e-16 0)
(3 5.96697e-16 0)
(3 6.41016e-16 0)
(3 6.07948e-16 0)
(3 2.89289e-16 0)
(3 4.36723e-16 0)
(3 7.56328e-16 0)
(3 1.09543e-15 0)
(3 9.33468e-16 0)
(3 -1.28742e-15 0)
(3 -3.95097e-09 0)
(3.00865 0.000107369 0)
(1.51021 0.508838 0)
(0.918166 0.572528 0)
(0.892357 0.557639 0)
(0.876936 0.559157 0)
(0.861586 0.564094 0)
(0.848551 0.573679 0)
(0.836854 0.585126 0)
(0.825129 0.59768 0)
(0.813265 0.61109 0)
(0.801789 0.626092 0)
(0.791629 0.642914 0)
(0.786268 0.664872 0)
(0.78829 0.693512 0)
(0.799156 0.729006 0)
(0.819419 0.771147 0)
(0.850779 0.818618 0)
(0.894808 0.86994 0)
(0.957567 0.923491 0)
(1.05362 0.976895 0)
(1.18152 1.01542 0)
(1.34103 1.03403 0)
(3 1.25669e-16 0)
(3 -1.6055e-16 0)
(3 -2.72091e-16 0)
(3 -4.0562e-16 0)
(3 -1.51238e-16 0)
(3 5.11952e-17 0)
(3 1.12515e-16 0)
(3 -3.07064e-17 0)
(3 -8.67918e-17 0)
(3 1.68473e-16 0)
(3 4.46062e-16 0)
(3 9.2458e-18 0)
(3 -9.78214e-17 0)
(3 1.67285e-16 0)
(3 9.88961e-16 0)
(3 1.96907e-15 0)
(3 2.22882e-15 0)
(3 2.16919e-15 0)
(3 3.13145e-15 0)
(3 2.89904e-15 0)
(3 1.81068e-15 0)
(3 4.72284e-16 0)
(3 5.19888e-17 0)
(3 1.61098e-16 0)
(3 1.13476e-16 0)
(3 4.35989e-16 0)
(3 1.3131e-15 0)
(3 1.31334e-15 0)
(3 8.10366e-16 0)
(3 6.34008e-16 0)
(3 2.94233e-16 0)
(3 9.84265e-17 0)
(3 -2.20058e-16 0)
(3 -9.42487e-16 0)
(3 -1.12027e-15 0)
(3 -8.19599e-16 0)
(3 2.48361e-17 0)
(3 1.92231e-16 0)
(3 3.64413e-16 0)
(3 -5.82382e-17 0)
(3 4.65711e-17 0)
(3 2.45887e-16 0)
(3 5.10926e-17 0)
(3 -3.49832e-16 0)
(3 -6.417e-16 0)
(3 -8.99733e-16 0)
(3 -3.11726e-16 0)
(3 4.68344e-17 0)
(3 -1.40656e-16 0)
(3 -1.32471e-15 0)
(3 -1.75225e-15 0)
(3 -1.45079e-15 0)
(3 -8.20222e-16 0)
(3 -4.1316e-16 0)
(3 -5.27341e-16 0)
(3 -3.30877e-16 0)
(3 -6.12867e-16 0)
(3 -7.12315e-16 0)
(3 -1.91047e-16 0)
(3 7.65304e-16 0)
(3 -6.01389e-17 0)
(3 -9.39058e-16 0)
(3 -5.24194e-16 0)
(3 6.11356e-16 0)
(3 1.07799e-15 0)
(3 5.33452e-16 0)
(3 5.58047e-17 0)
(3 -2.70097e-16 0)
(3 -3.03225e-16 0)
(3 4.96868e-17 0)
(3 -1.89756e-16 0)
(3 -3.81951e-16 0)
(3 -4.45578e-16 0)
(3 -1.25892e-10 0)
(3.00006 -2.21247e-06 0)
(2.08856 0.511119 0)
(0.968226 0.604058 0)
(0.905682 0.567144 0)
(0.896947 0.573191 0)
(0.884401 0.579904 0)
(0.872833 0.589149 0)
(0.862294 0.600687 0)
(0.853397 0.614111 0)
(0.845246 0.628714 0)
(0.838094 0.644869 0)
(0.831631 0.661764 0)
(0.827664 0.681031 0)
(0.82961 0.705583 0)
(0.840542 0.736364 0)
(0.861517 0.773164 0)
(0.894741 0.81526 0)
(0.942471 0.861682 0)
(1.00984 0.909844 0)
(1.10313 0.953873 0)
(1.21689 0.982747 0)
(1.3536 0.9949 0)
(3 -1.78926e-17 0)
(3 -1.95887e-16 0)
(3 -9.37319e-17 0)
(3 -2.64078e-16 0)
(3 -4.50346e-16 0)
(3 -6.038e-16 0)
(3 -7.43666e-16 0)
(3 -3.69754e-16 0)
(3 -1.86145e-16 0)
(3 -2.01342e-16 0)
(3 2.68571e-16 0)
(3 3.65179e-16 0)
(3 1.16877e-16 0)
(3 3.17674e-16 0)
(3 1.45588e-16 0)
(3 2.40678e-16 0)
(3 5.02661e-16 0)
(3 1.08713e-15 0)
(3 1.34963e-15 0)
(3 1.24333e-15 0)
(3 8.6744e-16 0)
(3 4.37243e-16 0)
(3 7.93327e-16 0)
(3 5.74835e-16 0)
(3 5.11137e-16 0)
(3 1.27435e-15 0)
(3 1.92069e-15 0)
(3 1.51538e-15 0)
(3 1.56482e-15 0)
(3 1.44233e-15 0)
(3 2.14169e-15 0)
(3 3.13745e-15 0)
(3 2.64611e-15 0)
(3 7.04322e-16 0)
(3 3.56903e-16 0)
(3 1.4718e-16 0)
(3 4.76609e-16 0)
(3 1.07646e-15 0)
(3 3.68684e-16 0)
(3 -2.72998e-17 0)
(3 4.99707e-16 0)
(3 1.25093e-15 0)
(3 1.97027e-15 0)
(3 1.30021e-15 0)
(3 -4.25041e-16 0)
(3 -5.20902e-16 0)
(3 -6.0495e-16 0)
(3 -6.78497e-16 0)
(3 -1.45636e-15 0)
(3 -1.58317e-15 0)
(3 -1.21585e-15 0)
(3 -1.99173e-16 0)
(3 -2.6395e-16 0)
(3 -5.09093e-16 0)
(3 -1.6112e-16 0)
(3 1.15417e-16 0)
(3 -2.81924e-16 0)
(3 -1.15639e-15 0)
(3 -1.08739e-15 0)
(3 -7.66079e-16 0)
(3 -5.35663e-16 0)
(3 -8.01521e-16 0)
(3 4.48443e-16 0)
(3 1.29375e-15 0)
(3 9.6134e-16 0)
(3 -4.18597e-16 0)
(3 -7.80307e-16 0)
(3 -1.36316e-15 0)
(3 -2.00458e-15 0)
(3 -2.04757e-15 0)
(3 -2.43591e-15 0)
(3 -2.19867e-15 0)
(3 -6.73903e-16 0)
(3 -3.02131e-13 0)
(3.00001 -2.90723e-06 0)
(2.90285 0.230509 0)
(1.16537 0.614048 0)
(0.964103 0.573622 0)
(0.941353 0.581482 0)
(0.921189 0.594375 0)
(0.904757 0.605413 0)
(0.891481 0.617143 0)
(0.881734 0.630723 0)
(0.874862 0.645844 0)
(0.870738 0.662868 0)
(0.868507 0.680879 0)
(0.868103 0.69954 0)
(0.871486 0.720664 0)
(0.88263 0.746861 0)
(0.903686 0.778149 0)
(0.937038 0.813687 0)
(0.985193 0.85307 0)
(1.05243 0.89441 0)
(1.14133 0.931302 0)
(1.24581 0.955906 0)
(1.36373 0.965705 0)
(3 -7.43412e-18 0)
(3 -2.52044e-16 0)
(3 -5.14624e-16 0)
(3 -4.59763e-16 0)
(3 -3.42425e-16 0)
(3 -2.51448e-16 0)
(3 -2.3867e-16 0)
(3 -2.85524e-16 0)
(3 -6.3675e-16 0)
(3 -6.42521e-16 0)
(3 -5.10061e-16 0)
(3 -5.96455e-16 0)
(3 -6.79471e-16 0)
(3 -8.90704e-16 0)
(3 -1.29902e-15 0)
(3 -1.67709e-15 0)
(3 -1.26862e-15 0)
(3 3.31037e-16 0)
(3 6.52066e-16 0)
(3 9.16484e-16 0)
(3 1.58604e-15 0)
(3 1.56566e-15 0)
(3 1.52739e-15 0)
(3 1.48666e-15 0)
(3 1.38822e-15 0)
(3 1.12564e-15 0)
(3 1.05243e-15 0)
(3 1.39756e-15 0)
(3 1.56339e-15 0)
(3 2.1952e-15 0)
(3 2.74967e-15 0)
(3 2.16866e-15 0)
(3 1.53411e-15 0)
(3 1.78586e-15 0)
(3 1.3108e-15 0)
(3 1.1205e-15 0)
(3 9.60427e-16 0)
(3 1.00124e-15 0)
(3 7.83999e-16 0)
(3 8.69309e-16 0)
(3 1.72883e-15 0)
(3 2.25927e-15 0)
(3 2.81541e-15 0)
(3 2.47362e-15 0)
(3 1.63689e-15 0)
(3 6.85963e-16 0)
(3 3.85219e-16 0)
(3 -4.09911e-16 0)
(3 -1.6433e-15 0)
(3 -1.49146e-15 0)
(3 -1.22623e-15 0)
(3 -5.66052e-16 0)
(3 -6.58636e-16 0)
(3 -8.31188e-16 0)
(3 -1.0397e-15 0)
(3 -1.30528e-15 0)
(3 -1.31285e-15 0)
(3 -1.50573e-15 0)
(3 -2.06093e-15 0)
(3 -2.14339e-15 0)
(3 -1.31798e-15 0)
(3 3.36905e-16 0)
(3 4.84238e-16 0)
(3 3.99219e-16 0)
(3 4.1174e-16 0)
(3 -5.5179e-16 0)
(3 -1.27209e-15 0)
(3 -1.38134e-15 0)
(3 -2.11917e-15 0)
(3 -2.45101e-15 0)
(3 -2.91694e-15 0)
(3 -1.59648e-15 0)
(3 -7.26175e-16 0)
(3 -9.9869e-16 0)
(3 -6.20339e-07 0)
(3.05277 0.0108205 0)
(1.40972 0.57205 0)
(0.991909 0.626254 0)
(0.961748 0.621387 0)
(0.940162 0.623673 0)
(0.925538 0.629376 0)
(0.914691 0.637659 0)
(0.906679 0.648572 0)
(0.901853 0.661669 0)
(0.900508 0.677428 0)
(0.902128 0.695206 0)
(0.906268 0.71407 0)
(0.912853 0.733376 0)
(0.924807 0.755475 0)
(0.945484 0.781483 0)
(0.977734 0.810655 0)
(1.02381 0.843169 0)
(1.0862 0.876133 0)
(1.1673 0.906578 0)
(1.25999 0.92755 0)
(1.36648 0.936106 0)
(3 -1.8762e-16 0)
(3 -1.49677e-16 0)
(3 -7.51026e-16 0)
(3 -6.89299e-16 0)
(3 -3.99196e-16 0)
(3 2.91204e-17 0)
(3 1.76494e-17 0)
(3 -4.46377e-16 0)
(3 -6.89848e-16 0)
(3 -9.68951e-16 0)
(3 -1.11087e-15 0)
(3 -9.09279e-16 0)
(3 -5.37276e-16 0)
(3 -1.10361e-15 0)
(3 -8.22714e-16 0)
(3 -1.04316e-15 0)
(3 -6.77799e-16 0)
(3 -1.4911e-16 0)
(3 -2.21773e-17 0)
(3 2.73208e-16 0)
(3 8.67819e-16 0)
(3 1.6936e-15 0)
(3 1.71221e-15 0)
(3 2.13122e-15 0)
(3 1.69525e-15 0)
(3 1.39299e-15 0)
(3 7.96423e-16 0)
(3 1.18624e-15 0)
(3 1.03285e-15 0)
(3 1.1063e-15 0)
(3 1.05639e-15 0)
(3 8.74955e-16 0)
(3 4.79346e-16 0)
(3 3.74748e-16 0)
(3 4.5133e-16 0)
(3 6.3134e-16 0)
(3 7.3991e-18 0)
(3 -7.2474e-16 0)
(3 -4.83774e-16 0)
(3 4.2333e-16 0)
(3 1.30864e-15 0)
(3 1.36147e-15 0)
(3 1.89233e-15 0)
(3 3.34272e-15 0)
(3 3.32481e-15 0)
(3 1.7153e-15 0)
(3 1.0216e-15 0)
(3 1.15953e-15 0)
(3 7.67079e-16 0)
(3 3.50549e-17 0)
(3 -1.27076e-15 0)
(3 -1.63332e-15 0)
(3 -1.43132e-15 0)
(3 -1.16758e-15 0)
(3 -1.36013e-15 0)
(3 -2.48852e-15 0)
(3 -2.38953e-15 0)
(3 -2.01382e-15 0)
(3 -2.30437e-15 0)
(3 -2.05933e-15 0)
(3 -1.30817e-15 0)
(3 -5.76211e-16 0)
(3 -3.55709e-16 0)
(3 -6.00164e-16 0)
(3 -1.10613e-15 0)
(3 -1.44563e-15 0)
(3 -1.09455e-16 0)
(3 -5.76619e-16 0)
(3 -1.27522e-15 0)
(3 -1.68332e-15 0)
(3 -1.59146e-15 0)
(3 -1.37837e-15 0)
(3 -1.18064e-15 0)
(3 -4.99934e-16 0)
(3 -5.59982e-08 0)
(3.0015 -4.77824e-06 0)
(1.89318 0.563824 0)
(1.00355 0.660886 0)
(0.965752 0.638606 0)
(0.958794 0.643067 0)
(0.949935 0.647477 0)
(0.94106 0.654292 0)
(0.934104 0.663833 0)
(0.929847 0.675593 0)
(0.929558 0.690221 0)
(0.93326 0.707382 0)
(0.940573 0.726379 0)
(0.951277 0.745828 0)
(0.964916 0.765876 0)
(0.986297 0.788351 0)
(1.01819 0.812379 0)
(1.06186 0.838718 0)
(1.11889 0.864251 0)
(1.1919 0.888527 0)
(1.27431 0.904811 0)
(1.37198 0.91286 0)
(3 -9.86915e-17 0)
(3 -7.49968e-17 0)
(3 -1.15925e-16 0)
(3 -2.32079e-16 0)
(3 3.62071e-17 0)
(3 6.67072e-17 0)
(3 1.3176e-16 0)
(3 -1.74397e-16 0)
(3 -6.62768e-16 0)
(3 -7.40368e-16 0)
(3 -5.79324e-16 0)
(3 -4.32625e-16 0)
(3 -5.64201e-16 0)
(3 -1.48295e-16 0)
(3 -1.3188e-17 0)
(3 3.04467e-16 0)
(3 -2.45192e-16 0)
(3 -4.23635e-16 0)
(3 -6.02918e-16 0)
(3 -1.02322e-15 0)
(3 -9.10536e-17 0)
(3 1.18988e-15 0)
(3 1.07474e-15 0)
(3 7.50625e-16 0)
(3 1.1317e-15 0)
(3 1.11619e-15 0)
(3 1.21248e-15 0)
(3 1.4388e-15 0)
(3 1.81333e-15 0)
(3 1.49123e-15 0)
(3 6.90634e-16 0)
(3 1.04793e-15 0)
(3 5.87904e-16 0)
(3 4.52432e-16 0)
(3 7.4557e-16 0)
(3 4.55533e-16 0)
(3 4.03965e-16 0)
(3 3.68198e-16 0)
(3 4.98473e-16 0)
(3 2.12326e-16 0)
(3 1.90155e-16 0)
(3 6.16275e-16 0)
(3 6.62025e-16 0)
(3 1.60006e-15 0)
(3 1.82706e-15 0)
(3 1.2944e-15 0)
(3 1.08613e-16 0)
(3 -1.34305e-16 0)
(3 6.68447e-16 0)
(3 4.818e-16 0)
(3 1.57771e-16 0)
(3 -1.30163e-15 0)
(3 -1.26642e-15 0)
(3 -1.02982e-15 0)
(3 -1.14979e-15 0)
(3 -1.39419e-15 0)
(3 -1.30096e-15 0)
(3 -1.09845e-15 0)
(3 -1.23071e-15 0)
(3 -9.66514e-16 0)
(3 -8.73056e-16 0)
(3 -1.17836e-15 0)
(3 -1.35686e-15 0)
(3 -1.24492e-15 0)
(3 -1.83213e-15 0)
(3 -1.5502e-15 0)
(3 -8.94501e-16 0)
(3 -1.24381e-16 0)
(3 2.81557e-16 0)
(3 -2.0868e-16 0)
(3 -6.86732e-16 0)
(3 -1.54961e-15 0)
(3 -1.8232e-15 0)
(3 -1.2026e-15 0)
(3 -1.23297e-10 0)
(3 -2.85507e-07 0)
(2.77309 0.310104 0)
(1.16277 0.671424 0)
(1.00472 0.638159 0)
(0.992146 0.646367 0)
(0.982455 0.65883 0)
(0.97238 0.668174 0)
(0.964635 0.677844 0)
(0.959807 0.688736 0)
(0.959095 0.701708 0)
(0.963464 0.717449 0)
(0.971658 0.735155 0)
(0.985747 0.754555 0)
(1.00176 0.773078 0)
(1.02495 0.791872 0)
(1.05648 0.811927 0)
(1.09677 0.832507 0)
(1.14854 0.852525 0)
(1.21229 0.87024 0)
(1.28515 0.882016 0)
(1.37221 0.889203 0)
(3 6.84707e-17 0)
(3 1.12776e-16 0)
(3 1.83647e-16 0)
(3 1.72313e-16 0)
(3 2.11551e-16 0)
(3 3.17191e-17 0)
(3 1.13838e-16 0)
(3 6.03898e-16 0)
(3 4.95531e-16 0)
(3 1.43775e-16 0)
(3 -3.03497e-16 0)
(3 -1.30439e-16 0)
(3 1.96884e-16 0)
(3 8.10907e-16 0)
(3 6.40986e-16 0)
(3 2.71324e-16 0)
(3 -3.75161e-16 0)
(3 -1.45266e-15 0)
(3 -1.65537e-15 0)
(3 -1.17467e-15 0)
(3 -4.71297e-16 0)
(3 -1.7626e-16 0)
(3 -7.77656e-16 0)
(3 -8.44866e-16 0)
(3 -5.46372e-16 0)
(3 -3.63725e-16 0)
(3 1.86277e-16 0)
(3 7.02117e-16 0)
(3 1.15736e-15 0)
(3 1.00528e-15 0)
(3 8.0864e-16 0)
(3 1.03924e-15 0)
(3 9.80089e-16 0)
(3 8.94234e-16 0)
(3 6.315e-16 0)
(3 1.80176e-16 0)
(3 9.94875e-16 0)
(3 1.49114e-15 0)
(3 1.54517e-15 0)
(3 1.38877e-15 0)
(3 1.32278e-15 0)
(3 1.0264e-15 0)
(3 3.8096e-16 0)
(3 6.14815e-16 0)
(3 1.10528e-15 0)
(3 7.78276e-16 0)
(3 2.58242e-16 0)
(3 -5.47353e-16 0)
(3 -1.08004e-15 0)
(3 -9.86267e-16 0)
(3 -1.79703e-16 0)
(3 -1.21273e-16 0)
(3 -1.10416e-15 0)
(3 -1.85921e-15 0)
(3 -1.82393e-15 0)
(3 -7.63316e-16 0)
(3 -4.5775e-16 0)
(3 -1.75411e-16 0)
(3 3.72904e-16 0)
(3 3.82138e-16 0)
(3 -4.44593e-16 0)
(3 -8.01273e-16 0)
(3 -8.9037e-16 0)
(3 -1.2481e-15 0)
(3 -1.63006e-15 0)
(3 -1.09046e-15 0)
(3 -1.23375e-15 0)
(3 -1.13979e-15 0)
(3 -1.08142e-15 0)
(3 -8.13227e-16 0)
(3 -4.0251e-16 0)
(3 -1.53178e-15 0)
(3 -2.20189e-15 0)
(3 -1.93431e-15 0)
(3 -3.18443e-15 0)
(3 -1.41912e-07 0)
(3.06613 0.0205422 0)
(1.44478 0.634915 0)
(1.04551 0.683888 0)
(1.01257 0.678754 0)
(0.999633 0.68424 0)
(0.990982 0.690611 0)
(0.986291 0.697005 0)
(0.984474 0.705778 0)
(0.985835 0.715754 0)
(0.991473 0.729003 0)
(1.00058 0.744193 0)
(1.01586 0.762051 0)
(1.03478 0.77994 0)
(1.06012 0.797725 0)
(1.09183 0.815413 0)
(1.12994 0.832088 0)
(1.17807 0.848215 0)
(1.23432 0.860947 0)
(1.30044 0.869587 0)
(1.3768 0.874686 0)
(3 -2.45574e-18 0)
(3 7.59976e-17 0)
(3 6.35197e-16 0)
(3 1.02791e-15 0)
(3 6.99301e-16 0)
(3 -4.05851e-17 0)
(3 -4.60861e-16 0)
(3 -4.15029e-16 0)
(3 1.69824e-16 0)
(3 6.308e-16 0)
(3 4.87514e-16 0)
(3 5.29888e-16 0)
(3 1.0312e-15 0)
(3 8.86085e-16 0)
(3 7.09856e-16 0)
(3 9.58534e-17 0)
(3 -5.31124e-16 0)
(3 -9.22607e-16 0)
(3 -8.10494e-16 0)
(3 -6.16124e-16 0)
(3 -1.25991e-15 0)
(3 -1.87434e-15 0)
(3 -1.16634e-15 0)
(3 -5.47299e-16 0)
(3 4.83985e-19 0)
(3 -1.47432e-16 0)
(3 -3.16226e-17 0)
(3 -2.63031e-16 0)
(3 -2.38986e-16 0)
(3 -4.2474e-17 0)
(3 5.10593e-17 0)
(3 1.51308e-16 0)
(3 6.10666e-16 0)
(3 4.88701e-16 0)
(3 2.01652e-16 0)
(3 2.61845e-16 0)
(3 3.44355e-16 0)
(3 6.15378e-16 0)
(3 9.20823e-16 0)
(3 1.14705e-15 0)
(3 1.07382e-15 0)
(3 4.75977e-16 0)
(3 7.12102e-16 0)
(3 6.98397e-16 0)
(3 4.38583e-16 0)
(3 4.77264e-16 0)
(3 6.36732e-16 0)
(3 2.59406e-16 0)
(3 -6.93494e-16 0)
(3 -2.79257e-16 0)
(3 1.5271e-16 0)
(3 2.99564e-16 0)
(3 4.96334e-17 0)
(3 -8.52293e-16 0)
(3 -9.35681e-16 0)
(3 -6.80526e-16 0)
(3 -5.19646e-16 0)
(3 -1.70379e-16 0)
(3 1.74217e-16 0)
(3 1.88708e-17 0)
(3 -2.71218e-16 0)
(3 -2.54417e-16 0)
(3 -2.80718e-16 0)
(3 -4.03385e-16 0)
(3 -1.34476e-15 0)
(3 -1.28999e-15 0)
(3 -1.01395e-15 0)
(3 -1.18673e-15 0)
(3 -1.53004e-15 0)
(3 -1.27236e-15 0)
(3 -7.1326e-16 0)
(3 -5.31739e-16 0)
(3 -7.76268e-16 0)
(3 -1.98388e-15 0)
(3 2.37628e-13 0)
(3 -2.63801e-08 0)
(3.0029 5.47463e-05 0)
(2.01759 0.604176 0)
(1.07325 0.727238 0)
(1.03404 0.697031 0)
(1.02939 0.696393 0)
(1.02129 0.702426 0)
(1.01514 0.707991 0)
(1.0135 0.716565 0)
(1.01514 0.725881 0)
(1.02061 0.738028 0)
(1.02978 0.75063 0)
(1.04422 0.766643 0)
(1.06439 0.782521 0)
(1.0907 0.798723 0)
(1.12197 0.814089 0)
(1.15907 0.827953 0)
(1.20408 0.840604 0)
(1.25494 0.849994 0)
(1.31489 0.856345 0)
(1.38148 0.859353 0)
(3 -4.02821e-17 0)
(3 5.04382e-17 0)
(3 4.2053e-16 0)
(3 5.32205e-16 0)
(3 2.92661e-16 0)
(3 -1.65371e-16 0)
(3 -1.40566e-16 0)
(3 -7.48529e-16 0)
(3 -4.46084e-16 0)
(3 2.70385e-16 0)
(3 1.51349e-15 0)
(3 1.83747e-15 0)
(3 1.14407e-15 0)
(3 5.39257e-16 0)
(3 6.40048e-16 0)
(3 3.80361e-16 0)
(3 -1.26118e-16 0)
(3 -1.21306e-16 0)
(3 -2.50748e-16 0)
(3 -5.51562e-16 0)
(3 -9.14961e-16 0)
(3 -5.74495e-16 0)
(3 -1.06328e-16 0)
(3 2.44534e-16 0)
(3 -1.85989e-17 0)
(3 -2.40819e-16 0)
(3 -4.17314e-16 0)
(3 -6.56069e-17 0)
(3 -2.56127e-16 0)
(3 -1.6423e-16 0)
(3 -4.9178e-16 0)
(3 -6.29499e-16 0)
(3 -4.1496e-16 0)
(3 7.06835e-17 0)
(3 3.62687e-16 0)
(3 5.27995e-16 0)
(3 4.02897e-16 0)
(3 3.9384e-16 0)
(3 8.94401e-16 0)
(3 1.2404e-15 0)
(3 1.06162e-15 0)
(3 -2.06442e-17 0)
(3 2.35707e-17 0)
(3 5.71752e-17 0)
(3 9.32947e-17 0)
(3 4.09007e-16 0)
(3 8.05953e-16 0)
(3 1.03198e-15 0)
(3 1.27839e-15 0)
(3 8.52047e-16 0)
(3 9.44628e-16 0)
(3 3.93804e-16 0)
(3 2.47691e-16 0)
(3 7.37867e-16 0)
(3 7.15094e-16 0)
(3 4.7164e-16 0)
(3 2.22269e-16 0)
(3 -1.20471e-16 0)
(3 -7.97862e-16 0)
(3 -1.17046e-15 0)
(3 -3.34737e-16 0)
(3 2.39458e-16 0)
(3 -4.11353e-16 0)
(3 -2.71829e-16 0)
(3 -4.20892e-16 0)
(3 -8.64555e-16 0)
(3 -1.23436e-15 0)
(3 -8.34442e-16 0)
(3 -2.22302e-16 0)
(3 6.46633e-17 0)
(3 -3.88556e-16 0)
(3 -1.49611e-16 0)
(3 2.60109e-17 0)
(3 -3.59887e-16 0)
(3 3.57136e-14 0)
(3 -2.1131e-09 0)
(3.00001 -1.82473e-07 0)
(2.96528 0.204482 0)
(1.28821 0.695423 0)
(1.0791 0.695465 0)
(1.07289 0.707939 0)
(1.0631 0.718777 0)
(1.05309 0.723519 0)
(1.04819 0.731018 0)
(1.04716 0.739348 0)
(1.05035 0.750005 0)
(1.05851 0.760924 0)
(1.07173 0.773619 0)
(1.09149 0.787317 0)
(1.11792 0.802125 0)
(1.1488 0.815881 0)
(1.18561 0.828407 0)
(1.22836 0.839054 0)
(1.27622 0.846407 0)
(1.33061 0.851364 0)
(1.39001 0.852271 0)
(3 -1.07556e-17 0)
(3 2.22119e-16 0)
(3 5.03809e-16 0)
(3 2.58765e-16 0)
(3 1.02916e-16 0)
(3 9.68566e-17 0)
(3 1.26225e-16 0)
(3 1.11392e-16 0)
(3 5.89398e-16 0)
(3 8.59559e-16 0)
(3 9.88426e-16 0)
(3 8.26168e-16 0)
(3 5.09308e-16 0)
(3 3.73703e-16 0)
(3 1.32836e-16 0)
(3 -1.38515e-16 0)
(3 -4.13296e-16 0)
(3 -2.149e-16 0)
(3 -6.01462e-16 0)
(3 -1.0606e-15 0)
(3 -1.40394e-15 0)
(3 -9.05654e-16 0)
(3 -3.24883e-16 0)
(3 -4.54669e-16 0)
(3 -8.6547e-16 0)
(3 -9.74435e-16 0)
(3 -9.54451e-16 0)
(3 -8.97106e-16 0)
(3 -9.34096e-16 0)
(3 -1.02819e-15 0)
(3 -1.23464e-15 0)
(3 -1.53107e-15 0)
(3 -1.4731e-15 0)
(3 -1.15202e-15 0)
(3 -3.38456e-16 0)
(3 3.00043e-16 0)
(3 4.26172e-16 0)
(3 -1.23634e-17 0)
(3 -7.70669e-17 0)
(3 -8.39278e-17 0)
(3 -6.65867e-16 0)
(3 -6.89289e-16 0)
(3 -7.78596e-17 0)
(3 2.20069e-16 0)
(3 4.07018e-16 0)
(3 7.11189e-16 0)
(3 5.90032e-16 0)
(3 8.80804e-16 0)
(3 1.3033e-15 0)
(3 1.55816e-15 0)
(3 1.27632e-15 0)
(3 4.60156e-16 0)
(3 4.11273e-16 0)
(3 7.58115e-16 0)
(3 8.0086e-16 0)
(3 2.90072e-16 0)
(3 -3.63168e-16 0)
(3 -7.81186e-16 0)
(3 -1.00026e-15 0)
(3 2.6696e-16 0)
(3 8.31065e-16 0)
(3 5.53448e-16 0)
(3 -4.1905e-16 0)
(3 -1.25631e-15 0)
(3 -1.61365e-15 0)
(3 -2.4631e-15 0)
(3 -1.96615e-15 0)
(3 -1.31849e-15 0)
(3 -5.3302e-16 0)
(3 7.6169e-17 0)
(3 3.98953e-17 0)
(3 -5.15609e-16 0)
(3 -2.28078e-16 0)
(3 -5.88343e-16 0)
(3 1.88096e-15 0)
(3 -7.86536e-12 0)
(3 -4.38411e-07 0)
(3.03848 0.00494383 0)
(1.55681 0.654734 0)
(1.08179 0.743259 0)
(1.0753 0.738255 0)
(1.07049 0.741396 0)
(1.07128 0.745648 0)
(1.07312 0.751094 0)
(1.07504 0.75613 0)
(1.07896 0.762539 0)
(1.08712 0.770094 0)
(1.09983 0.778867 0)
(1.11798 0.789359 0)
(1.14276 0.800929 0)
(1.17238 0.8126 0)
(1.20786 0.823706 0)
(1.24847 0.832836 0)
(1.29421 0.839209 0)
(1.34446 0.843136 0)
(1.39987 0.842985 0)
(3 4.59322e-17 0)
(3 2.10324e-16 0)
(3 2.5203e-16 0)
(3 -3.23877e-17 0)
(3 3.0086e-16 0)
(3 9.25295e-16 0)
(3 6.99381e-16 0)
(3 4.7241e-16 0)
(3 1.56726e-15 0)
(3 2.61357e-15 0)
(3 1.78973e-15 0)
(3 -3.1112e-16 0)
(3 -9.84419e-17 0)
(3 -1.2073e-17 0)
(3 -2.40625e-16 0)
(3 -4.36662e-16 0)
(3 -5.48278e-16 0)
(3 -1.96167e-16 0)
(3 -1.09769e-15 0)
(3 -1.72707e-15 0)
(3 -2.19407e-15 0)
(3 -1.02819e-15 0)
(3 -9.28923e-16 0)
(3 -9.9066e-16 0)
(3 -6.14531e-16 0)
(3 -1.68611e-16 0)
(3 -1.40604e-16 0)
(3 -4.28543e-16 0)
(3 -1.84765e-16 0)
(3 1.65252e-16 0)
(3 7.93291e-16 0)
(3 6.13893e-16 0)
(3 3.5704e-16 0)
(3 1.15929e-16 0)
(3 -9.72042e-17 0)
(3 -3.41331e-16 0)
(3 -1.08359e-15 0)
(3 -1.35704e-15 0)
(3 -1.71965e-15 0)
(3 -1.76241e-15 0)
(3 -1.95187e-15 0)
(3 -1.42699e-15 0)
(3 -8.61638e-16 0)
(3 -8.51736e-17 0)
(3 -1.77485e-16 0)
(3 -7.40812e-17 0)
(3 1.76755e-16 0)
(3 3.87472e-16 0)
(3 5.35787e-16 0)
(3 6.31052e-16 0)
(3 5.58478e-16 0)
(3 1.61045e-15 0)
(3 2.1541e-15 0)
(3 1.98287e-15 0)
(3 1.54485e-15 0)
(3 1.04297e-15 0)
(3 1.23903e-15 0)
(3 -2.39961e-16 0)
(3 -7.23967e-16 0)
(3 -1.48641e-16 0)
(3 1.94327e-16 0)
(3 4.27444e-17 0)
(3 -1.17768e-15 0)
(3 -2.54432e-15 0)
(3 -2.48765e-15 0)
(3 -2.42802e-15 0)
(3 -2.56008e-15 0)
(3 -2.85612e-15 0)
(3 -2.0847e-15 0)
(3 -1.26724e-15 0)
(3 -8.30838e-16 0)
(3 -5.87359e-17 0)
(3 4.15546e-16 0)
(3 9.31662e-16 0)
(3 1.72229e-15 0)
(3 -1.22277e-14 0)
(3 -8.00867e-08 0)
(3.00071 1.36961e-05 0)
(2.35178 0.539958 0)
(1.15342 0.773842 0)
(1.08817 0.736407 0)
(1.08683 0.744099 0)
(1.09131 0.751683 0)
(1.09543 0.760276 0)
(1.09965 0.767138 0)
(1.10536 0.773778 0)
(1.11439 0.780682 0)
(1.1271 0.788377 0)
(1.14422 0.796775 0)
(1.16691 0.805813 0)
(1.19488 0.815221 0)
(1.22856 0.824499 0)
(1.2672 0.832176 0)
(1.31067 0.837969 0)
(1.35778 0.841131 0)
(1.40949 0.840805 0)
(3 9.15203e-17 0)
(3 -1.57498e-16 0)
(3 -3.73664e-16 0)
(3 -2.49445e-16 0)
(3 -7.92979e-18 0)
(3 5.25022e-16 0)
(3 8.85449e-16 0)
(3 1.58038e-15 0)
(3 9.85507e-16 0)
(3 4.84529e-16 0)
(3 5.16948e-16 0)
(3 1.7184e-16 0)
(3 -4.17886e-16 0)
(3 -2.92841e-16 0)
(3 4.17156e-16 0)
(3 4.15165e-16 0)
(3 3.57452e-16 0)
(3 -3.41106e-16 0)
(3 -1.16694e-15 0)
(3 -1.85286e-15 0)
(3 -1.62268e-15 0)
(3 -9.93343e-16 0)
(3 -2.6185e-16 0)
(3 2.50364e-17 0)
(3 -5.75131e-17 0)
(3 5.00486e-16 0)
(3 6.12607e-16 0)
(3 1.19968e-16 0)
(3 -1.41492e-16 0)
(3 2.58981e-16 0)
(3 7.82502e-16 0)
(3 1.49497e-15 0)
(3 1.32521e-15 0)
(3 1.12224e-15 0)
(3 4.68204e-16 0)
(3 -2.69237e-16 0)
(3 -5.3877e-16 0)
(3 -1.05471e-15 0)
(3 -1.86933e-15 0)
(3 -1.58116e-15 0)
(3 -1.02157e-15 0)
(3 -8.6253e-16 0)
(3 -1.07033e-15 0)
(3 -1.27507e-15 0)
(3 -1.40371e-15 0)
(3 -9.51055e-16 0)
(3 -3.98979e-16 0)
(3 1.70298e-16 0)
(3 -2.37549e-16 0)
(3 -5.69677e-16 0)
(3 -7.31137e-16 0)
(3 -6.38974e-17 0)
(3 1.41243e-15 0)
(3 2.00096e-15 0)
(3 2.11562e-15 0)
(3 2.12876e-15 0)
(3 2.33944e-15 0)
(3 8.92668e-16 0)
(3 -1.31323e-17 0)
(3 9.02375e-17 0)
(3 1.18117e-16 0)
(3 4.45313e-17 0)
(3 -9.57667e-16 0)
(3 -2.08786e-15 0)
(3 -1.79493e-15 0)
(3 -1.65514e-15 0)
(3 -1.88126e-15 0)
(3 -2.3108e-15 0)
(3 -2.16527e-15 0)
(3 -1.94036e-15 0)
(3 -8.87922e-16 0)
(3 3.78983e-16 0)
(3 1.46804e-15 0)
(3 1.88773e-15 0)
(3 1.69537e-15 0)
(3 1.03494e-15 0)
(3 -1.8766e-09 0)
(3.00003 -9.4334e-06 0)
(3.06518 0.0873065 0)
(1.47203 0.737418 0)
(1.13589 0.747723 0)
(1.12627 0.754867 0)
(1.12034 0.76235 0)
(1.11963 0.768923 0)
(1.12296 0.775159 0)
(1.12981 0.781366 0)
(1.14029 0.787588 0)
(1.1538 0.794002 0)
(1.17075 0.800447 0)
(1.19185 0.806992 0)
(1.21752 0.81384 0)
(1.24856 0.820795 0)
(1.28456 0.827346 0)
(1.32511 0.832463 0)
(1.3696 0.835116 0)
(1.41778 0.835119 0)
(3 -8.45635e-17 0)
(3 -1.19074e-16 0)
(3 -1.34979e-16 0)
(3 1.72553e-16 0)
(3 4.3134e-16 0)
(3 -8.41994e-17 0)
(3 3.64516e-17 0)
(3 1.81535e-16 0)
(3 -3.99969e-17 0)
(3 -1.02464e-15 0)
(3 -1.35822e-15 0)
(3 -8.98228e-16 0)
(3 -1.02299e-15 0)
(3 -7.00826e-16 0)
(3 -6.42468e-16 0)
(3 -3.17008e-16 0)
(3 -9.02683e-16 0)
(3 -1.52609e-15 0)
(3 -1.47308e-15 0)
(3 -1.67689e-15 0)
(3 -1.78666e-15 0)
(3 -1.04635e-15 0)
(3 -7.65402e-16 0)
(3 -4.46908e-16 0)
(3 -5.02232e-16 0)
(3 -7.4991e-16 0)
(3 -1.83613e-16 0)
(3 1.43616e-16 0)
(3 -1.10528e-16 0)
(3 -4.22072e-16 0)
(3 -8.29617e-16 0)
(3 -7.61636e-16 0)
(3 -2.76497e-16 0)
(3 -6.34491e-16 0)
(3 -7.45888e-16 0)
(3 -5.12159e-16 0)
(3 6.76813e-17 0)
(3 -3.35599e-16 0)
(3 -8.56927e-16 0)
(3 -9.59051e-16 0)
(3 -9.55402e-16 0)
(3 -1.08066e-15 0)
(3 -1.29238e-15 0)
(3 -1.11279e-15 0)
(3 -5.29428e-16 0)
(3 -7.42182e-18 0)
(3 9.87472e-16 0)
(3 6.33441e-16 0)
(3 -1.58443e-16 0)
(3 -1.00062e-15 0)
(3 -1.35759e-15 0)
(3 -1.28127e-15 0)
(3 -2.98529e-16 0)
(3 4.88109e-16 0)
(3 1.41562e-15 0)
(3 1.82822e-15 0)
(3 1.68636e-15 0)
(3 1.23317e-15 0)
(3 5.64863e-16 0)
(3 2.91801e-16 0)
(3 1.00724e-15 0)
(3 1.41162e-15 0)
(3 1.33665e-15 0)
(3 1.08063e-16 0)
(3 -1.08884e-15 0)
(3 -1.44196e-15 0)
(3 -1.15209e-15 0)
(3 -1.31628e-15 0)
(3 -1.63623e-15 0)
(3 -2.07773e-15 0)
(3 -4.96161e-16 0)
(3 5.85754e-16 0)
(3 9.57289e-16 0)
(3 1.03226e-15 0)
(3 6.00616e-16 0)
(3 2.06585e-16 0)
(3 -4.44166e-12 0)
(3 -2.36959e-06 0)
(3.01225 0.00102504 0)
(1.99751 0.672927 0)
(1.16588 0.809107 0)
(1.1392 0.785481 0)
(1.13969 0.783404 0)
(1.13963 0.785232 0)
(1.14356 0.787975 0)
(1.15137 0.792677 0)
(1.16291 0.798218 0)
(1.17713 0.804085 0)
(1.19437 0.809769 0)
(1.215 0.815131 0)
(1.23924 0.820351 0)
(1.26794 0.825517 0)
(1.30153 0.830222 0)
(1.3391 0.833638 0)
(1.38048 0.835299 0)
(1.42506 0.834917 0)
(3 -9.41093e-17 0)
(3 -4.03371e-16 0)
(3 -1.58072e-16 0)
(3 -9.15343e-17 0)
(3 -2.4376e-17 0)
(3 -1.33898e-16 0)
(3 -2.12784e-16 0)
(3 -1.88793e-16 0)
(3 7.80635e-17 0)
(3 -1.10247e-16 0)
(3 -3.76984e-16 0)
(3 -7.81861e-16 0)
(3 -1.12057e-15 0)
(3 -1.39089e-15 0)
(3 -2.02346e-15 0)
(3 -2.22917e-15 0)
(3 -2.13653e-15 0)
(3 -1.84744e-15 0)
(3 -1.50043e-15 0)
(3 -1.36773e-15 0)
(3 -1.51524e-15 0)
(3 -1.15117e-15 0)
(3 -9.40711e-16 0)
(3 -1.194e-15 0)
(3 -1.28836e-15 0)
(3 -1.8197e-15 0)
(3 -1.88709e-15 0)
(3 -5.86705e-16 0)
(3 9.44174e-17 0)
(3 4.78964e-16 0)
(3 -3.34499e-16 0)
(3 -1.00776e-15 0)
(3 -8.00765e-16 0)
(3 -4.71345e-16 0)
(3 -4.90043e-17 0)
(3 8.64277e-17 0)
(3 -4.68993e-16 0)
(3 -6.17044e-16 0)
(3 -6.37395e-16 0)
(3 -9.22161e-16 0)
(3 -1.40531e-15 0)
(3 -1.77513e-15 0)
(3 -1.51801e-15 0)
(3 -7.59104e-16 0)
(3 2.70937e-16 0)
(3 1.09373e-15 0)
(3 1.65622e-15 0)
(3 1.11853e-15 0)
(3 6.01144e-16 0)
(3 3.91456e-17 0)
(3 -4.06241e-16 0)
(3 -9.38239e-16 0)
(3 -1.02251e-15 0)
(3 -5.08926e-16 0)
(3 -1.89253e-16 0)
(3 7.92327e-16 0)
(3 1.98376e-15 0)
(3 3.05612e-15 0)
(3 3.17613e-15 0)
(3 2.10878e-15 0)
(3 1.12803e-15 0)
(3 9.95965e-16 0)
(3 1.55901e-15 0)
(3 7.28819e-16 0)
(3 4.53208e-16 0)
(3 1.77057e-17 0)
(3 3.51945e-16 0)
(3 2.41265e-16 0)
(3 -5.66368e-16 0)
(3 -1.0011e-15 0)
(3 -3.40509e-16 0)
(3 2.34655e-17 0)
(3 4.03175e-18 0)
(3 -2.11559e-17 0)
(3 4.01395e-16 0)
(3 9.49178e-16 0)
(3 2.15018e-13 0)
(3 -1.86955e-07 0)
(3.00008 7.31436e-06 0)
(2.96371 0.216933 0)
(1.41448 0.789163 0)
(1.17634 0.78187 0)
(1.17625 0.784484 0)
(1.17248 0.788388 0)
(1.17321 0.791452 0)
(1.17882 0.796086 0)
(1.18872 0.801243 0)
(1.20182 0.806782 0)
(1.21841 0.812004 0)
(1.23853 0.816837 0)
(1.26186 0.821179 0)
(1.28885 0.824934 0)
(1.31973 0.828053 0)
(1.35435 0.830139 0)
(1.39226 0.831109 0)
(1.43372 0.830266 0)
(3 -8.96359e-17 0)
(3 5.25253e-17 0)
(3 -1.63034e-16 0)
(3 -6.6817e-16 0)
(3 -8.40895e-16 0)
(3 -7.65195e-16 0)
(3 -6.84338e-16 0)
(3 -4.92088e-16 0)
(3 -8.01336e-17 0)
(3 1.39195e-16 0)
(3 5.7708e-16 0)
(3 3.14151e-16 0)
(3 -1.19601e-16 0)
(3 -9.44671e-16 0)
(3 -2.22081e-15 0)
(3 -2.71919e-15 0)
(3 -1.95438e-15 0)
(3 -1.27478e-15 0)
(3 9.6052e-17 0)
(3 8.61426e-16 0)
(3 7.42466e-16 0)
(3 -4.31294e-16 0)
(3 -1.01895e-15 0)
(3 -1.63989e-15 0)
(3 -1.74756e-15 0)
(3 -1.80564e-15 0)
(3 -1.9497e-15 0)
(3 -1.56618e-15 0)
(3 -4.57939e-16 0)
(3 -2.89904e-16 0)
(3 -1.5211e-16 0)
(3 1.2451e-16 0)
(3 6.79893e-16 0)
(3 1.14828e-15 0)
(3 1.09683e-15 0)
(3 8.02658e-16 0)
(3 -6.12157e-16 0)
(3 -7.97572e-16 0)
(3 -9.00959e-16 0)
(3 -1.42342e-15 0)
(3 -9.37187e-16 0)
(3 3.9104e-16 0)
(3 6.95203e-16 0)
(3 4.046e-16 0)
(3 -8.219e-17 0)
(3 3.4745e-16 0)
(3 5.5808e-16 0)
(3 1.08322e-15 0)
(3 1.53651e-15 0)
(3 2.01169e-15 0)
(3 1.58965e-15 0)
(3 6.84989e-16 0)
(3 -9.92319e-17 0)
(3 -4.02849e-16 0)
(3 -1.04562e-16 0)
(3 8.38262e-16 0)
(3 1.25305e-15 0)
(3 2.43217e-15 0)
(3 3.32673e-15 0)
(3 3.40074e-15 0)
(3 1.40229e-15 0)
(3 1.1925e-15 0)
(3 1.49969e-15 0)
(3 1.6839e-15 0)
(3 1.94299e-15 0)
(3 1.95685e-15 0)
(3 1.27188e-15 0)
(3 1.09693e-15 0)
(3 5.80543e-16 0)
(3 -2.05601e-16 0)
(3 -4.21856e-16 0)
(3 -6.8652e-16 0)
(3 -4.77895e-16 0)
(3 -1.24893e-16 0)
(3 2.20538e-15 0)
(3 2.55191e-15 0)
(3 4.69582e-14 0)
(3 -1.14457e-09 0)
(3.00001 -2.35817e-06 0)
(3.03064 0.00492381 0)
(1.81731 0.727419 0)
(1.19773 0.82828 0)
(1.18649 0.813318 0)
(1.18735 0.811267 0)
(1.19128 0.812162 0)
(1.19875 0.813746 0)
(1.20901 0.816066 0)
(1.22236 0.819029 0)
(1.23886 0.822661 0)
(1.25873 0.826456 0)
(1.28154 0.829961 0)
(1.30741 0.832747 0)
(1.33641 0.834587 0)
(1.36839 0.835387 0)
(1.40329 0.834963 0)
(1.44164 0.832918 0)
(3 4.20368e-17 0)
(3 -1.45425e-17 0)
(3 -6.69457e-16 0)
(3 -7.39178e-16 0)
(3 -8.84994e-16 0)
(3 -9.04361e-16 0)
(3 -8.70397e-16 0)
(3 -1.41153e-15 0)
(3 -1.51141e-15 0)
(3 -5.00211e-16 0)
(3 -1.72889e-16 0)
(3 1.21388e-15 0)
(3 1.76838e-15 0)
(3 7.36529e-16 0)
(3 -1.67136e-15 0)
(3 -1.46547e-15 0)
(3 -9.65026e-16 0)
(3 -2.81082e-17 0)
(3 5.71135e-16 0)
(3 8.16875e-16 0)
(3 7.01959e-16 0)
(3 3.98985e-16 0)
(3 -2.67494e-16 0)
(3 -7.55628e-16 0)
(3 -1.33799e-15 0)
(3 -1.43194e-15 0)
(3 -1.59445e-15 0)
(3 -1.4563e-15 0)
(3 -1.30467e-15 0)
(3 -1.18329e-15 0)
(3 -3.28299e-16 0)
(3 7.56075e-16 0)
(3 7.76913e-16 0)
(3 4.56686e-16 0)
(3 5.1485e-16 0)
(3 5.03417e-16 0)
(3 1.59266e-16 0)
(3 -2.27845e-16 0)
(3 1.10865e-16 0)
(3 8.80099e-16 0)
(3 1.4987e-15 0)
(3 1.27423e-15 0)
(3 1.02178e-15 0)
(3 5.30604e-17 0)
(3 1.42541e-16 0)
(3 8.78672e-16 0)
(3 1.8163e-15 0)
(3 2.05993e-15 0)
(3 2.45366e-15 0)
(3 2.63843e-15 0)
(3 2.64507e-15 0)
(3 2.54693e-15 0)
(3 1.839e-15 0)
(3 1.40774e-15 0)
(3 1.29248e-15 0)
(3 8.35548e-16 0)
(3 3.49364e-16 0)
(3 4.42891e-16 0)
(3 1.03224e-15 0)
(3 1.65317e-15 0)
(3 1.60114e-15 0)
(3 1.51067e-15 0)
(3 1.70098e-15 0)
(3 1.88401e-15 0)
(3 1.9221e-15 0)
(3 1.75238e-15 0)
(3 1.43915e-15 0)
(3 1.36406e-15 0)
(3 1.44586e-15 0)
(3 8.45438e-16 0)
(3 -2.35686e-16 0)
(3 -6.11058e-16 0)
(3 2.571e-17 0)
(3 7.95935e-16 0)
(3 1.89498e-15 0)
(3 7.72262e-16 0)
(3 4.93282e-15 0)
(3 -2.16566e-12 0)
(3 -5.16649e-07 0)
(3.00038 7.86704e-05 0)
(2.83397 0.333369 0)
(1.38359 0.824668 0)
(1.2127 0.810187 0)
(1.21841 0.810788 0)
(1.22044 0.813598 0)
(1.22597 0.81553 0)
(1.23471 0.817941 0)
(1.24677 0.820888 0)
(1.26223 0.824383 0)
(1.28095 0.827842 0)
(1.30272 0.830827 0)
(1.32734 0.833238 0)
(1.35473 0.834592 0)
(1.38448 0.83476 0)
(1.41699 0.833485 0)
(1.45225 0.830899 0)
(3 6.89903e-17 0)
(3 6.68144e-17 0)
(3 2.19929e-16 0)
(3 -1.2435e-20 0)
(3 -2.94735e-16 0)
(3 -1.43417e-16 0)
(3 -4.04135e-16 0)
(3 -5.90173e-16 0)
(3 -9.33405e-16 0)
(3 -1.32727e-15 0)
(3 -1.56044e-15 0)
(3 -2.71754e-16 0)
(3 8.60926e-16 0)
(3 1.24497e-16 0)
(3 -3.71247e-16 0)
(3 -4.26911e-16 0)
(3 5.81008e-16 0)
(3 6.11113e-16 0)
(3 6.1669e-16 0)
(3 8.78147e-16 0)
(3 5.96832e-16 0)
(3 6.19052e-16 0)
(3 6.75927e-16 0)
(3 5.21501e-16 0)
(3 -4.2181e-16 0)
(3 -2.11741e-16 0)
(3 -8.47985e-16 0)
(3 -9.9753e-16 0)
(3 -1.09615e-15 0)
(3 -8.41488e-16 0)
(3 3.12152e-16 0)
(3 5.72051e-16 0)
(3 -1.00267e-16 0)
(3 -6.91423e-16 0)
(3 -5.10958e-16 0)
(3 -4.18017e-17 0)
(3 3.44641e-16 0)
(3 4.66225e-16 0)
(3 7.27099e-16 0)
(3 9.80741e-16 0)
(3 8.22933e-16 0)
(3 2.88078e-17 0)
(3 -4.68345e-16 0)
(3 6.91541e-17 0)
(3 4.68835e-16 0)
(3 1.46759e-15 0)
(3 1.90284e-15 0)
(3 2.18874e-15 0)
(3 2.06517e-15 0)
(3 2.12378e-15 0)
(3 2.01327e-15 0)
(3 2.15491e-15 0)
(3 2.23871e-15 0)
(3 2.17384e-15 0)
(3 2.08649e-15 0)
(3 1.40798e-15 0)
(3 1.19719e-15 0)
(3 7.30478e-16 0)
(3 4.89329e-16 0)
(3 8.24018e-16 0)
(3 1.39792e-15 0)
(3 1.46375e-15 0)
(3 1.98724e-15 0)
(3 2.32213e-15 0)
(3 2.08672e-15 0)
(3 1.2616e-15 0)
(3 1.1108e-15 0)
(3 1.72021e-15 0)
(3 2.30084e-15 0)
(3 1.9144e-15 0)
(3 1.02039e-15 0)
(3 2.15797e-17 0)
(3 -3.05663e-16 0)
(3 -4.81871e-16 0)
(3 -3.4007e-16 0)
(3 -5.57758e-16 0)
(3 6.70046e-16 0)
(3 4.65737e-16 0)
(3 -4.43049e-08 0)
(3 4.86869e-09 0)
(3.04592 0.0127343 0)
(1.74872 0.75697 0)
(1.23028 0.841981 0)
(1.22752 0.83571 0)
(1.23453 0.833082 0)
(1.24287 0.833683 0)
(1.25314 0.834855 0)
(1.26553 0.836355 0)
(1.28086 0.838183 0)
(1.29881 0.840102 0)
(1.3194 0.841953 0)
(1.34294 0.843154 0)
(1.36899 0.843375 0)
(1.39732 0.842418 0)
(1.42792 0.840301 0)
(1.46064 0.837071 0)
(3 -3.48948e-17 0)
(3 2.76978e-16 0)
(3 1.16391e-15 0)
(3 1.02146e-15 0)
(3 6.96894e-16 0)
(3 -2.5396e-16 0)
(3 -1.1735e-15 0)
(3 -1.08495e-15 0)
(3 -1.13188e-15 0)
(3 -2.06214e-15 0)
(3 -2.00244e-15 0)
(3 -1.6015e-15 0)
(3 -1.14726e-15 0)
(3 -6.80012e-16 0)
(3 -3.66121e-17 0)
(3 1.29899e-16 0)
(3 4.68864e-16 0)
(3 5.74399e-16 0)
(3 3.51932e-16 0)
(3 4.91778e-16 0)
(3 4.995e-16 0)
(3 5.61949e-16 0)
(3 3.18158e-16 0)
(3 5.56099e-16 0)
(3 1.4336e-16 0)
(3 2.92861e-16 0)
(3 2.48188e-16 0)
(3 -2.97788e-16 0)
(3 -5.18308e-16 0)
(3 -3.99312e-16 0)
(3 -5.91874e-16 0)
(3 -7.86448e-16 0)
(3 -1.03552e-15 0)
(3 -8.42684e-16 0)
(3 -9.68141e-16 0)
(3 -7.37557e-16 0)
(3 -5.04761e-16 0)
(3 -3.832e-17 0)
(3 -1.62828e-16 0)
(3 -6.85673e-16 0)
(3 -9.78045e-16 0)
(3 -8.44322e-16 0)
(3 -5.82105e-16 0)
(3 5.34338e-16 0)
(3 9.11348e-16 0)
(3 1.48253e-15 0)
(3 8.02691e-16 0)
(3 1.61059e-15 0)
(3 2.39035e-15 0)
(3 1.25722e-15 0)
(3 3.30442e-16 0)
(3 -1.31377e-16 0)
(3 8.45885e-16 0)
(3 1.5099e-15 0)
(3 2.39545e-15 0)
(3 2.30856e-15 0)
(3 2.43303e-15 0)
(3 2.04986e-15 0)
(3 1.72821e-15 0)
(3 1.50242e-15 0)
(3 1.31021e-15 0)
(3 1.6833e-15 0)
(3 2.3767e-15 0)
(3 2.94093e-15 0)
(3 2.30189e-15 0)
(3 2.19176e-15 0)
(3 1.74498e-15 0)
(3 1.02077e-15 0)
(3 1.17765e-15 0)
(3 1.39717e-15 0)
(3 1.36806e-15 0)
(3 1.51748e-15 0)
(3 1.17821e-16 0)
(3 -6.95036e-16 0)
(3 -1.15013e-15 0)
(3 -1.36031e-15 0)
(3 -7.13871e-16 0)
(3 -3.27412e-16 0)
(3 -2.32385e-10 0)
(3 -1.36031e-08 0)
(3.00106 0.000265578 0)
(2.74201 0.409554 0)
(1.37916 0.855605 0)
(1.24652 0.830338 0)
(1.25917 0.831079 0)
(1.26683 0.834741 0)
(1.27719 0.836913 0)
(1.28934 0.838929 0)
(1.30401 0.840541 0)
(1.3208 0.841923 0)
(1.34004 0.842919 0)
(1.3618 0.843394 0)
(1.38607 0.843165 0)
(1.41279 0.842017 0)
(1.44154 0.839902 0)
(1.47241 0.836448 0)
(3 1.31196e-16 0)
(3 7.0026e-17 0)
(3 -3.58837e-16 0)
(3 -5.18628e-16 0)
(3 -4.66482e-16 0)
(3 -6.40083e-16 0)
(3 -7.33314e-16 0)
(3 -1.36603e-15 0)
(3 -1.77536e-15 0)
(3 -1.54217e-15 0)
(3 -7.87383e-16 0)
(3 -1.2183e-15 0)
(3 -1.52498e-15 0)
(3 -6.26196e-16 0)
(3 3.58099e-16 0)
(3 1.04983e-15 0)
(3 8.71368e-16 0)
(3 1.05348e-15 0)
(3 -8.91413e-17 0)
(3 -1.17894e-15 0)
(3 -1.11954e-15 0)
(3 -1.23807e-15 0)
(3 -1.04489e-15 0)
(3 -3.78474e-16 0)
(3 -6.45854e-16 0)
(3 -4.7669e-16 0)
(3 -3.8665e-16 0)
(3 -3.37421e-16 0)
(3 -4.70464e-16 0)
(3 -4.1552e-16 0)
(3 -1.03013e-15 0)
(3 -9.355e-16 0)
(3 -7.73989e-16 0)
(3 -8.76973e-16 0)
(3 -1.13087e-15 0)
(3 -1.7133e-15 0)
(3 -1.71913e-15 0)
(3 -1.19097e-15 0)
(3 -4.13318e-16 0)
(3 9.77087e-17 0)
(3 5.25051e-16 0)
(3 5.6363e-16 0)
(3 5.49317e-16 0)
(3 6.58548e-16 0)
(3 1.0773e-15 0)
(3 1.51158e-15 0)
(3 8.03714e-16 0)
(3 5.83354e-16 0)
(3 1.06942e-15 0)
(3 7.58412e-16 0)
(3 9.33631e-16 0)
(3 5.95305e-16 0)
(3 -2.52902e-17 0)
(3 -6.09806e-18 0)
(3 6.57578e-16 0)
(3 1.30622e-15 0)
(3 1.69947e-15 0)
(3 1.43683e-15 0)
(3 1.42249e-15 0)
(3 1.3597e-15 0)
(3 1.55219e-15 0)
(3 1.69211e-15 0)
(3 1.13446e-15 0)
(3 1.18296e-15 0)
(3 9.91328e-16 0)
(3 1.21313e-15 0)
(3 1.07363e-15 0)
(3 -1.76365e-16 0)
(3 -1.72361e-17 0)
(3 8.11329e-16 0)
(3 1.30616e-15 0)
(3 2.1219e-15 0)
(3 1.80785e-15 0)
(3 2.85127e-16 0)
(3 -9.08464e-16 0)
(3 -7.80635e-16 0)
(3 -1.07361e-15 0)
(3 -8.49923e-16 0)
(3 -6.44899e-13 0)
(3 -2.49993e-09 0)
(3 3.95996e-07 0)
(3.05204 0.0217795 0)
(1.75155 0.775806 0)
(1.26967 0.855431 0)
(1.26841 0.852223 0)
(1.28056 0.851367 0)
(1.29192 0.852648 0)
(1.3053 0.854037 0)
(1.3203 0.854924 0)
(1.33691 0.855307 0)
(1.35541 0.855216 0)
(1.37605 0.854538 0)
(1.3989 0.853201 0)
(1.42391 0.851214 0)
(1.45113 0.848222 0)
(1.48066 0.843818 0)
(1.45149 1.37823 0)
(1.39262 1.58308 0)
(1.97148 1.13245 0)
(2.38632 0.754086 0)
(2.62366 0.625731 0)
(2.62683 0.137306 0)
(2.56763 -0.160692 0)
(2.32827 -0.523455 0)
(1.81072 1.26896 0)
(2.25401 1.3324 0)
(2.5885 0.637113 0)
(2.71237 0.0190795 0)
(2.85965 -0.0662016 0)
(2.987 -0.250417 0)
(2.94676 -0.619137 0)
(2.93993 -0.641025 0)
(1.69321 1.2574 0)
(2.11903 1.12017 0)
(2.40483 0.893148 0)
(2.63451 0.501736 0)
(2.75386 0.23924 0)
(2.79904 0.197409 0)
(2.91238 0.0266259 0)
(3.02056 -0.318025 0)
(1.60197 1.20895 0)
(1.96617 1.07833 0)
(2.24795 0.878565 0)
(2.3963 0.762514 0)
(2.53321 0.581955 0)
(2.73733 0.250702 0)
(2.82909 0.0213455 0)
(2.8382 0.00258099 0)
(1.57716 1.12849 0)
(1.83157 1.06667 0)
(2.07176 0.937647 0)
(2.28841 0.726298 0)
(2.42458 0.562374 0)
(2.5001 0.501928 0)
(2.57365 0.377906 0)
(2.71684 0.153334 0)
(1.54547 1.06904 0)
(1.76668 1.00294 0)
(1.95483 0.922577 0)
(2.10664 0.831495 0)
(2.28334 0.673545 0)
(2.40821 0.479254 0)
(2.48048 0.366061 0)
(2.53452 0.351107 0)
(1.52372 1.02366 0)
(1.69489 0.98896 0)
(1.88024 0.902226 0)
(2.0408 0.792453 0)
(2.13476 0.74142 0)
(2.23274 0.640589 0)
(2.38066 0.470612 0)
(2.46807 0.327094 0)
(1.50356 0.985237 0)
(1.65753 0.950073 0)
(1.8056 0.893261 0)
(1.92941 0.839564 0)
(2.05879 0.749173 0)
(2.19042 0.620901 0)
(2.26606 0.549709 0)
(2.32347 0.494966 0)
(1.49387 0.956795 0)
(1.62036 0.934467 0)
(1.74708 0.89315 0)
(1.88624 0.820908 0)
(1.99171 0.758849 0)
(2.07238 0.701105 0)
(2.17751 0.614786 0)
(2.28494 0.508641 0)
(1.4834 0.930353 0)
(1.592 0.913731 0)
(1.71784 0.871581 0)
(1.82637 0.82786 0)
(1.91265 0.788917 0)
(2.02869 0.70229 0)
(2.12033 0.628325 0)
(2.17341 0.595407 0)
(1.47444 0.91058 0)
(1.57327 0.895358 0)
(1.6863 0.861395 0)
(1.78029 0.830696 0)
(1.87021 0.791616 0)
(1.97501 0.725314 0)
(2.06527 0.659162 0)
(2.1289 0.611624 0)
(1.46115 0.887928 0)
(1.55646 0.873409 0)
(1.65429 0.851447 0)
(1.73925 0.830963 0)
(1.83897 0.785663 0)
(1.93832 0.723829 0)
(2.00122 0.692455 0)
(2.06238 0.653756 0)
(1.4556 0.871791 0)
(1.54246 0.859553 0)
(1.62567 0.845935 0)
(1.71137 0.821606 0)
(1.809 0.776798 0)
(1.88194 0.742304 0)
(1.94116 0.717793 0)
(2.02881 0.661549 0)
(1.45406 0.855279 0)
(1.5309 0.846662 0)
(1.60583 0.83423 0)
(1.69143 0.808314 0)
(1.76904 0.779714 0)
(1.83164 0.75843 0)
(1.91044 0.717857 0)
(2.00137 0.656782 0)
(1.45589 0.847837 0)
(1.52247 0.840664 0)
(1.59338 0.825839 0)
(1.66819 0.804527 0)
(1.73267 0.787136 0)
(1.80348 0.759177 0)
(1.88702 0.713585 0)
(1.94932 0.677334 0)
(1.45939 0.839113 0)
(1.51953 0.831745 0)
(1.58681 0.817265 0)
(1.64985 0.803172 0)
(1.71119 0.785727 0)
(1.78719 0.752633 0)
(1.85274 0.721799 0)
(1.89895 0.702903 0)
(1.46329 0.837386 0)
(1.52006 0.828684 0)
(1.57952 0.816924 0)
(1.63586 0.805009 0)
(1.69916 0.782909 0)
(1.7647 0.755286 0)
(1.81535 0.738016 0)
(1.86856 0.714911 0)
(1.46841 0.831753 0)
(1.52264 0.823865 0)
(1.57547 0.815108 0)
(1.63026 0.801264 0)
(1.69165 0.779656 0)
(1.7434 0.763137 0)
(1.79183 0.746381 0)
(1.85681 0.711798 0)
(1.47303 0.831075 0)
(1.52266 0.82499 0)
(1.57229 0.816352 0)
(1.62644 0.801035 0)
(1.67832 0.785437 0)
(1.72529 0.772472 0)
(1.78126 0.747789 0)
(1.84117 0.715021 0)
(1.47873 0.826852 0)
(1.52444 0.821874 0)
(1.57278 0.812892 0)
(1.62367 0.800159 0)
(1.66901 0.789392 0)
(1.71773 0.772653 0)
(1.77544 0.746138 0)
(1.82142 0.726482 0)
(1.48253 0.829575 0)
(1.52554 0.823733 0)
(1.57151 0.814258 0)
(1.6161 0.805319 0)
(1.66107 0.793866 0)
(1.7121 0.773846 0)
(1.75938 0.754412 0)
(1.79789 0.742636 0)
(1.48962 0.827183 0)
(1.53044 0.820709 0)
(1.57261 0.812896 0)
(1.61356 0.804813 0)
(1.65906 0.791507 0)
(1.70671 0.774874 0)
(1.74604 0.763132 0)
(1.78649 0.747789 0)
(1.49589 0.83195 0)
(1.53331 0.825368 0)
(1.57123 0.818522 0)
(1.61149 0.808453 0)
(1.65459 0.794791 0)
(1.69451 0.783378 0)
(1.73359 0.771881 0)
(1.78024 0.750445 0)
(1.50586 0.831192 0)
(1.54005 0.825264 0)
(1.57543 0.8179 0)
(1.61464 0.80709 0)
(1.65338 0.796173 0)
(1.68891 0.786828 0)
(1.72991 0.771449 0)
(1.77595 0.750693 0)
)
;

boundaryField
{
    inlet
    {
        type            fixedValue;
        value           uniform (3 0 0);
    }
    outlet
    {
        type            inletOutlet;
        inletValue      nonuniform 0();
        value           nonuniform 0();
    }
    bottom
    {
        type            slip;
    }
    top
    {
        type            slip;
    }
    obstacle
    {
        type            slip;
    }
    defaultFaces
    {
        type            empty;
    }
    procBoundary0to1
    {
        type            processor;
        value           nonuniform List<vector> 
24
(
(2.34242 -0.637268 0)
(2.8944 -0.679067 0)
(2.98417 -0.496743 0)
(2.87574 -0.120592 0)
(2.76893 -0.032069 0)
(2.57316 0.253824 0)
(2.51498 0.264796 0)
(2.4146 0.391709 0)
(2.35468 0.425167 0)
(2.26044 0.516197 0)
(2.19026 0.559198 0)
(2.15285 0.573212 0)
(2.11913 0.581486 0)
(2.05833 0.61648 0)
(1.99193 0.655639 0)
(1.9593 0.668357 0)
(1.94113 0.670026 0)
(1.91831 0.675408 0)
(1.88349 0.696419 0)
(1.857 0.713657 0)
(1.84362 0.721322 0)
(1.83966 0.719557 0)
(1.82651 0.725806 0)
(1.81242 0.736292 0)
)
;
    }
    procBoundary0to4
    {
        type            processor;
        value           nonuniform List<vector> 
105
(
(3 4.67537e-17 0)
(3 -1.74555e-16 0)
(3 -9.29905e-16 0)
(3 -1.40213e-15 0)
(3 -1.42747e-15 0)
(3 -8.55947e-16 0)
(3 -7.62944e-16 0)
(3 -1.23396e-15 0)
(3 -9.83603e-16 0)
(3 -5.75863e-16 0)
(3 -9.37719e-16 0)
(3 -3.78651e-16 0)
(3 -4.53984e-16 0)
(3 5.68289e-17 0)
(3 5.71903e-16 0)
(3 1.28006e-15 0)
(3 1.17315e-15 0)
(3 2.02816e-17 0)
(3 -2.35601e-16 0)
(3 -2.9363e-16 0)
(3 -8.43271e-16 0)
(3 -1.47578e-15 0)
(3 -1.23693e-15 0)
(3 -5.91347e-16 0)
(3 -3.09141e-16 0)
(3 -7.83244e-18 0)
(3 1.96154e-16 0)
(3 4.59967e-16 0)
(3 -2.86247e-17 0)
(3 -4.77001e-16 0)
(3 -4.4426e-16 0)
(3 -2.58759e-16 0)
(3 -4.76707e-16 0)
(3 -1.90198e-15 0)
(3 -1.96504e-15 0)
(3 -1.86329e-15 0)
(3 -9.85366e-16 0)
(3 -6.06732e-16 0)
(3 -1.39557e-16 0)
(3 1.38979e-15 0)
(3 2.30237e-15 0)
(3 2.10877e-15 0)
(3 2.16186e-15 0)
(3 1.74911e-15 0)
(3 1.25054e-15 0)
(3 7.33569e-16 0)
(3 4.301e-16 0)
(3 -7.9982e-16 0)
(3 -6.88016e-16 0)
(3 7.43622e-16 0)
(3 1.21651e-15 0)
(3 8.44017e-16 0)
(3 -7.4782e-17 0)
(3 -8.41057e-16 0)
(3 -1.21093e-15 0)
(3 -7.22949e-16 0)
(3 -3.86735e-16 0)
(3 -2.03686e-16 0)
(3 -7.33566e-17 0)
(3 1.01847e-15 0)
(3 1.49956e-15 0)
(3 1.17817e-15 0)
(3 7.43749e-16 0)
(3 5.39976e-16 0)
(3 4.84709e-16 0)
(3 3.8095e-16 0)
(3 2.14194e-16 0)
(3 -2.23046e-16 0)
(3 -5.85673e-16 0)
(3 6.3889e-16 0)
(3 1.16073e-15 0)
(3 2.12668e-15 0)
(3 2.39872e-15 0)
(3 2.44124e-15 0)
(3 6.28075e-16 0)
(3 3.8829e-16 0)
(3 6.72614e-16 0)
(3 7.54841e-16 0)
(3 2.36338e-16 0)
(3 -2.40102e-10 0)
(3 -2.04957e-10 0)
(3.00168 0.000538251 0)
(2.71067 0.432827 0)
(1.41209 0.879212 0)
(1.28454 0.848925 0)
(1.3024 0.850779 0)
(1.31225 0.854462 0)
(1.32574 0.856061 0)
(1.34051 0.857152 0)
(1.35676 0.857563 0)
(1.37455 0.857229 0)
(1.3941 0.856072 0)
(1.41551 0.8542 0)
(1.4388 0.851692 0)
(1.46447 0.848228 0)
(1.49235 0.84387 0)
(1.51169 0.838676 0)
(1.51169 0.838676 0)
(1.5438 0.832569 0)
(1.57844 0.823643 0)
(1.61411 0.813588 0)
(1.6482 0.805008 0)
(1.68462 0.79303 0)
(1.72567 0.775324 0)
(1.76273 0.760395 0)
)
;
    }
}


// ************************************************************************* //
