/*--------------------------------*- C++ -*----------------------------------*\
  =========                 |
  \\      /  F ield         | OpenFOAM: The Open Source CFD Toolbox
   \\    /   O peration     | Website:  https://openfoam.org
    \\  /    A nd           | Version:  7
     \\/     M anipulation  |
\*---------------------------------------------------------------------------*/
FoamFile
{
    version     2.0;
    format      ascii;
    class       volVectorField;
    location    "2";
    object      U;
}
// * * * * * * * * * * * * * * * * * * * * * * * * * * * * * * * * * * * * * //

dimensions      [0 1 -1 0 0 0 0];

internalField   nonuniform List<vector> 
4128
(
(3 3.52687e-16 0)
(3 1.6869e-16 0)
(3 -9.07164e-16 0)
(3 -9.71454e-16 0)
(3 -1.00165e-15 0)
(3 -5.61308e-16 0)
(3 -3.08436e-16 0)
(3 7.56777e-17 0)
(3 -3.53442e-16 0)
(3 -5.82134e-16 0)
(3 2.63619e-16 0)
(3 3.15482e-16 0)
(3 4.70148e-16 0)
(3 1.70693e-15 0)
(3 2.35672e-15 0)
(3 2.09026e-15 0)
(3 1.09096e-15 0)
(3 3.24615e-16 0)
(3 6.22526e-16 0)
(3 3.95548e-16 0)
(3 1.44069e-16 0)
(3 3.92088e-16 0)
(3 9.14396e-16 0)
(3 3.96814e-16 0)
(3 2.63813e-16 0)
(3 -6.41357e-16 0)
(3 -2.2252e-16 0)
(3 9.31565e-16 0)
(3 7.16471e-16 0)
(3 -1.73922e-16 0)
(3 -1.78674e-15 0)
(3 -2.279e-15 0)
(3 -3.22935e-15 0)
(3 -2.73028e-15 0)
(3 -1.98457e-15 0)
(3 -1.25067e-15 0)
(3 -1.59532e-15 0)
(3 -1.97162e-15 0)
(3 -1.98462e-15 0)
(3 -1.28121e-15 0)
(3 1.52173e-16 0)
(3 9.00077e-16 0)
(3 9.90278e-16 0)
(3 -7.21054e-17 0)
(3 -5.44129e-16 0)
(3 -8.0221e-16 0)
(3 -6.12206e-16 0)
(3 -6.5836e-17 0)
(3 -3.84776e-16 0)
(3 -1.57816e-16 0)
(3 -5.81352e-16 0)
(3 -8.57043e-16 0)
(3 -4.41933e-16 0)
(3 -1.22244e-16 0)
(3 1.18529e-15 0)
(3 1.20149e-15 0)
(3 1.07261e-15 0)
(3 1.00066e-15 0)
(3 1.02078e-15 0)
(3 1.78886e-15 0)
(3 2.57872e-15 0)
(3 2.91376e-15 0)
(3 3.3798e-15 0)
(3 1.61946e-15 0)
(3 2.60581e-16 0)
(3 2.95618e-16 0)
(3 5.357e-16 0)
(3 4.29759e-16 0)
(3 4.9585e-16 0)
(3 1.11692e-15 0)
(3 1.40215e-15 0)
(3 8.53472e-16 0)
(3 7.57689e-16 0)
(3 1.21665e-15 0)
(3 8.84813e-16 0)
(3 9.71691e-16 0)
(3 1.3852e-15 0)
(3 1.91055e-15 0)
(3 1.79016e-15 0)
(3 9.03088e-16 0)
(3 3.72329e-16 0)
(3 1.56483e-16 0)
(3 9.19912e-17 0)
(3 6.01689e-18 0)
(3 5.71864e-17 0)
(3 1.07714e-16 0)
(3 -6.66577e-17 0)
(3 3.84563e-17 0)
(3 6.19209e-17 0)
(3 8.9022e-16 0)
(3 1.09117e-15 0)
(3 1.4634e-15 0)
(3 1.64588e-15 0)
(3 9.68037e-16 0)
(3 3.08299e-16 0)
(3 -8.88363e-18 0)
(3 5.48029e-16 0)
(3 4.05497e-16 0)
(3 1.63259e-17 0)
(3 -3.8588e-16 0)
(3 -5.45865e-16 0)
(3 -4.17157e-16 0)
(3 -3.0565e-16 0)
(3 -1.2133e-16 0)
(3 2.26116e-16 0)
(3 1.03438e-15 0)
(3 1.29059e-15 0)
(3 1.03406e-15 0)
(3 3.92265e-16 0)
(3 8.26059e-16 0)
(3 1.18964e-15 0)
(3 2.14764e-15 0)
(3 2.04845e-15 0)
(3 1.99996e-15 0)
(3 2.389e-15 0)
(3 1.93134e-15 0)
(3 1.58537e-15 0)
(3 9.32786e-16 0)
(3 1.19807e-16 0)
(3 2.79476e-17 0)
(3 5.77022e-16 0)
(3 7.47602e-16 0)
(3 3.42705e-16 0)
(3 -1.77561e-16 0)
(3 -1.25817e-16 0)
(3 -1.89657e-16 0)
(3 -3.83215e-16 0)
(3 -5.34046e-16 0)
(3 -6.92324e-16 0)
(3 -6.51768e-16 0)
(3 -2.9969e-16 0)
(3 3.92629e-17 0)
(3 -1.0906e-16 0)
(3 2.50107e-16 0)
(3 -4.65265e-17 0)
(3 4.96277e-17 0)
(3 -2.84914e-16 0)
(3 3.20274e-16 0)
(3 4.63685e-16 0)
(3 1.29998e-17 0)
(3 -1.12485e-16 0)
(3 -8.05398e-17 0)
(3 -3.45883e-16 0)
(3 -6.40799e-16 0)
(3 -1.65559e-15 0)
(3 -2.26692e-15 0)
(3 -2.48464e-15 0)
(3 -2.55596e-15 0)
(3 -1.52539e-15 0)
(3 -5.85173e-16 0)
(3 1.89766e-15 0)
(3 2.35832e-15 0)
(3 1.651e-15 0)
(3 7.18786e-16 0)
(3 5.46325e-16 0)
(3 6.70533e-16 0)
(3 1.35752e-15 0)
(3 3.36594e-15 0)
(3 4.26857e-15 0)
(3 2.49409e-15 0)
(3 -1.48894e-16 0)
(3 3.91629e-16 0)
(3 1.13841e-15 0)
(3 1.27718e-15 0)
(3 9.39115e-16 0)
(3 8.34211e-16 0)
(3 1.03435e-15 0)
(3 1.1393e-15 0)
(3 1.37822e-15 0)
(3 1.48473e-15 0)
(3 1.79715e-15 0)
(3 2.40759e-15 0)
(3 2.33192e-15 0)
(3 2.08583e-15 0)
(3 1.61274e-15 0)
(3 6.77668e-16 0)
(3 6.65484e-16 0)
(3 1.00904e-15 0)
(3 6.66485e-16 0)
(3 3.60371e-16 0)
(3 8.08314e-16 0)
(3 5.74962e-16 0)
(3 -8.7151e-16 0)
(3 -8.66065e-16 0)
(3 -6.06617e-16 0)
(3 1.91536e-16 0)
(3 6.88061e-16 0)
(3 7.30299e-16 0)
(3 7.84243e-17 0)
(3 -8.91403e-16 0)
(3 -1.81896e-15 0)
(3 -2.19161e-15 0)
(3 -6.39721e-16 0)
(3 6.42886e-16 0)
(3 7.83389e-16 0)
(3 2.16019e-16 0)
(3 -4.67558e-16 0)
(3 -9.12399e-16 0)
(3 -1.11457e-15 0)
(3 -8.91969e-16 0)
(3 1.3579e-16 0)
(3 5.00822e-16 0)
(3 5.78485e-16 0)
(3 8.32545e-16 0)
(3 6.04057e-16 0)
(3 7.93273e-16 0)
(3 8.68956e-16 0)
(3 1.57579e-15 0)
(3 1.65528e-15 0)
(3 1.50459e-15 0)
(3 9.39722e-16 0)
(3 6.44365e-16 0)
(3 3.35382e-16 0)
(3 1.95412e-16 0)
(3 -4.02438e-16 0)
(3 7.67997e-16 0)
(3 2.35099e-15 0)
(3 1.93197e-15 0)
(3 7.9425e-16 0)
(3 1.62986e-17 0)
(3 9.46805e-17 0)
(3 3.04246e-16 0)
(3 4.09767e-17 0)
(3 -1.51153e-16 0)
(3 6.16564e-16 0)
(3 9.92477e-16 0)
(3 7.54878e-16 0)
(3 3.47833e-16 0)
(3 -3.44353e-17 0)
(3 6.45042e-16 0)
(3 5.45339e-16 0)
(3 -4.69953e-16 0)
(3 -9.7468e-16 0)
(3 -1.17556e-15 0)
(3 -8.43179e-16 0)
(3 -4.33354e-16 0)
(3 -2.05236e-16 0)
(3 1.53555e-16 0)
(3 -4.22906e-16 0)
(3 -1.23752e-15 0)
(3 -9.5481e-16 0)
(3 -1.24211e-15 0)
(3 -1.38929e-15 0)
(3 -9.29355e-16 0)
(3 -2.70312e-16 0)
(3 -3.79285e-16 0)
(3 -6.88062e-18 0)
(3 6.02978e-16 0)
(3 8.11056e-16 0)
(3 1.10003e-15 0)
(3 1.44364e-15 0)
(3 1.50405e-15 0)
(3 1.31247e-15 0)
(3 1.57266e-15 0)
(3 1.33313e-15 0)
(3 1.29367e-15 0)
(3 -1.07508e-16 0)
(3 1.4111e-16 0)
(3 6.77047e-16 0)
(3 9.46573e-16 0)
(3 3.05169e-16 0)
(3 -3.52517e-16 0)
(3 -1.66255e-16 0)
(3 2.42428e-16 0)
(3 3.44093e-16 0)
(3 -2.47868e-16 0)
(3 -2.07262e-16 0)
(3 -3.57368e-16 0)
(3 -4.88806e-16 0)
(3 -4.53732e-16 0)
(3 -1.71391e-16 0)
(3 1.05602e-16 0)
(3 1.0411e-16 0)
(3 9.42069e-16 0)
(3 1.12786e-15 0)
(3 1.40548e-15 0)
(3 9.71679e-16 0)
(3 3.99117e-18 0)
(3 -6.34087e-16 0)
(3 -6.50639e-16 0)
(3 -5.31432e-16 0)
(3 6.90397e-17 0)
(3 2.01716e-16 0)
(3 -3.56191e-16 0)
(3 -1.58538e-15 0)
(3 -2.26486e-15 0)
(3 -2.4029e-15 0)
(3 -2.04469e-15 0)
(3 -1.21329e-15 0)
(3 -7.36317e-16 0)
(3 -5.37581e-16 0)
(3 1.03401e-16 0)
(3 -3.47746e-16 0)
(3 -8.20749e-16 0)
(3 -4.57388e-16 0)
(3 -1.43883e-16 0)
(3 3.6383e-16 0)
(3 5.11949e-16 0)
(3 1.09068e-15 0)
(3 1.33432e-15 0)
(3 1.1236e-15 0)
(3 1.0545e-15 0)
(3 1.43015e-15 0)
(3 1.10043e-15 0)
(3 1.01272e-15 0)
(3 -3.607e-16 0)
(3 -8.33627e-16 0)
(3 -5.62953e-16 0)
(3 -3.54485e-16 0)
(3 -1.61923e-16 0)
(3 2.31513e-15 0)
(3 2.87961e-15 0)
(3 2.24283e-15 0)
(3 9.69057e-16 0)
(3 2.14185e-16 0)
(3 2.75811e-17 0)
(3 -1.10341e-15 0)
(3 -1.18212e-15 0)
(3 -1.25262e-15 0)
(3 -1.09207e-15 0)
(3 1.82946e-16 0)
(3 1.76774e-16 0)
(3 -3.36825e-16 0)
(3 -1.08644e-15 0)
(3 -9.84076e-16 0)
(3 -5.88044e-16 0)
(3 -3.51649e-16 0)
(3 -1.24003e-15 0)
(3 -1.57131e-15 0)
(3 -1.66724e-15 0)
(3 -1.39764e-15 0)
(3 -1.13662e-15 0)
(3 -8.48561e-16 0)
(3 1.48557e-16 0)
(3 9.20304e-16 0)
(3 5.49956e-16 0)
(3 8.01109e-16 0)
(3 5.27574e-16 0)
(3 4.91128e-17 0)
(3 7.24492e-16 0)
(3 6.86354e-16 0)
(3 -2.17192e-17 0)
(3 -4.77698e-16 0)
(3 -2.21551e-16 0)
(3 1.31845e-16 0)
(3 1.01224e-15 0)
(3 8.42731e-16 0)
(3 1.01299e-15 0)
(3 1.36342e-15 0)
(3 3.27103e-16 0)
(3 1.8729e-16 0)
(3 2.0887e-15 0)
(3 -4.9704e-17 0)
(3 1.8089e-17 0)
(3 1.37801e-16 0)
(3 2.13374e-17 0)
(3 1.67381e-16 0)
(3 -2.94974e-16 0)
(3 -9.66837e-16 0)
(3 -6.71179e-16 0)
(3 -6.7926e-16 0)
(3 -6.78903e-16 0)
(3 -9.43995e-16 0)
(3 -9.15073e-16 0)
(3 -1.06604e-15 0)
(3 -1.67095e-15 0)
(3 -1.71359e-15 0)
(3 -1.29998e-15 0)
(3 -6.48088e-16 0)
(3 -3.67984e-16 0)
(3 1.31067e-15 0)
(3 1.59308e-15 0)
(3 9.67521e-16 0)
(3 3.6444e-16 0)
(3 4.70836e-16 0)
(3 9.97801e-16 0)
(3 5.29686e-16 0)
(3 -9.25669e-16 0)
(3 -2.09343e-15 0)
(3 -2.40243e-15 0)
(3 -2.75079e-15 0)
(3 -2.33936e-15 0)
(3 -1.27462e-15 0)
(3 -5.098e-16 0)
(3 -1.04656e-16 0)
(3 -3.46181e-16 0)
(3 -7.60868e-16 0)
(3 -3.92602e-16 0)
(3 -2.12004e-16 0)
(3 -3.69708e-16 0)
(3 1.17402e-16 0)
(3 6.97889e-16 0)
(3 8.88952e-16 0)
(3 1.3463e-15 0)
(3 1.96192e-15 0)
(3 1.56576e-15 0)
(3 7.23677e-16 0)
(3 -5.74846e-17 0)
(3 1.25461e-16 0)
(3 -7.4116e-16 0)
(3 -1.27843e-15 0)
(3 -1.48816e-15 0)
(3 -1.26931e-15 0)
(3 -4.78159e-16 0)
(3 6.03515e-16 0)
(3 7.01163e-16 0)
(3 1.26912e-15 0)
(3 1.33785e-15 0)
(3 1.09389e-15 0)
(3 9.48459e-16 0)
(3 3.49522e-16 0)
(3 -9.23613e-16 0)
(3 -1.53607e-15 0)
(3 -1.50003e-15 0)
(3 -5.89064e-16 0)
(3 2.01435e-16 0)
(3 -1.03516e-16 0)
(3 -1.30317e-16 0)
(3 3.47152e-16 0)
(3 8.56115e-18 0)
(3 8.21798e-17 0)
(3 -9.98066e-16 0)
(3 -1.7396e-15 0)
(3 -1.9578e-15 0)
(3 -1.58791e-15 0)
(3 -1.10912e-15 0)
(3 -8.566e-16 0)
(3 -7.4176e-16 0)
(3 -5.90152e-17 0)
(3 3.81152e-16 0)
(3 8.8792e-16 0)
(3 5.35423e-16 0)
(3 2.04661e-16 0)
(3 -1.21528e-15 0)
(3 -1.77562e-15 0)
(3 -1.85874e-15 0)
(3 -2.0431e-15 0)
(3 -1.82663e-15 0)
(3 -1.70614e-15 0)
(3 -1.00759e-15 0)
(3 -7.47718e-16 0)
(3 -3.83625e-16 0)
(3 -7.65682e-16 0)
(3 -3.11336e-16 0)
(3 4.61267e-16 0)
(3 -1.62206e-16 0)
(3 -3.49401e-16 0)
(3 9.63565e-16 0)
(3 -1.23544e-17 0)
(3 -4.32577e-16 0)
(3 -1.04988e-15 0)
(3 -1.04068e-15 0)
(3 -5.59723e-16 0)
(3 -3.19494e-16 0)
(3 -1.41426e-16 0)
(3 -1.19987e-16 0)
(3 -3.28585e-16 0)
(3 -1.20585e-16 0)
(3 -5.30457e-16 0)
(3 -4.89356e-16 0)
(3 -6.58476e-16 0)
(3 -9.62174e-16 0)
(3 -9.93643e-16 0)
(3 -8.2679e-16 0)
(3 -7.74549e-16 0)
(3 -4.6647e-16 0)
(3 6.47432e-16 0)
(3 1.26173e-15 0)
(3 1.71311e-15 0)
(3 1.48557e-15 0)
(3 1.11953e-15 0)
(3 6.89299e-16 0)
(3 1.07878e-15 0)
(3 -2.1286e-16 0)
(3 -6.61308e-16 0)
(3 -1.15569e-15 0)
(3 -1.83252e-15 0)
(3 -1.31457e-15 0)
(3 -2.05139e-15 0)
(3 -1.85387e-15 0)
(3 -1.30933e-15 0)
(3 -9.43652e-16 0)
(3 -8.8871e-18 0)
(3 7.12221e-16 0)
(3 1.20104e-15 0)
(3 1.00854e-15 0)
(3 3.36733e-16 0)
(3 4.1428e-16 0)
(3 7.73215e-16 0)
(3 1.41041e-15 0)
(3 1.20931e-15 0)
(3 5.80077e-16 0)
(3 9.4074e-16 0)
(3 2.9252e-16 0)
(3 -7.50899e-16 0)
(3 -1.01655e-15 0)
(3 -8.78593e-16 0)
(3 -6.95143e-16 0)
(3 -2.97441e-16 0)
(3 8.81658e-16 0)
(3 1.83011e-15 0)
(3 1.81399e-15 0)
(3 1.84624e-15 0)
(3 6.66301e-16 0)
(3 -2.19369e-16 0)
(3 6.59913e-17 0)
(3 3.94369e-16 0)
(3 -4.97159e-16 0)
(3 -9.92711e-17 0)
(3 2.98889e-16 0)
(3 6.85242e-16 0)
(3 5.39089e-16 0)
(3 5.44251e-16 0)
(3 1.30727e-15 0)
(3 3.32877e-15 0)
(3 3.16616e-15 0)
(3 1.81731e-15 0)
(3 -2.22088e-16 0)
(3 -1.6786e-15 0)
(3 -1.70258e-15 0)
(3 -1.41128e-15 0)
(3 3.02528e-16 0)
(3 9.10416e-16 0)
(3 1.07644e-15 0)
(3 1.93984e-16 0)
(3 -8.92741e-17 0)
(3 -1.61685e-16 0)
(3 -1.21388e-16 0)
(3 -6.46546e-16 0)
(3 -2.12959e-15 0)
(3 -3.2709e-15 0)
(3 -3.69838e-15 0)
(3 -3.64406e-15 0)
(3 -2.72789e-15 0)
(3 -2.48964e-15 0)
(3 -2.36598e-15 0)
(3 -2.37172e-15 0)
(3 -3.5856e-15 0)
(3 -3.03253e-15 0)
(3 -9.40981e-16 0)
(3 -5.4008e-16 0)
(3 -1.79552e-15 0)
(3 -1.92359e-15 0)
(3 -1.57779e-15 0)
(3 7.22559e-17 0)
(3 3.25707e-16 0)
(3 2.62721e-16 0)
(3 6.07537e-16 0)
(3 2.01063e-16 0)
(3 -2.68082e-17 0)
(3 1.96394e-16 0)
(3 -2.85776e-16 0)
(3 -6.45587e-16 0)
(3 -1.2443e-15 0)
(3 -1.21403e-15 0)
(3 -1.11342e-15 0)
(3 -1.16907e-15 0)
(3 -4.04327e-16 0)
(3 6.5403e-17 0)
(3 -3.093e-16 0)
(3 -1.01816e-15 0)
(3 -1.54269e-15 0)
(3 -1.51773e-15 0)
(3 -6.90596e-16 0)
(3 -3.86081e-16 0)
(3 -1.87121e-16 0)
(3 1.99368e-16 0)
(3 7.08147e-16 0)
(3 4.34624e-16 0)
(3 7.29248e-16 0)
(3 1.57243e-15 0)
(3 1.57397e-15 0)
(3 1.73871e-15 0)
(3 1.09305e-15 0)
(3 -6.94659e-16 0)
(3 -1.77958e-15 0)
(3 -2.37423e-15 0)
(3 -1.69798e-15 0)
(3 3.29636e-16 0)
(3 1.34678e-15 0)
(3 1.84038e-15 0)
(3 1.60615e-15 0)
(3 1.50304e-15 0)
(3 1.44943e-15 0)
(3 1.30939e-15 0)
(3 3.45305e-16 0)
(3 -9.79416e-16 0)
(3 1.43368e-17 0)
(3 1.07661e-15 0)
(3 1.13359e-15 0)
(3 3.67301e-16 0)
(3 -7.06668e-17 0)
(3 1.12333e-16 0)
(3 3.59558e-16 0)
(3 2.4786e-16 0)
(3 2.57632e-16 0)
(3 3.03927e-16 0)
(3 1.36018e-15 0)
(3 2.01118e-15 0)
(3 2.16595e-15 0)
(3 1.69542e-15 0)
(3 7.57861e-16 0)
(3 -1.00686e-16 0)
(3 -1.78324e-16 0)
(3 2.2077e-16 0)
(3 6.89536e-16 0)
(3 1.50164e-15 0)
(3 1.63023e-15 0)
(3 1.82989e-15 0)
(3 1.9665e-15 0)
(3 9.60743e-16 0)
(3 -9.91731e-19 0)
(3 -3.18267e-16 0)
(3 -6.57897e-16 0)
(3 -3.73524e-16 0)
(3 1.56264e-16 0)
(3 4.34813e-16 0)
(3 6.1319e-16 0)
(3 1.78467e-15 0)
(3 1.42755e-15 0)
(3 6.04789e-16 0)
(3 7.16946e-16 0)
(3 1.11895e-15 0)
(3 4.9817e-16 0)
(3 -9.47046e-16 0)
(3 -1.39795e-15 0)
(3 -2.18164e-15 0)
(3 -2.68542e-15 0)
(3 -2.47925e-15 0)
(3 -2.3973e-15 0)
(3 -2.86041e-15 0)
(3 -3.9001e-15 0)
(3 -4.05493e-15 0)
(3 -3.50803e-15 0)
(3 -2.95154e-15 0)
(3 -1.50697e-15 0)
(3 -1.75569e-15 0)
(3 -1.9713e-15 0)
(3 -1.86755e-15 0)
(3 -8.31717e-16 0)
(3 -1.84751e-17 0)
(3 3.18987e-16 0)
(3 6.49625e-16 0)
(3 4.38224e-16 0)
(3 3.89631e-16 0)
(3 4.53889e-16 0)
(3 2.72144e-16 0)
(3 -1.48405e-16 0)
(3 -8.25942e-17 0)
(3 1.39547e-16 0)
(3 -3.92098e-16 0)
(3 -1.00621e-15 0)
(3 -7.68594e-16 0)
(3 -8.48133e-16 0)
(3 -9.57385e-16 0)
(3 -1.29783e-15 0)
(3 -1.27819e-15 0)
(3 -1.18022e-15 0)
(3 -1.77767e-15 0)
(3 -1.96255e-15 0)
(3 -1.7691e-15 0)
(3 9.62702e-16 0)
(3 2.03562e-15 0)
(3 1.87528e-15 0)
(3 9.85331e-16 0)
(3 1.02778e-15 0)
(3 1.96183e-15 0)
(3 2.4668e-15 0)
(3 9.92504e-16 0)
(3 2.07235e-16 0)
(3 -1.9984e-16 0)
(3 -1.26109e-15 0)
(3 -1.31451e-15 0)
(3 -1.51161e-15 0)
(3 -6.49846e-16 0)
(3 6.84714e-16 0)
(3 8.5812e-16 0)
(3 1.21343e-15 0)
(3 1.45942e-15 0)
(3 2.80236e-15 0)
(3 3.08909e-15 0)
(3 1.29495e-15 0)
(3 -1.11746e-17 0)
(3 -3.59359e-16 0)
(3 -3.03539e-16 0)
(3 -2.59202e-16 0)
(3 -3.66761e-16 0)
(3 -3.45949e-16 0)
(3 -3.25422e-16 0)
(3 3.69751e-16 0)
(3 2.19089e-16 0)
(3 -4.85302e-16 0)
(3 -7.61741e-16 0)
(3 7.51736e-17 0)
(3 2.05013e-15 0)
(3 2.54926e-15 0)
(3 2.52042e-15 0)
(3 1.62255e-15 0)
(3 2.27089e-16 0)
(3 -5.23226e-16 0)
(3 -1.84827e-16 0)
(3 5.73642e-16 0)
(3 1.20333e-15 0)
(3 1.29633e-15 0)
(3 1.17769e-15 0)
(3 -4.54649e-16 0)
(3 -2.99801e-15 0)
(3 -2.94207e-15 0)
(3 -2.53951e-15 0)
(3 -6.40951e-17 0)
(3 1.2145e-15 0)
(3 1.93701e-15 0)
(3 1.51545e-15 0)
(3 7.12901e-16 0)
(3 1.0093e-15 0)
(3 1.05298e-15 0)
(3 9.22288e-16 0)
(3 1.12882e-15 0)
(3 1.64641e-15 0)
(3 4.7095e-16 0)
(3 9.51461e-17 0)
(3 -3.6475e-16 0)
(3 4.42468e-16 0)
(3 1.21953e-15 0)
(3 -3.04154e-16 0)
(3 -1.95899e-15 0)
(3 -2.67807e-15 0)
(3 -2.87613e-15 0)
(3 -2.97642e-15 0)
(3 -2.94133e-15 0)
(3 -2.85829e-15 0)
(3 -3.3412e-15 0)
(3 -2.21921e-15 0)
(3 -4.05929e-16 0)
(3 -1.99621e-16 0)
(3 -6.2048e-16 0)
(3 -1.4081e-16 0)
(3 -6.88401e-16 0)
(3 -8.29439e-16 0)
(3 -9.92836e-16 0)
(3 -8.58362e-16 0)
(3 -1.08063e-16 0)
(3 1.08536e-17 0)
(3 7.47697e-16 0)
(3 9.86906e-16 0)
(3 1.21399e-15 0)
(3 5.16338e-16 0)
(3 -8.98782e-16 0)
(3 -1.0104e-15 0)
(3 -1.23571e-15 0)
(3 -8.48946e-16 0)
(3 -6.05436e-16 0)
(3 1.0229e-16 0)
(3 -1.127e-16 0)
(3 -1.14163e-15 0)
(3 -1.37882e-15 0)
(3 -1.44199e-15 0)
(3 -2.29226e-16 0)
(3 2.18309e-16 0)
(3 -3.22901e-16 0)
(3 -3.18538e-16 0)
(3 -5.2995e-16 0)
(3 -4.73839e-16 0)
(3 -3.73498e-16 0)
(3 -1.15067e-15 0)
(3 -1.6221e-15 0)
(3 -9.37372e-16 0)
(3 9.22823e-16 0)
(3 7.6368e-16 0)
(3 3.54933e-16 0)
(3 8.52735e-16 0)
(3 6.01231e-16 0)
(3 6.77059e-16 0)
(3 1.39359e-15 0)
(3 1.98905e-15 0)
(3 1.71295e-15 0)
(3 1.7996e-15 0)
(3 1.77426e-15 0)
(3 1.60186e-15 0)
(3 2.34947e-16 0)
(3 -2.29557e-16 0)
(3 1.50503e-17 0)
(3 5.06629e-16 0)
(3 8.56354e-16 0)
(3 1.12966e-15 0)
(3 5.55769e-16 0)
(3 3.77951e-16 0)
(3 6.23837e-17 0)
(3 6.74695e-16 0)
(3 1.18774e-15 0)
(3 1.36365e-15 0)
(3 1.18631e-15 0)
(3 1.21315e-15 0)
(3 9.57519e-16 0)
(3 7.68532e-16 0)
(3 -1.17879e-16 0)
(3 -4.64404e-16 0)
(3 -5.03337e-16 0)
(3 -1.40574e-15 0)
(3 -1.58921e-15 0)
(3 -1.50862e-15 0)
(3 -2.86893e-15 0)
(3 -3.23082e-15 0)
(3 -2.18531e-15 0)
(3 -7.7058e-16 0)
(3 -4.24483e-16 0)
(3 6.20604e-16 0)
(3 1.98609e-15 0)
(3 2.07732e-15 0)
(3 1.63729e-15 0)
(3 -4.81085e-16 0)
(3 -4.95585e-16 0)
(3 -3.06673e-16 0)
(3 -9.82694e-16 0)
(3 -1.13726e-15 0)
(3 -2.82556e-16 0)
(3 2.94113e-16 0)
(3 6.48836e-16 0)
(3 9.7944e-16 0)
(3 1.55776e-15 0)
(3 4.41534e-16 0)
(3 -1.52293e-15 0)
(3 -2.61097e-15 0)
(3 -2.78836e-15 0)
(3 -2.56428e-15 0)
(3 -2.50391e-15 0)
(3 -2.91096e-15 0)
(3 -3.41039e-15 0)
(3 -2.59053e-15 0)
(3 -1.9974e-15 0)
(3 -1.65821e-15 0)
(3 -5.69218e-16 0)
(3 5.03281e-17 0)
(3 -6.63616e-17 0)
(3 -5.45419e-16 0)
(3 -4.8946e-16 0)
(3 -4.00495e-16 0)
(3 -2.58212e-16 0)
(3 -3.12432e-16 0)
(3 1.46417e-16 0)
(3 5.75406e-16 0)
(3 -3.25332e-16 0)
(3 -9.27303e-16 0)
(3 -8.86164e-16 0)
(3 -2.31692e-16 0)
(3 -2.52899e-16 0)
(3 -5.10946e-16 0)
(3 6.00939e-16 0)
(3 1.02912e-15 0)
(3 2.04116e-16 0)
(3 -3.6083e-16 0)
(3 -1.47976e-15 0)
(3 -1.48329e-15 0)
(3 -1.26953e-15 0)
(3 -1.08067e-15 0)
(3 -3.59177e-16 0)
(3 -3.23309e-16 0)
(3 -5.28792e-16 0)
(3 -1.23848e-15 0)
(3 -2.07912e-15 0)
(3 -1.17636e-15 0)
(3 -1.47361e-15 0)
(3 -1.68542e-16 0)
(3 1.3588e-15 0)
(3 1.23406e-15 0)
(3 1.05868e-15 0)
(3 6.95253e-16 0)
(3 -3.36645e-16 0)
(3 8.93587e-17 0)
(3 1.51372e-15 0)
(3 1.82436e-15 0)
(3 -4.16088e-16 0)
(3 -1.26239e-15 0)
(3 -4.44069e-16 0)
(3 -3.49697e-17 0)
(3 1.95721e-16 0)
(3 -1.27863e-16 0)
(3 -1.57957e-16 0)
(3 3.32992e-16 0)
(3 7.93218e-16 0)
(3 8.01104e-16 0)
(3 8.95802e-16 0)
(3 5.59885e-16 0)
(3 5.711e-16 0)
(3 1.10364e-15 0)
(3 7.64266e-16 0)
(3 -8.11933e-17 0)
(3 8.49706e-17 0)
(3 5.96166e-16 0)
(3 1.10899e-16 0)
(3 -6.59548e-18 0)
(3 -2.07484e-16 0)
(3 -7.96117e-16 0)
(3 -9.80266e-16 0)
(3 -1.38735e-15 0)
(3 -1.3204e-15 0)
(3 -1.36312e-15 0)
(3 -1.4958e-15 0)
(3 -1.5554e-15 0)
(3 -5.67331e-16 0)
(3 4.01655e-17 0)
(3 9.52019e-18 0)
(3 2.54762e-16 0)
(3 1.44374e-15 0)
(3 2.43999e-15 0)
(3 2.38383e-15 0)
(3 1.74873e-16 0)
(3 -1.47438e-15 0)
(3 -1.34098e-15 0)
(3 -1.55595e-15 0)
(3 -2.24677e-15 0)
(3 -1.6063e-15 0)
(3 -2.49178e-16 0)
(3 9.51439e-17 0)
(3 5.07945e-16 0)
(3 7.44221e-16 0)
(3 1.06152e-15 0)
(3 -6.79233e-16 0)
(3 -2.09478e-15 0)
(3 -2.86177e-15 0)
(3 -2.82018e-15 0)
(3 -3.20087e-15 0)
(3 -3.68819e-15 0)
(3 -4.00247e-15 0)
(3 -3.12815e-15 0)
(3 -2.75749e-15 0)
(3 -2.11067e-15 0)
(3 -1.56444e-15 0)
(3 9.76161e-17 0)
(3 6.75387e-16 0)
(3 8.89265e-16 0)
(3 5.97044e-16 0)
(3 7.08094e-16 0)
(3 3.39477e-16 0)
(3 -3.43881e-16 0)
(3 -3.16662e-16 0)
(3 -2.83174e-16 0)
(3 -1.55721e-17 0)
(3 1.19047e-15 0)
(3 1.0343e-15 0)
(3 4.60433e-16 0)
(3 -1.63461e-16 0)
(3 -5.05374e-16 0)
(3 -5.88812e-16 0)
(3 -1.02199e-15 0)
(3 -8.96714e-16 0)
(3 -9.33771e-16 0)
(3 -1.56364e-15 0)
(3 -1.95207e-15 0)
(3 -1.13777e-15 0)
(3 3.69533e-16 0)
(3 2.74164e-16 0)
(3 -3.10496e-16 0)
(3 -6.6511e-16 0)
(3 -1.65134e-15 0)
(3 -1.96757e-15 0)
(3 -6.72486e-16 0)
(3 9.42982e-16 0)
(3 1.37053e-15 0)
(3 6.1661e-16 0)
(3 1.67279e-16 0)
(3 4.28412e-16 0)
(3 -4.70639e-16 0)
(3 3.24404e-17 0)
(3 2.51759e-16 0)
(3 6.90096e-16 0)
(3 1.3543e-15 0)
(3 -4.3309e-17 0)
(3 -1.46084e-15 0)
(3 -1.00005e-15 0)
(3 5.9557e-17 0)
(3 5.11476e-16 0)
(3 6.6564e-17 0)
(3 3.37684e-16 0)
(3 1.03674e-15 0)
(3 7.59647e-16 0)
(3 4.26871e-16 0)
(3 6.61959e-16 0)
(3 8.78725e-16 0)
(3 1.26894e-15 0)
(3 1.56088e-15 0)
(3 1.35654e-15 0)
(3 7.49942e-16 0)
(3 9.5273e-16 0)
(3 1.64621e-15 0)
(3 1.48765e-15 0)
(3 -1.79027e-17 0)
(3 -2.22265e-16 0)
(3 -2.15492e-17 0)
(3 3.34464e-17 0)
(3 3.23763e-16 0)
(3 2.85575e-16 0)
(3 7.88465e-16 0)
(3 1.00863e-15 0)
(3 6.57874e-16 0)
(3 2.73069e-16 0)
(3 2.57182e-16 0)
(3 6.3014e-16 0)
(3 1.36281e-15 0)
(3 1.19639e-15 0)
(3 1.85234e-15 0)
(3 1.81217e-15 0)
(3 9.05177e-16 0)
(3 4.70792e-16 0)
(3 -2.2922e-16 0)
(3 -9.06072e-16 0)
(3 -2.47858e-15 0)
(3 -1.91914e-15 0)
(3 -1.8285e-15 0)
(3 -2.05704e-15 0)
(3 -1.87785e-15 0)
(3 -1.07893e-15 0)
(3 3.66281e-16 0)
(3 8.4133e-16 0)
(3 9.93166e-16 0)
(3 -7.08766e-17 0)
(3 -8.73106e-16 0)
(3 -3.72511e-15 0)
(3 -4.85201e-15 0)
(3 -4.70997e-15 0)
(3 -4.28737e-15 0)
(3 -3.5828e-15 0)
(3 -2.71039e-15 0)
(3 -2.37704e-15 0)
(3 -5.40255e-17 0)
(3 -2.52537e-16 0)
(3 -9.10945e-17 0)
(3 -7.78963e-17 0)
(3 6.77358e-17 0)
(3 1.49507e-16 0)
(3 1.0779e-16 0)
(3 -5.76714e-17 0)
(3 -8.49675e-16 0)
(3 -4.4535e-16 0)
(3 3.60817e-16 0)
(3 1.16505e-15 0)
(3 2.43081e-16 0)
(3 -1.93291e-16 0)
(3 -5.66815e-17 0)
(3 -1.90037e-16 0)
(3 -6.87481e-16 0)
(3 -6.23549e-16 0)
(3 -1.35052e-15 0)
(3 -1.8508e-15 0)
(3 -8.52537e-16 0)
(3 5.74129e-16 0)
(3 1.0608e-15 0)
(3 7.96262e-16 0)
(3 -2.4626e-16 0)
(3 -1.70649e-15 0)
(3 -2.01587e-15 0)
(3 -1.40544e-15 0)
(3 -8.53627e-16 0)
(3 -9.64933e-17 0)
(3 1.00744e-15 0)
(3 6.17587e-16 0)
(3 -6.63614e-16 0)
(3 -9.02492e-16 0)
(3 -7.83521e-16 0)
(3 -3.2097e-16 0)
(3 2.09631e-16 0)
(3 -5.13058e-16 0)
(3 -3.59076e-16 0)
(3 -5.28782e-16 0)
(3 -7.62668e-16 0)
(3 -5.41096e-16 0)
(3 -1.94565e-16 0)
(3 1.8572e-16 0)
(3 3.16087e-16 0)
(3 8.81892e-16 0)
(3 1.3148e-15 0)
(3 1.42757e-15 0)
(3 1.11816e-15 0)
(3 6.19323e-16 0)
(3 1.20467e-15 0)
(3 1.23997e-15 0)
(3 1.39586e-15 0)
(3 2.54664e-15 0)
(3 2.66325e-15 0)
(3 2.31558e-15 0)
(3 2.09931e-15 0)
(3 1.56364e-15 0)
(3 1.52215e-15 0)
(3 1.35825e-15 0)
(3 1.42666e-15 0)
(3 1.11272e-15 0)
(3 8.05149e-16 0)
(3 8.10604e-16 0)
(3 1.35491e-15 0)
(3 2.25651e-15 0)
(3 1.58512e-15 0)
(3 8.83686e-16 0)
(3 -3.18289e-17 0)
(3 4.18721e-16 0)
(3 7.59789e-16 0)
(3 4.27259e-16 0)
(3 -9.581e-16 0)
(3 -3.08021e-16 0)
(3 9.94217e-16 0)
(3 9.18213e-16 0)
(3 2.91618e-16 0)
(3 -3.44034e-16 0)
(3 -1.45743e-15 0)
(3 -2.53615e-15 0)
(3 -2.40016e-15 0)
(3 -2.05781e-15 0)
(3 -2.258e-15 0)
(3 -1.71286e-15 0)
(3 -1.01588e-15 0)
(3 6.03615e-16 0)
(3 1.48393e-15 0)
(3 9.53724e-16 0)
(3 -4.00645e-16 0)
(3 -2.26654e-15 0)
(3 -3.431e-15 0)
(3 -3.64874e-15 0)
(3 -3.17938e-15 0)
(3 -2.84638e-15 0)
(3 -2.64414e-15 0)
(3 -2.6084e-15 0)
(3 -1.11536e-16 0)
(3 -7.08705e-16 0)
(3 -9.31627e-16 0)
(3 -5.28263e-16 0)
(3 -9.41849e-17 0)
(3 7.3149e-17 0)
(3 -1.71796e-16 0)
(3 -3.46328e-16 0)
(3 -7.36754e-16 0)
(3 -6.76399e-16 0)
(3 -9.0064e-16 0)
(3 1.42876e-16 0)
(3 6.26463e-16 0)
(3 5.28673e-16 0)
(3 5.11311e-16 0)
(3 8.8704e-16 0)
(3 9.5773e-16 0)
(3 1.00896e-15 0)
(3 7.22108e-16 0)
(3 -5.78289e-17 0)
(3 8.16108e-16 0)
(3 1.31165e-15 0)
(3 8.04802e-16 0)
(3 3.63584e-16 0)
(3 -8.88979e-17 0)
(3 -1.01914e-15 0)
(3 -1.13548e-15 0)
(3 -1.02082e-15 0)
(3 -2.13465e-16 0)
(3 -3.05614e-16 0)
(3 -1.19483e-15 0)
(3 -1.84596e-15 0)
(3 -2.11915e-15 0)
(3 -2.08044e-15 0)
(3 -1.45178e-15 0)
(3 -1.30002e-15 0)
(3 -1.13924e-15 0)
(3 -1.7983e-15 0)
(3 -2.36303e-15 0)
(3 -1.07315e-15 0)
(3 -8.77433e-16 0)
(3 -9.986e-16 0)
(3 -1.32758e-15 0)
(3 -1.25231e-15 0)
(3 -5.97362e-16 0)
(3 -1.87634e-16 0)
(3 3.00207e-16 0)
(3 1.20495e-15 0)
(3 1.45246e-15 0)
(3 1.49349e-15 0)
(3 1.2111e-15 0)
(3 1.05094e-15 0)
(3 1.81113e-15 0)
(3 2.42794e-15 0)
(3 2.4938e-15 0)
(3 2.56978e-15 0)
(3 2.07575e-15 0)
(3 2.20722e-15 0)
(3 2.97966e-15 0)
(3 2.68176e-15 0)
(3 2.07488e-15 0)
(3 1.44613e-15 0)
(3 3.09788e-16 0)
(3 -2.67927e-16 0)
(3 -9.02678e-17 0)
(3 8.28312e-16 0)
(3 6.16575e-16 0)
(3 -5.83184e-16 0)
(3 -9.97783e-16 0)
(3 -1.07131e-15 0)
(3 -1.47497e-15 0)
(3 -1.55786e-15 0)
(3 -1.02597e-15 0)
(3 1.68361e-16 0)
(3 9.8265e-16 0)
(3 8.731e-16 0)
(3 7.42984e-16 0)
(3 5.64084e-16 0)
(3 1.20142e-16 0)
(3 -1.42934e-15 0)
(3 -1.91731e-15 0)
(3 -1.56578e-15 0)
(3 -1.62794e-15 0)
(3 -1.88353e-15 0)
(3 -1.66159e-15 0)
(3 -6.21199e-16 0)
(3 4.316e-16 0)
(3 7.48311e-16 0)
(3 6.35525e-16 0)
(3 -9.48048e-17 0)
(3 -5.15687e-16 0)
(3 -8.0221e-16 0)
(3 -2.66834e-15 0)
(3 -3.05253e-15 0)
(3 -2.88262e-15 0)
(3 -1.97326e-15 0)
(3 1.2614e-17 0)
(3 -6.29488e-18 0)
(3 -5.91895e-17 0)
(3 -1.47051e-16 0)
(3 -2.71823e-16 0)
(3 -2.12637e-16 0)
(3 -7.6372e-17 0)
(3 2.82988e-16 0)
(3 1.24011e-16 0)
(3 -3.90599e-16 0)
(3 -9.52631e-16 0)
(3 -9.91092e-16 0)
(3 -3.56957e-16 0)
(3 5.017e-16 0)
(3 1.30028e-15 0)
(3 1.77095e-15 0)
(3 1.27883e-15 0)
(3 1.04881e-15 0)
(3 2.02117e-15 0)
(3 1.46565e-15 0)
(3 5.86939e-16 0)
(3 -7.46837e-16 0)
(3 -1.49659e-15 0)
(3 -1.55076e-15 0)
(3 -1.33855e-15 0)
(3 -1.55637e-15 0)
(3 -1.47743e-15 0)
(3 -1.35919e-15 0)
(3 -1.2763e-15 0)
(3 -2.10912e-15 0)
(3 -3.42251e-15 0)
(3 -4.04498e-15 0)
(3 -3.92823e-15 0)
(3 -3.36856e-15 0)
(3 -2.70855e-15 0)
(3 -2.41716e-15 0)
(3 -2.79564e-15 0)
(3 -2.57083e-15 0)
(3 -2.10799e-15 0)
(3 -1.05198e-15 0)
(3 -7.29473e-16 0)
(3 -8.9304e-16 0)
(3 -1.02506e-15 0)
(3 -1.66809e-15 0)
(3 -1.36521e-15 0)
(3 -4.23578e-16 0)
(3 -9.40985e-17 0)
(3 4.68535e-16 0)
(3 1.12573e-15 0)
(3 1.42211e-15 0)
(3 1.14205e-15 0)
(3 1.32801e-15 0)
(3 9.63889e-16 0)
(3 3.9048e-16 0)
(3 5.79071e-16 0)
(3 1.83366e-15 0)
(3 3.12797e-15 0)
(3 3.49977e-15 0)
(3 3.46121e-15 0)
(3 2.66098e-15 0)
(3 2.21835e-15 0)
(3 1.04889e-15 0)
(3 4.82521e-16 0)
(3 -5.68254e-16 0)
(3 -1.07273e-15 0)
(3 -1.59503e-15 0)
(3 -1.60926e-15 0)
(3 -1.67231e-15 0)
(3 -1.45664e-15 0)
(3 -1.05502e-15 0)
(3 -1.13256e-15 0)
(3 -4.14661e-16 0)
(3 2.59414e-16 0)
(3 3.07925e-16 0)
(3 1.25208e-16 0)
(3 -1.02576e-16 0)
(3 -9.65517e-18 0)
(3 4.95242e-16 0)
(3 2.7103e-16 0)
(3 4.28792e-16 0)
(3 6.08753e-17 0)
(3 6.56714e-17 0)
(3 1.78662e-16 0)
(3 3.28568e-16 0)
(3 7.38582e-16 0)
(3 1.49588e-15 0)
(3 2.43385e-15 0)
(3 2.79787e-15 0)
(3 2.86976e-15 0)
(3 1.90998e-15 0)
(3 1.08084e-15 0)
(3 5.77148e-16 0)
(3 -2.62004e-15 0)
(3 -3.7265e-15 0)
(3 -3.45323e-15 0)
(3 -2.0586e-15 0)
(3 -1.5224e-17 0)
(3 4.13556e-16 0)
(3 5.19709e-16 0)
(3 3.65292e-18 0)
(3 -4.35423e-16 0)
(3 -9.34321e-17 0)
(3 5.91338e-16 0)
(3 4.69539e-16 0)
(3 5.10734e-16 0)
(3 3.77394e-16 0)
(3 -1.69953e-16 0)
(3 -5.13124e-16 0)
(3 -8.47229e-16 0)
(3 -1.44322e-16 0)
(3 6.85875e-16 0)
(3 1.62956e-15 0)
(3 1.99949e-15 0)
(3 2.04825e-15 0)
(3 1.3701e-15 0)
(3 1.01298e-15 0)
(3 5.23935e-16 0)
(3 -1.44994e-15 0)
(3 -1.92978e-15 0)
(3 -1.48907e-15 0)
(3 -2.14387e-15 0)
(3 -3.26378e-15 0)
(3 -3.07181e-15 0)
(3 -3.59312e-15 0)
(3 -3.81224e-15 0)
(3 -3.89825e-15 0)
(3 -3.91445e-15 0)
(3 -3.79367e-15 0)
(3 -3.44603e-15 0)
(3 -3.59274e-15 0)
(3 -2.64757e-15 0)
(3 -2.25893e-15 0)
(3 -2.3502e-15 0)
(3 -2.32424e-15 0)
(3 -2.17798e-15 0)
(3 -1.14172e-15 0)
(3 -5.95667e-16 0)
(3 -5.03249e-16 0)
(3 -1.10959e-17 0)
(3 2.94953e-16 0)
(3 5.59455e-16 0)
(3 6.44108e-16 0)
(3 3.55663e-16 0)
(3 -1.4045e-16 0)
(3 -1.05974e-16 0)
(3 2.59036e-16 0)
(3 4.20358e-16 0)
(3 6.06178e-16 0)
(3 -5.74044e-16 0)
(3 -6.74506e-16 0)
(3 1.60402e-15 0)
(3 2.3463e-15 0)
(3 2.40415e-15 0)
(3 2.24536e-15 0)
(3 2.01029e-15 0)
(3 1.731e-15 0)
(3 1.43468e-15 0)
(3 1.07501e-15 0)
(3 1.2021e-15 0)
(3 7.24352e-16 0)
(3 -5.1937e-16 0)
(3 -1.21716e-15 0)
(3 -1.3856e-15 0)
(3 -7.92401e-16 0)
(3 -1.06006e-15 0)
(3 -1.11719e-15 0)
(3 -4.82208e-16 0)
(3 -7.94466e-17 0)
(3 1.92196e-16 0)
(3 -2.89503e-16 0)
(3 -8.64365e-16 0)
(3 -8.37117e-16 0)
(3 -1.15315e-15 0)
(3 -4.34428e-16 0)
(3 -5.77404e-17 0)
(3 1.85926e-15 0)
(3 2.93961e-15 0)
(3 2.72154e-15 0)
(3 1.77315e-15 0)
(3 1.51007e-15 0)
(3 2.40556e-15 0)
(3 2.67375e-15 0)
(3 2.88968e-15 0)
(3 2.61701e-15 0)
(3 2.5035e-15 0)
(3 2.08729e-15 0)
(3 1.55341e-15 0)
(3 5.57703e-16 0)
(3 -6.67903e-16 0)
(3 -1.99836e-15 0)
(3 -2.27644e-15 0)
(3 -2.28594e-15 0)
(3 1.11806e-16 0)
(3 2.34095e-16 0)
(3 -1.3182e-16 0)
(3 -9.83108e-17 0)
(3 -2.60854e-16 0)
(3 -1.16987e-16 0)
(3 1.53725e-16 0)
(3 -3.24883e-16 0)
(3 5.97114e-17 0)
(3 3.95414e-16 0)
(3 2.32913e-16 0)
(3 2.78711e-17 0)
(3 -2.94629e-16 0)
(3 -8.34959e-16 0)
(3 -8.8046e-16 0)
(3 -2.16065e-16 0)
(3 1.37139e-15 0)
(3 2.10234e-15 0)
(3 2.02122e-15 0)
(3 1.8159e-15 0)
(3 2.15321e-15 0)
(3 1.12972e-15 0)
(3 2.03445e-16 0)
(3 3.89775e-17 0)
(3 -8.22758e-17 0)
(3 -1.93228e-16 0)
(3 -5.32487e-16 0)
(3 -2.50801e-15 0)
(3 -2.88547e-15 0)
(3 -2.47473e-15 0)
(3 -2.02501e-15 0)
(3 -1.29077e-15 0)
(3 -8.41825e-16 0)
(3 2.73019e-16 0)
(3 5.39911e-16 0)
(3 1.66576e-17 0)
(3 -1.56236e-17 0)
(3 -6.58457e-16 0)
(3 -6.6901e-16 0)
(3 -1.3614e-16 0)
(3 -1.83504e-16 0)
(3 9.98821e-17 0)
(3 2.06077e-16 0)
(3 1.53233e-16 0)
(3 -1.72514e-16 0)
(3 -5.13379e-16 0)
(3 -6.72659e-16 0)
(3 -1.0981e-15 0)
(3 -8.04362e-16 0)
(3 6.13995e-16 0)
(3 9.38995e-16 0)
(3 6.4022e-16 0)
(3 6.10203e-16 0)
(3 8.81922e-16 0)
(3 1.19541e-15 0)
(3 1.69148e-15 0)
(3 1.22949e-15 0)
(3 1.84166e-15 0)
(3 1.38563e-15 0)
(3 1.40387e-15 0)
(3 1.63601e-15 0)
(3 1.87043e-15 0)
(3 1.74427e-15 0)
(3 1.18554e-15 0)
(3 8.98111e-16 0)
(3 4.84373e-16 0)
(3 4.27429e-16 0)
(3 3.07002e-17 0)
(3 -2.09023e-16 0)
(3 -6.18959e-16 0)
(3 -7.08219e-16 0)
(3 -9.15511e-16 0)
(3 -1.088e-15 0)
(3 -1.15209e-15 0)
(3 -1.24167e-15 0)
(3 -1.0436e-15 0)
(3 -6.00683e-16 0)
(3 -1.04607e-15 0)
(3 -2.80514e-16 0)
(3 8.25712e-16 0)
(3 1.31277e-15 0)
(3 2.3348e-15 0)
(3 2.03113e-15 0)
(3 2.1966e-15 0)
(3 2.57812e-15 0)
(3 2.80386e-15 0)
(3 2.27045e-15 0)
(3 1.32456e-15 0)
(3 5.55635e-17 0)
(3 -8.12771e-17 0)
(3 5.62678e-16 0)
(3 1.87568e-16 0)
(3 3.00501e-16 0)
(3 -3.56405e-16 0)
(3 -1.88432e-15 0)
(3 -2.06274e-15 0)
(3 2.0686e-16 0)
(3 4.57379e-17 0)
(3 -2.43018e-16 0)
(3 -1.97487e-16 0)
(3 -7.61639e-17 0)
(3 -2.47625e-16 0)
(3 1.32797e-16 0)
(3 -7.10719e-17 0)
(3 2.75497e-16 0)
(3 -3.51142e-16 0)
(3 -7.65853e-16 0)
(3 -4.87387e-16 0)
(3 -1.90999e-16 0)
(3 -5.23731e-16 0)
(3 -3.91967e-16 0)
(3 8.50911e-17 0)
(3 -1.89476e-16 0)
(3 2.29994e-16 0)
(3 1.30656e-15 0)
(3 1.58564e-15 0)
(3 2.20595e-15 0)
(3 1.94999e-15 0)
(3 1.39568e-15 0)
(3 8.60857e-16 0)
(3 9.77642e-16 0)
(3 1.46978e-15 0)
(3 1.39236e-15 0)
(3 1.04227e-16 0)
(3 -1.13039e-15 0)
(3 -1.25862e-15 0)
(3 -7.61869e-16 0)
(3 -1.26642e-16 0)
(3 4.05958e-16 0)
(3 1.98903e-15 0)
(3 1.22492e-15 0)
(3 6.00965e-16 0)
(3 -3.03178e-16 0)
(3 5.82821e-16 0)
(3 9.89163e-16 0)
(3 4.52884e-16 0)
(3 6.40139e-16 0)
(3 4.07489e-16 0)
(3 -6.20189e-18 0)
(3 -8.84359e-17 0)
(3 -8.65792e-16 0)
(3 -1.49511e-15 0)
(3 -1.21273e-15 0)
(3 -9.69615e-16 0)
(3 6.0231e-16 0)
(3 1.57244e-15 0)
(3 1.80865e-15 0)
(3 1.86017e-15 0)
(3 2.33569e-15 0)
(3 2.61294e-15 0)
(3 6.83261e-16 0)
(3 -1.04568e-15 0)
(3 -9.35008e-16 0)
(3 4.90242e-16 0)
(3 6.69908e-16 0)
(3 1.08669e-15 0)
(3 1.61526e-15 0)
(3 1.57743e-15 0)
(3 1.21729e-15 0)
(3 1.45674e-15 0)
(3 1.6574e-15 0)
(3 7.49786e-16 0)
(3 -8.54757e-17 0)
(3 -6.94142e-16 0)
(3 -9.38149e-16 0)
(3 -1.01293e-15 0)
(3 -1.286e-15 0)
(3 -1.16131e-15 0)
(3 -1.40699e-15 0)
(3 -1.47501e-15 0)
(3 -1.6831e-15 0)
(3 -1.71467e-15 0)
(3 -1.34405e-15 0)
(3 -1.10297e-15 0)
(3 5.18768e-16 0)
(3 1.6848e-15 0)
(3 1.91397e-15 0)
(3 2.10908e-15 0)
(3 2.45057e-15 0)
(3 2.76168e-15 0)
(3 2.54187e-15 0)
(3 2.16259e-15 0)
(3 9.97818e-16 0)
(3 -5.12572e-16 0)
(3 -2.18472e-15 0)
(3 -2.42579e-15 0)
(3 -1.56617e-15 0)
(3 -9.03012e-16 0)
(3 1.7643e-16 0)
(3 4.9763e-16 0)
(3 -9.42103e-16 0)
(3 -1.31369e-15 0)
(3 -1.33556e-16 0)
(3 -1.93228e-16 0)
(3 2.61602e-16 0)
(3 2.40118e-16 0)
(3 2.51985e-16 0)
(3 -2.30274e-16 0)
(3 -2.07799e-16 0)
(3 -3.48281e-16 0)
(3 -4.04721e-16 0)
(3 -4.10697e-16 0)
(3 -2.6343e-16 0)
(3 -3.83314e-16 0)
(3 -3.3234e-16 0)
(3 -4.20329e-16 0)
(3 3.01396e-16 0)
(3 -3.11119e-16 0)
(3 -9.36371e-16 0)
(3 -1.42378e-15 0)
(3 -9.81246e-16 0)
(3 -5.70912e-16 0)
(3 -3.8046e-16 0)
(3 -4.31675e-16 0)
(3 3.68081e-16 0)
(3 7.28531e-16 0)
(3 1.13464e-15 0)
(3 1.67435e-15 0)
(3 1.54756e-15 0)
(3 5.74471e-16 0)
(3 1.42572e-16 0)
(3 7.056e-17 0)
(3 4.1675e-16 0)
(3 2.22405e-16 0)
(3 6.79972e-16 0)
(3 4.81695e-16 0)
(3 5.98356e-16 0)
(3 3.03906e-16 0)
(3 -1.41186e-15 0)
(3 -1.1e-15 0)
(3 -9.9172e-18 0)
(3 -3.07185e-16 0)
(3 -3.5265e-16 0)
(3 -3.11459e-16 0)
(3 1.03221e-17 0)
(3 8.51026e-16 0)
(3 9.53116e-16 0)
(3 5.86148e-16 0)
(3 1.20385e-17 0)
(3 5.52058e-16 0)
(3 1.65598e-15 0)
(3 1.14657e-15 0)
(3 7.63612e-16 0)
(3 1.38128e-15 0)
(3 1.68913e-15 0)
(3 1.82675e-15 0)
(3 -6.34087e-17 0)
(3 -1.22052e-15 0)
(3 -8.66523e-16 0)
(3 -7.20468e-16 0)
(3 -1.11776e-15 0)
(3 -1.19773e-15 0)
(3 -8.26956e-16 0)
(3 9.16924e-17 0)
(3 6.28444e-16 0)
(3 8.00861e-16 0)
(3 8.35399e-16 0)
(3 -1.29025e-16 0)
(3 -9.42733e-16 0)
(3 -8.30069e-16 0)
(3 -9.45772e-16 0)
(3 -1.26818e-15 0)
(3 -1.55143e-15 0)
(3 -1.014e-15 0)
(3 -1.10879e-15 0)
(3 -1.18516e-15 0)
(3 -1.23069e-15 0)
(3 -1.60456e-15 0)
(3 -1.94844e-15 0)
(3 -1.35933e-15 0)
(3 -1.05344e-15 0)
(3 5.65917e-16 0)
(3 1.3865e-15 0)
(3 1.00758e-15 0)
(3 1.02042e-15 0)
(3 1.0387e-15 0)
(3 6.95149e-16 0)
(3 2.37765e-16 0)
(3 1.56798e-16 0)
(3 -6.56e-16 0)
(3 -1.44267e-15 0)
(3 -1.69837e-15 0)
(3 -2.31749e-15 0)
(3 -2.16206e-15 0)
(3 -1.69408e-15 0)
(3 -3.4839e-17 0)
(3 -6.5176e-16 0)
(3 -1.42494e-15 0)
(3 -1.45464e-16 0)
(3 -3.21101e-16 0)
(3 -1.48715e-16 0)
(3 2.63265e-16 0)
(3 5.80942e-16 0)
(3 3.35934e-16 0)
(3 -4.01101e-16 0)
(3 -2.99344e-16 0)
(3 -5.27358e-16 0)
(3 -2.43563e-16 0)
(3 -1.08582e-16 0)
(3 -5.19166e-16 0)
(3 -1.13195e-15 0)
(3 -8.09045e-16 0)
(3 -6.56405e-16 0)
(3 -1.02578e-15 0)
(3 -1.01345e-15 0)
(3 -1.35726e-15 0)
(3 -1.88374e-15 0)
(3 -1.79741e-15 0)
(3 -2.02659e-15 0)
(3 -1.85313e-15 0)
(3 -1.16919e-15 0)
(3 1.03377e-16 0)
(3 5.10693e-16 0)
(3 1.69297e-16 0)
(3 3.01698e-16 0)
(3 5.34751e-16 0)
(3 1.15808e-15 0)
(3 1.68436e-15 0)
(3 1.46489e-15 0)
(3 1.57442e-15 0)
(3 1.18743e-15 0)
(3 1.33126e-16 0)
(3 -9.86273e-16 0)
(3 -1.93725e-15 0)
(3 -1.93184e-15 0)
(3 -2.53403e-15 0)
(3 -2.13294e-15 0)
(3 -1.45479e-15 0)
(3 -1.44405e-15 0)
(3 -8.67465e-16 0)
(3 -6.57371e-16 0)
(3 1.31774e-15 0)
(3 1.90463e-15 0)
(3 1.55569e-15 0)
(3 1.23981e-15 0)
(3 1.10954e-15 0)
(3 6.06584e-16 0)
(3 -1.76463e-16 0)
(3 -1.99038e-16 0)
(3 -6.85373e-17 0)
(3 3.6722e-16 0)
(3 3.65251e-16 0)
(3 -2.27777e-16 0)
(3 -1.95013e-16 0)
(3 -5.10732e-16 0)
(3 -8.53488e-16 0)
(3 -9.97348e-16 0)
(3 -1.54073e-15 0)
(3 -1.59797e-15 0)
(3 1.46668e-16 0)
(3 1.4648e-15 0)
(3 1.5123e-15 0)
(3 1.2708e-15 0)
(3 4.69056e-16 0)
(3 -4.80922e-17 0)
(3 6.08123e-17 0)
(3 2.84147e-16 0)
(3 -1.07947e-17 0)
(3 -4.71894e-16 0)
(3 -7.39438e-16 0)
(3 -1.87135e-15 0)
(3 -2.45063e-15 0)
(3 -1.92392e-15 0)
(3 -1.44299e-15 0)
(3 -1.14123e-15 0)
(3 -1.83066e-15 0)
(3 -2.16753e-15 0)
(3 -1.95115e-15 0)
(3 -2.70836e-16 0)
(3 1.73354e-16 0)
(3 7.16628e-17 0)
(3 1.93238e-16 0)
(3 1.35917e-15 0)
(3 2.06644e-15 0)
(3 6.75286e-16 0)
(3 -9.06913e-16 0)
(3 -1.1014e-15 0)
(3 -8.83631e-16 0)
(3 -9.23051e-16 0)
(3 -1.49971e-15 0)
(3 -2.27129e-15 0)
(3 -1.12656e-15 0)
(3 -6.64623e-16 0)
(3 -5.06489e-17 0)
(3 3.68483e-17 0)
(3 7.42259e-17 0)
(3 -4.53827e-18 0)
(3 -9.40416e-17 0)
(3 -6.62973e-17 0)
(3 3.18819e-17 0)
(3 -1.84825e-16 0)
(3 1.92365e-16 0)
(3 7.63149e-16 0)
(3 9.25594e-16 0)
(3 4.05619e-16 0)
(3 -6.23266e-17 0)
(3 -6.27288e-16 0)
(3 -7.84693e-16 0)
(3 -8.67875e-16 0)
(3 -5.13473e-16 0)
(3 -6.15699e-16 0)
(3 -5.93163e-16 0)
(3 -2.61795e-16 0)
(3 -2.71845e-16 0)
(3 -2.90704e-16 0)
(3 -1.15086e-16 0)
(3 -3.863e-16 0)
(3 -9.30551e-17 0)
(3 -1.23568e-15 0)
(3 -1.80321e-15 0)
(3 -1.7269e-15 0)
(3 3.96868e-16 0)
(3 1.44468e-15 0)
(3 2.00285e-15 0)
(3 2.22732e-15 0)
(3 2.7689e-15 0)
(3 2.69508e-15 0)
(3 1.89678e-15 0)
(3 -5.5298e-16 0)
(3 -3.35863e-15 0)
(3 -3.25378e-15 0)
(3 -2.26627e-15 0)
(3 -1.46149e-15 0)
(3 -6.72086e-16 0)
(3 1.22972e-16 0)
(3 1.39108e-15 0)
(3 1.91929e-15 0)
(3 1.60255e-15 0)
(3 1.6732e-15 0)
(3 1.88663e-15 0)
(3 1.86196e-15 0)
(3 1.54064e-15 0)
(3 -6.67182e-16 0)
(3 -7.72594e-16 0)
(3 -1.01603e-16 0)
(3 -3.18154e-16 0)
(3 -2.49858e-16 0)
(3 -4.15515e-17 0)
(3 -3.1692e-16 0)
(3 -6.2646e-16 0)
(3 -6.51149e-16 0)
(3 -7.53724e-16 0)
(3 -1.30193e-15 0)
(3 -1.26522e-15 0)
(3 -7.27996e-16 0)
(3 7.25058e-16 0)
(3 9.77759e-16 0)
(3 1.66557e-15 0)
(3 1.202e-15 0)
(3 1.50431e-15 0)
(3 1.05014e-15 0)
(3 1.3955e-15 0)
(3 1.07165e-15 0)
(3 7.4092e-16 0)
(3 -5.34595e-16 0)
(3 -1.89545e-15 0)
(3 -2.34277e-15 0)
(3 -2.19885e-15 0)
(3 -1.31699e-15 0)
(3 -1.56455e-16 0)
(3 4.45275e-16 0)
(3 -2.81917e-16 0)
(3 -1.7782e-15 0)
(3 -1.60859e-15 0)
(3 -3.74644e-16 0)
(3 9.78707e-16 0)
(3 1.21512e-15 0)
(3 6.13634e-16 0)
(3 5.39839e-16 0)
(3 4.11496e-16 0)
(3 -9.0137e-16 0)
(3 -6.82166e-16 0)
(3 -5.22035e-16 0)
(3 -6.86814e-16 0)
(3 -9.42098e-16 0)
(3 -1.42656e-15 0)
(3 -1.02733e-15 0)
(3 -2.36534e-16 0)
(3 6.46934e-17 0)
(3 1.1611e-15 0)
(3 -5.13537e-17 0)
(3 2.05902e-16 0)
(3 3.17031e-16 0)
(3 3.71877e-17 0)
(3 -8.03869e-16 0)
(3 -5.70159e-16 0)
(3 -2.8709e-16 0)
(3 -3.10337e-18 0)
(3 5.3825e-16 0)
(3 2.54489e-16 0)
(3 2.81817e-16 0)
(3 2.93645e-16 0)
(3 3.74302e-17 0)
(3 -1.8808e-16 0)
(3 -2.46929e-16 0)
(3 -1.37946e-16 0)
(3 -3.85646e-17 0)
(3 3.03601e-16 0)
(3 8.53457e-16 0)
(3 1.15438e-15 0)
(3 1.31815e-15 0)
(3 8.76233e-16 0)
(3 3.57897e-16 0)
(3 -8.43807e-16 0)
(3 -1.74616e-15 0)
(3 -1.54868e-15 0)
(3 -1.94181e-15 0)
(3 -9.91194e-17 0)
(3 9.55789e-16 0)
(3 2.12586e-15 0)
(3 2.04547e-15 0)
(3 2.66133e-15 0)
(3 3.39448e-15 0)
(3 2.95537e-15 0)
(3 5.60016e-16 0)
(3 -5.82504e-17 0)
(3 -7.7397e-16 0)
(3 -9.82284e-16 0)
(3 -1.38899e-16 0)
(3 4.03798e-16 0)
(3 8.97162e-16 0)
(3 1.9681e-15 0)
(3 2.95353e-15 0)
(3 2.37358e-15 0)
(3 1.21332e-15 0)
(3 1.36319e-15 0)
(3 1.6909e-15 0)
(3 5.99451e-16 0)
(3 -2.79344e-16 0)
(3 -5.50667e-16 0)
(3 -5.67219e-16 0)
(3 -9.89343e-16 0)
(3 -1.24488e-15 0)
(3 -5.12075e-16 0)
(3 -7.21813e-16 0)
(3 -1.60544e-15 0)
(3 -1.94026e-15 0)
(3 -1.95692e-15 0)
(3 -2.21855e-15 0)
(3 -1.18096e-15 0)
(3 -2.41317e-16 0)
(3 -2.19173e-16 0)
(3 1.52815e-16 0)
(3 1.4676e-16 0)
(3 6.95133e-16 0)
(3 2.45277e-15 0)
(3 2.41501e-15 0)
(3 2.42528e-15 0)
(3 1.50627e-15 0)
(3 1.08953e-15 0)
(3 1.19405e-16 0)
(3 -1.26168e-15 0)
(3 -7.06436e-16 0)
(3 -6.11716e-16 0)
(3 5.45816e-16 0)
(3 6.70241e-16 0)
(3 5.49432e-16 0)
(3 3.46659e-16 0)
(3 -4.75926e-16 0)
(3 -5.93642e-16 0)
(3 -1.01365e-15 0)
(3 -1.12109e-15 0)
(3 -5.48239e-16 0)
(3 -2.65541e-16 0)
(3 -1.15265e-15 0)
(3 -2.49765e-15 0)
(3 -4.31371e-16 0)
(3 2.72942e-16 0)
(3 1.09045e-15 0)
(3 6.43447e-16 0)
(3 3.00055e-16 0)
(3 -1.36975e-16 0)
(3 5.22883e-17 0)
(3 3.9521e-16 0)
(3 5.14699e-16 0)
(3 1.02552e-15 0)
(3 4.7383e-17 0)
(3 1.54354e-16 0)
(3 5.21299e-16 0)
(3 8.18683e-16 0)
(3 8.05e-16 0)
(3 7.55049e-16 0)
(3 8.27952e-16 0)
(3 4.7074e-16 0)
(3 -6.74589e-16 0)
(3 -8.23012e-16 0)
(3 7.22368e-17 0)
(3 8.35986e-16 0)
(3 1.21812e-15 0)
(3 1.2195e-15 0)
(3 9.58734e-16 0)
(3 4.05194e-16 0)
(3 3.73374e-16 0)
(3 -1.24663e-16 0)
(3 -4.82522e-16 0)
(3 -1.50521e-16 0)
(3 2.2515e-16 0)
(3 5.53221e-16 0)
(3 6.00924e-16 0)
(3 -2.21112e-16 0)
(3 -3.423e-17 0)
(3 -7.27435e-16 0)
(3 -6.49609e-17 0)
(3 8.60545e-16 0)
(3 1.73545e-15 0)
(3 2.03182e-15 0)
(3 1.57482e-15 0)
(3 1.21809e-15 0)
(3 1.21479e-15 0)
(3 1.40763e-15 0)
(3 6.81708e-17 0)
(3 -3.60579e-16 0)
(3 -4.14291e-16 0)
(3 -2.56198e-16 0)
(3 -8.06323e-16 0)
(3 -9.80984e-16 0)
(3 -3.65994e-17 0)
(3 1.77074e-16 0)
(3 1.41246e-15 0)
(3 1.22708e-15 0)
(3 3.98586e-16 0)
(3 -1.07385e-16 0)
(3 -2.20896e-18 0)
(3 -6.17921e-16 0)
(3 -4.62496e-16 0)
(3 -5.6359e-16 0)
(3 -1.17769e-15 0)
(3 -1.16603e-15 0)
(3 -1.45521e-15 0)
(3 -1.25051e-15 0)
(3 -9.08967e-16 0)
(3 -8.5519e-16 0)
(3 -1.34749e-15 0)
(3 -1.31955e-15 0)
(3 -1.05404e-15 0)
(3 -7.52593e-16 0)
(3 -8.29805e-16 0)
(3 2.94095e-17 0)
(3 7.00033e-16 0)
(3 2.7703e-16 0)
(3 -5.89217e-16 0)
(3 -1.63726e-16 0)
(3 1.1617e-15 0)
(3 1.74337e-15 0)
(3 1.22852e-15 0)
(3 4.37327e-16 0)
(3 -2.80144e-16 0)
(3 -3.94326e-16 0)
(3 5.13311e-16 0)
(3 5.45194e-16 0)
(3 1.13707e-15 0)
(3 8.00589e-16 0)
(3 9.36041e-16 0)
(3 1.44111e-15 0)
(3 1.71366e-15 0)
(3 4.89995e-16 0)
(3 -1.82599e-15 0)
(3 -1.93767e-15 0)
(3 -7.42815e-16 0)
(3 4.78287e-17 0)
(3 -8.18257e-16 0)
(3 -1.71708e-15 0)
(3 -5.07638e-16 0)
(3 8.41965e-16 0)
(3 1.99963e-15 0)
(3 2.08688e-15 0)
(3 1.76693e-15 0)
(3 2.19724e-15 0)
(3 1.43365e-15 0)
(3 1.13997e-15 0)
(3 8.21259e-16 0)
(3 9.15984e-16 0)
(3 1.89822e-16 0)
(3 2.52623e-16 0)
(3 1.89446e-16 0)
(3 7.61379e-17 0)
(3 5.24138e-16 0)
(3 6.31971e-16 0)
(3 3.04592e-16 0)
(3 1.64274e-16 0)
(3 -8.67215e-17 0)
(3 4.49027e-16 0)
(3 1.46871e-15 0)
(3 1.80687e-15 0)
(3 1.53127e-15 0)
(3 1.53074e-15 0)
(3 1.35461e-15 0)
(3 8.57598e-16 0)
(3 1.66367e-16 0)
(3 -5.63739e-16 0)
(3 -1.22248e-15 0)
(3 -1.19585e-15 0)
(3 -8.98813e-16 0)
(3 9.50316e-17 0)
(3 8.10502e-16 0)
(3 1.25823e-15 0)
(3 1.69131e-15 0)
(3 1.40059e-15 0)
(3 2.51434e-15 0)
(3 3.04833e-15 0)
(3 2.85223e-15 0)
(3 1.67564e-15 0)
(3 1.34974e-15 0)
(3 9.86329e-16 0)
(3 -2.63438e-16 0)
(3 -1.08302e-16 0)
(3 -1.56008e-16 0)
(3 1.10214e-16 0)
(3 3.29123e-16 0)
(3 5.16456e-16 0)
(3 -3.3745e-16 0)
(3 -5.2558e-16 0)
(3 -6.56468e-16 0)
(3 -1.89238e-16 0)
(3 -2.34113e-16 0)
(3 -6.45898e-16 0)
(3 -6.70263e-16 0)
(3 -9.69246e-16 0)
(3 -1.13726e-15 0)
(3 -1.02319e-15 0)
(3 -9.94705e-16 0)
(3 -9.61242e-16 0)
(3 -1.40396e-15 0)
(3 -1.41759e-15 0)
(3 -1.20785e-15 0)
(3 -1.55406e-15 0)
(3 -1.46142e-15 0)
(3 -1.38791e-15 0)
(3 -1.92042e-15 0)
(3 -1.30259e-15 0)
(3 -3.78997e-16 0)
(3 -2.52097e-16 0)
(3 8.39053e-17 0)
(3 5.08589e-16 0)
(3 1.08454e-16 0)
(3 -1.42378e-16 0)
(3 -1.9186e-16 0)
(3 1.63907e-17 0)
(3 9.24892e-16 0)
(3 1.45995e-15 0)
(3 1.29025e-15 0)
(3 1.20781e-15 0)
(3 1.41593e-16 0)
(3 2.02515e-17 0)
(3 2.36142e-16 0)
(3 1.36085e-16 0)
(3 -2.98083e-16 0)
(3 8.58842e-16 0)
(3 1.64466e-15 0)
(3 1.75524e-15 0)
(3 1.83114e-15 0)
(3 1.38547e-15 0)
(3 1.21608e-15 0)
(3 1.49074e-15 0)
(3 1.56456e-15 0)
(3 3.04012e-16 0)
(3 -1.01475e-15 0)
(3 -1.28788e-15 0)
(3 -8.30483e-16 0)
(3 2.44409e-16 0)
(3 4.41074e-16 0)
(3 1.29783e-15 0)
(3 1.11163e-15 0)
(3 2.95864e-16 0)
(3 8.78797e-16 0)
(3 1.71577e-15 0)
(3 1.31981e-15 0)
(3 6.40464e-16 0)
(3 5.44027e-17 0)
(3 2.20118e-16 0)
(3 -1.80328e-16 0)
(3 -5.82032e-16 0)
(3 -9.84345e-16 0)
(3 -1.48468e-15 0)
(3 -1.51625e-15 0)
(3 -9.30567e-16 0)
(3 -3.29217e-16 0)
(3 -1.94189e-17 0)
(3 3.02663e-16 0)
(3 7.44946e-16 0)
(3 7.49855e-16 0)
(3 2.24439e-16 0)
(3 1.5377e-16 0)
(3 4.0469e-16 0)
(3 -2.43501e-16 0)
(3 -1.22849e-15 0)
(3 -1.81748e-15 0)
(3 -1.88844e-15 0)
(3 -7.69364e-16 0)
(3 2.16727e-16 0)
(3 5.61136e-16 0)
(3 1.4561e-15 0)
(3 2.45604e-15 0)
(3 3.25355e-15 0)
(3 3.47619e-15 0)
(3 3.41829e-15 0)
(3 2.85288e-15 0)
(3 2.84731e-15 0)
(3 1.53555e-15 0)
(3 1.11661e-15 0)
(3 1.05638e-15 0)
(3 -2.97848e-16 0)
(3 -9.72178e-16 0)
(3 -3.56958e-16 0)
(3 -6.92238e-17 0)
(3 1.61898e-16 0)
(3 4.26367e-17 0)
(3 -2.92229e-16 0)
(3 -3.89425e-16 0)
(3 -9.3764e-16 0)
(3 -1.93848e-15 0)
(3 -1.6117e-15 0)
(3 -7.19997e-16 0)
(3 -7.85191e-16 0)
(3 -7.25503e-16 0)
(3 -1.03592e-15 0)
(3 -1.24633e-15 0)
(3 -1.22706e-15 0)
(3 -1.56551e-15 0)
(3 -1.09445e-15 0)
(3 -7.46539e-16 0)
(3 -1.3289e-15 0)
(3 -1.59225e-15 0)
(3 -1.51207e-15 0)
(3 -1.69286e-15 0)
(3 -1.31814e-15 0)
(3 -7.98962e-16 0)
(3 2.17473e-16 0)
(3 2.88343e-16 0)
(3 1.64586e-16 0)
(3 -5.40988e-16 0)
(3 -5.55322e-16 0)
(3 6.31302e-16 0)
(3 8.68695e-16 0)
(3 2.63137e-16 0)
(3 -1.30162e-15 0)
(3 -1.01098e-15 0)
(3 6.38855e-16 0)
(3 1.50393e-15 0)
(3 5.1108e-16 0)
(3 -5.31521e-16 0)
(3 7.18315e-17 0)
(3 6.94716e-16 0)
(3 1.69056e-15 0)
(3 1.41756e-15 0)
(3 1.10452e-15 0)
(3 1.04444e-15 0)
(3 1.5875e-15 0)
(3 2.65462e-15 0)
(3 2.26971e-15 0)
(3 1.13503e-15 0)
(3 -1.08164e-15 0)
(3 -2.19754e-15 0)
(3 -1.83759e-15 0)
(3 -1.04422e-15 0)
(3 -1.02206e-15 0)
(3 -2.20945e-16 0)
(3 7.43168e-16 0)
(3 1.38403e-15 0)
(3 1.26425e-15 0)
(3 1.30372e-15 0)
(3 1.24267e-15 0)
(3 1.26918e-15 0)
(3 1.04755e-15 0)
(3 -1.16945e-16 0)
(3 -4.39514e-17 0)
(3 -7.61836e-17 0)
(3 -2.32392e-16 0)
(3 -3.53793e-16 0)
(3 -5.13421e-16 0)
(3 -6.52219e-17 0)
(3 7.85366e-16 0)
(3 6.95784e-16 0)
(3 2.25938e-17 0)
(3 -5.6735e-16 0)
(3 -2.48619e-16 0)
(3 3.72174e-16 0)
(3 -2.63002e-17 0)
(3 -1.44424e-16 0)
(3 -1.60195e-16 0)
(3 -2.37518e-16 0)
(3 -3.67799e-16 0)
(3 1.29045e-16 0)
(3 -3.1121e-16 0)
(3 -6.96386e-16 0)
(3 -6.00676e-16 0)
(3 -5.7076e-16 0)
(3 -2.99345e-16 0)
(3 6.6431e-16 0)
(3 9.3295e-16 0)
(3 1.65799e-15 0)
(3 2.1807e-15 0)
(3 2.23287e-15 0)
(3 1.30139e-15 0)
(3 7.99986e-16 0)
(3 4.06879e-16 0)
(3 5.85964e-17 0)
(3 -2.28818e-17 0)
(3 -3.24264e-17 0)
(3 -1.56148e-16 0)
(3 7.2398e-17 0)
(3 6.95579e-17 0)
(3 4.97218e-16 0)
(3 4.47285e-16 0)
(3 2.89978e-16 0)
(3 -8.94517e-16 0)
(3 -2.46862e-15 0)
(3 -2.47936e-15 0)
(3 -1.17188e-15 0)
(3 -9.01668e-16 0)
(3 -9.02135e-16 0)
(3 -1.86023e-15 0)
(3 -2.22455e-15 0)
(3 -2.05064e-15 0)
(3 -9.08573e-16 0)
(3 -7.99849e-16 0)
(3 -1.26822e-15 0)
(3 -1.52405e-15 0)
(3 -1.80486e-15 0)
(3 -1.36505e-15 0)
(3 -1.4848e-16 0)
(3 -2.33226e-17 0)
(3 -8.47635e-18 0)
(3 1.56106e-16 0)
(3 -2.82527e-16 0)
(3 -1.41533e-15 0)
(3 -1.91667e-15 0)
(3 -1.62319e-15 0)
(3 -1.21992e-15 0)
(3 -4.68178e-16 0)
(3 -4.80651e-16 0)
(3 -1.31254e-16 0)
(3 1.68258e-16 0)
(3 -1.71998e-16 0)
(3 5.03283e-16 0)
(3 9.31445e-16 0)
(3 4.45332e-16 0)
(3 3.20168e-16 0)
(3 2.04761e-16 0)
(3 -1.23395e-16 0)
(3 -1.50591e-16 0)
(3 3.30486e-16 0)
(3 7.51173e-16 0)
(3 2.5457e-16 0)
(3 7.55064e-16 0)
(3 7.72391e-17 0)
(3 -1.1566e-15 0)
(3 -1.63999e-15 0)
(3 -1.57669e-15 0)
(3 -1.26976e-15 0)
(3 -9.52864e-16 0)
(3 -1.06515e-15 0)
(3 -8.25283e-16 0)
(3 1.62463e-16 0)
(3 1.30944e-15 0)
(3 2.48241e-15 0)
(3 2.54007e-15 0)
(3 2.10812e-15 0)
(3 2.30439e-15 0)
(3 2.01304e-15 0)
(3 -1.36222e-16 0)
(3 -2.31636e-16 0)
(3 -7.06087e-17 0)
(3 2.09264e-16 0)
(3 1.09477e-15 0)
(3 2.55113e-15 0)
(3 2.38985e-15 0)
(3 2.58268e-15 0)
(3 1.80881e-15 0)
(3 1.64472e-15 0)
(3 8.06916e-16 0)
(3 -7.30826e-17 0)
(3 -9.14796e-17 0)
(3 5.36411e-16 0)
(3 6.79964e-16 0)
(3 3.83529e-16 0)
(3 8.06609e-16 0)
(3 1.44919e-15 0)
(3 1.78587e-15 0)
(3 1.68579e-15 0)
(3 1.04339e-16 0)
(3 1.73981e-17 0)
(3 -4.28498e-16 0)
(3 -9.06811e-16 0)
(3 -1.59717e-16 0)
(3 1.20811e-15 0)
(3 1.68616e-15 0)
(3 1.66678e-15 0)
(3 1.46138e-15 0)
(3 6.54735e-16 0)
(3 7.83388e-16 0)
(3 2.70864e-16 0)
(3 -3.49412e-16 0)
(3 -2.65615e-16 0)
(3 4.52853e-16 0)
(3 1.47043e-15 0)
(3 1.64086e-15 0)
(3 9.19162e-16 0)
(3 4.11155e-16 0)
(3 5.80688e-16 0)
(3 6.1502e-16 0)
(3 4.9931e-16 0)
(3 -6.06871e-16 0)
(3 -1.34447e-15 0)
(3 -1.37189e-15 0)
(3 -1.12655e-15 0)
(3 -9.22217e-16 0)
(3 -9.16555e-16 0)
(3 -9.60895e-16 0)
(3 -1.97238e-15 0)
(3 -1.00346e-15 0)
(3 -7.73678e-16 0)
(3 -1.27263e-15 0)
(3 -5.3559e-16 0)
(3 -7.05879e-16 0)
(3 -1.57238e-15 0)
(3 -2.74023e-16 0)
(3 -1.80542e-16 0)
(3 4.96437e-16 0)
(3 1.37828e-16 0)
(3 -4.63456e-16 0)
(3 -1.20032e-15 0)
(3 -1.4497e-15 0)
(3 -1.35308e-15 0)
(3 -1.14923e-15 0)
(3 -9.40933e-16 0)
(3 -9.8808e-16 0)
(3 -6.11518e-16 0)
(3 -4.46132e-16 0)
(3 -5.22279e-16 0)
(3 -3.42145e-16 0)
(3 8.75572e-16 0)
(3 1.17249e-15 0)
(3 5.76019e-16 0)
(3 2.18078e-16 0)
(3 -1.97256e-16 0)
(3 3.69246e-16 0)
(3 1.5662e-16 0)
(3 1.36539e-16 0)
(3 8.37131e-17 0)
(3 -2.94098e-16 0)
(3 -1.63235e-15 0)
(3 -1.7262e-15 0)
(3 -7.27885e-16 0)
(3 -3.88159e-16 0)
(3 1.39452e-18 0)
(3 1.33882e-17 0)
(3 -2.04982e-16 0)
(3 -4.3892e-16 0)
(3 -4.37794e-16 0)
(3 9.91194e-16 0)
(3 1.78296e-15 0)
(3 3.19032e-15 0)
(3 1.99825e-15 0)
(3 1.31295e-15 0)
(3 -1.01282e-16 0)
(3 2.2928e-16 0)
(3 -5.98013e-17 0)
(3 -9.02835e-17 0)
(3 1.94026e-16 0)
(3 6.06414e-16 0)
(3 9.19298e-16 0)
(3 1.0101e-15 0)
(3 5.91823e-16 0)
(3 2.47108e-16 0)
(3 5.2316e-16 0)
(3 5.12896e-16 0)
(3 -3.46004e-16 0)
(3 -7.09621e-17 0)
(3 7.65519e-16 0)
(3 5.25253e-16 0)
(3 4.89349e-16 0)
(3 1.5226e-15 0)
(3 2.08256e-15 0)
(3 1.57705e-15 0)
(3 1.56001e-15 0)
(3 1.21745e-15 0)
(3 7.75383e-16 0)
(3 9.59936e-16 0)
(3 1.16222e-15 0)
(3 1.45583e-15 0)
(3 2.10375e-15 0)
(3 1.66871e-15 0)
(3 7.86518e-16 0)
(3 8.09174e-16 0)
(3 8.1433e-16 0)
(3 8.60594e-16 0)
(3 5.5546e-16 0)
(3 -3.22951e-16 0)
(3 -6.61416e-16 0)
(3 -1.13377e-16 0)
(3 3.42327e-16 0)
(3 3.4815e-16 0)
(3 -3.21264e-16 0)
(3 -5.50021e-16 0)
(3 -2.9845e-16 0)
(3 2.64395e-16 0)
(3 1.30088e-16 0)
(3 2.28127e-16 0)
(3 -3.98122e-16 0)
(3 -1.40855e-15 0)
(3 -9.50848e-16 0)
(3 -9.09343e-16 0)
(3 3.2479e-16 0)
(3 7.55093e-16 0)
(3 6.60765e-16 0)
(3 -1.08182e-15 0)
(3 -1.32676e-15 0)
(3 -9.38476e-16 0)
(3 -5.89773e-16 0)
(3 -2.66741e-16 0)
(3 7.47354e-17 0)
(3 -1.97524e-16 0)
(3 -2.79758e-16 0)
(3 -6.24557e-16 0)
(3 -7.59859e-16 0)
(3 -8.78266e-16 0)
(3 -6.76429e-16 0)
(3 -9.01172e-16 0)
(3 -2.01095e-15 0)
(3 -2.07304e-15 0)
(3 -1.8755e-15 0)
(3 -1.66636e-15 0)
(3 -1.71426e-15 0)
(3 -1.49941e-15 0)
(3 -1.14036e-15 0)
(3 -5.33361e-16 0)
(3 -4.61093e-17 0)
(3 4.54207e-16 0)
(3 6.59971e-16 0)
(3 6.93763e-16 0)
(3 1.16944e-15 0)
(3 1.50818e-15 0)
(3 1.75892e-15 0)
(3 1.73141e-15 0)
(3 1.13683e-15 0)
(3 -5.02726e-16 0)
(3 -1.80484e-15 0)
(3 -2.04944e-15 0)
(3 -1.80479e-15 0)
(3 -7.77415e-16 0)
(3 -8.46498e-16 0)
(3 -1.37511e-15 0)
(3 -7.22408e-16 0)
(3 -1.65648e-16 0)
(3 -2.16995e-17 0)
(3 5.87399e-16 0)
(3 1.46699e-15 0)
(3 1.79973e-15 0)
(3 1.49206e-15 0)
(3 5.02109e-16 0)
(3 -3.68649e-16 0)
(3 7.55635e-17 0)
(3 3.21578e-17 0)
(3 2.55967e-16 0)
(3 3.14268e-16 0)
(3 9.87974e-18 0)
(3 -8.25856e-16 0)
(3 -1.06774e-15 0)
(3 -1.22153e-15 0)
(3 -1.11661e-15 0)
(3 -8.47555e-16 0)
(3 -3.23518e-16 0)
(3 4.98879e-16 0)
(3 4.28514e-16 0)
(3 -3.67016e-16 0)
(3 -1.1379e-15 0)
(3 -2.27674e-16 0)
(3 3.32046e-16 0)
(3 4.29586e-16 0)
(3 1.02326e-15 0)
(3 1.49551e-15 0)
(3 7.37714e-16 0)
(3 1.20827e-16 0)
(3 1.31898e-15 0)
(3 1.942e-15 0)
(3 1.9586e-15 0)
(3 1.2998e-15 0)
(3 1.96663e-17 0)
(3 2.43585e-17 0)
(3 2.91567e-16 0)
(3 6.71637e-16 0)
(3 3.31493e-16 0)
(3 2.38312e-16 0)
(3 -2.32599e-16 0)
(3 -5.3373e-16 0)
(3 -8.702e-16 0)
(3 -8.45997e-16 0)
(3 -5.66903e-16 0)
(3 -9.95675e-16 0)
(3 -9.21788e-16 0)
(3 -2.7077e-16 0)
(3 -1.82698e-16 0)
(3 -4.05866e-16 0)
(3 1.69268e-16 0)
(3 -8.50212e-16 0)
(3 -1.00066e-15 0)
(3 -1.06118e-15 0)
(3 -1.40198e-15 0)
(3 -8.39761e-16 0)
(3 -1.62042e-17 0)
(3 5.56365e-16 0)
(3 5.69988e-16 0)
(3 -4.46422e-16 0)
(3 1.70058e-16 0)
(3 4.46831e-16 0)
(3 7.30708e-16 0)
(3 1.27995e-15 0)
(3 7.62442e-16 0)
(3 6.00382e-16 0)
(3 6.26229e-17 0)
(3 -3.05714e-16 0)
(3 -8.03768e-16 0)
(3 -1.16171e-15 0)
(3 -2.19763e-15 0)
(3 -1.7683e-15 0)
(3 -2.10354e-15 0)
(3 -2.00624e-15 0)
(3 -1.23287e-15 0)
(3 -7.89698e-16 0)
(3 -6.85723e-16 0)
(3 -5.06194e-16 0)
(3 -3.08083e-16 0)
(3 -1.12649e-15 0)
(3 -6.45164e-16 0)
(3 -1.1223e-16 0)
(3 -2.77841e-16 0)
(3 -2.92362e-16 0)
(3 -3.09529e-16 0)
(3 8.11161e-16 0)
(3 6.99462e-16 0)
(3 -1.77224e-16 0)
(3 -9.33582e-16 0)
(3 -1.4661e-15 0)
(3 -1.97915e-15 0)
(3 -2.76413e-15 0)
(3 -3.54975e-15 0)
(3 -3.07413e-15 0)
(3 -2.65516e-15 0)
(3 -2.03988e-15 0)
(3 -2.82424e-16 0)
(3 4.63173e-16 0)
(3 6.17998e-16 0)
(3 8.00986e-16 0)
(3 3.10292e-16 0)
(3 1.24866e-16 0)
(3 -3.74978e-16 0)
(3 -4.1643e-16 0)
(3 -2.39355e-18 0)
(3 5.21357e-17 0)
(3 1.83616e-16 0)
(3 8.50426e-17 0)
(3 -7.35241e-16 0)
(3 -1.21185e-15 0)
(3 -1.79711e-15 0)
(3 -1.61312e-15 0)
(3 -1.29909e-15 0)
(3 -2.50226e-16 0)
(3 4.15634e-16 0)
(3 8.14657e-16 0)
(3 -4.02078e-16 0)
(3 -1.00058e-15 0)
(3 -4.12816e-16 0)
(3 6.16101e-17 0)
(3 -1.79875e-16 0)
(3 -9.41496e-16 0)
(3 -2.08063e-17 0)
(3 7.80931e-16 0)
(3 6.12958e-16 0)
(3 6.90509e-16 0)
(3 1.02225e-15 0)
(3 1.07511e-15 0)
(3 7.97192e-16 0)
(3 -1.17262e-17 0)
(3 1.36785e-16 0)
(3 3.40411e-16 0)
(3 3.53989e-16 0)
(3 6.24385e-16 0)
(3 7.44029e-16 0)
(3 2.86761e-16 0)
(3 7.61891e-17 0)
(3 -5.27683e-16 0)
(3 -6.68363e-16 0)
(3 -1.14732e-16 0)
(3 1.06609e-16 0)
(3 2.91853e-16 0)
(3 2.99154e-16 0)
(3 4.32618e-16 0)
(3 6.80762e-16 0)
(3 4.4062e-16 0)
(3 -4.98517e-16 0)
(3 9.01256e-17 0)
(3 3.0941e-16 0)
(3 -2.10113e-16 0)
(3 -5.13857e-16 0)
(3 -2.90048e-16 0)
(3 -2.23496e-16 0)
(3 1.24828e-15 0)
(3 1.49443e-15 0)
(3 2.01642e-15 0)
(3 1.86072e-15 0)
(3 2.10607e-15 0)
(3 2.09873e-15 0)
(3 1.83761e-15 0)
(3 1.46618e-15 0)
(3 1.34545e-15 0)
(3 1.21508e-15 0)
(3 1.03794e-15 0)
(3 -3.99368e-16 0)
(3 -1.09094e-15 0)
(3 -1.84624e-15 0)
(3 -1.60542e-15 0)
(3 -1.1398e-15 0)
(3 -4.95388e-16 0)
(3 -4.83169e-16 0)
(3 -7.03979e-16 0)
(3 -1.31617e-15 0)
(3 -8.73804e-16 0)
(3 -6.61428e-16 0)
(3 -8.19856e-16 0)
(3 -4.4958e-16 0)
(3 -6.31521e-16 0)
(3 -1.69271e-15 0)
(3 -1.72149e-15 0)
(3 -1.70665e-15 0)
(3 -9.37694e-16 0)
(3 9.42425e-16 0)
(3 1.11419e-15 0)
(3 9.55443e-16 0)
(3 -4.96691e-17 0)
(3 -1.69538e-15 0)
(3 -2.82289e-15 0)
(3 -3.86698e-15 0)
(3 -3.67319e-15 0)
(3 -2.98905e-15 0)
(3 -1.0002e-15 0)
(3 -5.08203e-16 0)
(3 4.20591e-16 0)
(3 1.38207e-15 0)
(3 8.73616e-16 0)
(3 -8.45732e-16 0)
(3 -2.15981e-15 0)
(3 -2.67056e-15 0)
(3 -2.75954e-15 0)
(3 -9.46309e-17 0)
(3 -5.8469e-17 0)
(3 -2.32456e-16 0)
(3 -2.32829e-16 0)
(3 -3.91691e-16 0)
(3 -1.10881e-16 0)
(3 -5.68604e-16 0)
(3 -3.98717e-16 0)
(3 1.9389e-16 0)
(3 5.35985e-16 0)
(3 1.44701e-16 0)
(3 3.20505e-16 0)
(3 3.11294e-16 0)
(3 3.85373e-16 0)
(3 1.47352e-16 0)
(3 -3.2163e-16 0)
(3 -7.4279e-16 0)
(3 -1.07811e-15 0)
(3 -6.44795e-16 0)
(3 -1.48969e-16 0)
(3 6.52901e-16 0)
(3 8.7694e-16 0)
(3 6.06448e-16 0)
(3 3.78357e-16 0)
(3 1.82418e-16 0)
(3 3.13349e-16 0)
(3 2.15198e-16 0)
(3 1.52492e-16 0)
(3 1.61212e-16 0)
(3 2.13979e-16 0)
(3 7.75947e-16 0)
(3 6.03873e-16 0)
(3 7.84993e-17 0)
(3 -3.74264e-16 0)
(3 5.52388e-17 0)
(3 3.43381e-16 0)
(3 3.0336e-16 0)
(3 4.73742e-16 0)
(3 8.48381e-17 0)
(3 -1.59845e-16 0)
(3 -6.90786e-17 0)
(3 -8.95348e-16 0)
(3 -9.7105e-16 0)
(3 -1.45303e-16 0)
(3 7.59105e-16 0)
(3 3.8475e-16 0)
(3 2.02122e-16 0)
(3 9.15227e-16 0)
(3 9.15647e-16 0)
(3 8.4113e-16 0)
(3 7.23589e-16 0)
(3 1.79911e-15 0)
(3 2.38661e-15 0)
(3 1.71094e-15 0)
(3 2.05057e-15 0)
(3 2.17495e-15 0)
(3 1.88591e-15 0)
(3 6.46554e-16 0)
(3 -5.82452e-16 0)
(3 -1.97188e-15 0)
(3 -2.19189e-15 0)
(3 -2.15477e-15 0)
(3 -2.41587e-15 0)
(3 -2.20137e-15 0)
(3 -1.61031e-15 0)
(3 -5.61243e-16 0)
(3 -5.66296e-16 0)
(3 -9.12595e-16 0)
(3 -1.23959e-15 0)
(3 -1.23986e-15 0)
(3 -9.43714e-17 0)
(3 3.25573e-16 0)
(3 7.95118e-17 0)
(3 -2.80363e-16 0)
(3 -1.64429e-16 0)
(3 2.55012e-16 0)
(3 -4.85546e-17 0)
(3 -9.96011e-16 0)
(3 -2.97378e-16 0)
(3 6.87885e-16 0)
(3 3.03915e-16 0)
(3 -2.12449e-16 0)
(3 -1.36286e-15 0)
(3 -2.33132e-15 0)
(3 -2.17403e-15 0)
(3 -1.29886e-15 0)
(3 -9.26336e-16 0)
(3 -1.16121e-15 0)
(3 -1.7207e-15 0)
(3 -1.27512e-15 0)
(3 -3.13256e-16 0)
(3 -1.53795e-16 0)
(3 -7.1136e-16 0)
(3 -2.06132e-15 0)
(3 -1.74089e-15 0)
(3 -5.74347e-16 0)
(3 -1.80846e-16 0)
(3 1.37333e-16 0)
(3 2.49494e-16 0)
(3 -8.15942e-17 0)
(3 -7.22216e-17 0)
(3 -2.30164e-16 0)
(3 -4.88953e-16 0)
(3 4.87874e-16 0)
(3 7.37109e-16 0)
(3 2.11595e-16 0)
(3 -7.83505e-16 0)
(3 -1.07295e-15 0)
(3 -3.76103e-16 0)
(3 7.66954e-17 0)
(3 -1.24156e-15 0)
(3 -1.57866e-15 0)
(3 -1.65429e-15 0)
(3 -1.27558e-15 0)
(3 -1.31582e-15 0)
(3 -1.49241e-15 0)
(3 -9.51884e-16 0)
(3 -7.72607e-16 0)
(3 -6.33533e-16 0)
(3 -5.30223e-16 0)
(3 9.92943e-16 0)
(3 1.42573e-15 0)
(3 1.12363e-15 0)
(3 7.15044e-16 0)
(3 5.87121e-16 0)
(3 -4.08621e-16 0)
(3 -1.04312e-16 0)
(3 -3.69597e-17 0)
(3 1.64654e-16 0)
(3 9.11372e-16 0)
(3 1.08517e-15 0)
(3 7.66213e-16 0)
(3 9.30051e-16 0)
(3 8.7864e-16 0)
(3 4.25961e-16 0)
(3 -1.01532e-16 0)
(3 -1.88703e-16 0)
(3 -1.24488e-16 0)
(3 2.33002e-18 0)
(3 -1.27568e-16 0)
(3 -7.98582e-16 0)
(3 -8.13989e-16 0)
(3 -6.63257e-16 0)
(3 2.77572e-16 0)
(3 5.1222e-16 0)
(3 2.09449e-16 0)
(3 -1.32061e-16 0)
(3 -1.25742e-16 0)
(3 1.14993e-15 0)
(3 7.23191e-16 0)
(3 -1.37452e-17 0)
(3 9.38949e-17 0)
(3 -7.96067e-16 0)
(3 -1.1779e-15 0)
(3 -1.54691e-15 0)
(3 -1.93955e-15 0)
(3 -2.45218e-15 0)
(3 -3.43131e-15 0)
(3 -2.88365e-15 0)
(3 -1.77076e-15 0)
(3 -1.66827e-15 0)
(3 -1.39985e-15 0)
(3 -7.93293e-16 0)
(3 -5.59083e-16 0)
(3 2.62242e-16 0)
(3 -5.75187e-17 0)
(3 -4.08639e-16 0)
(3 -2.25253e-16 0)
(3 -1.07035e-15 0)
(3 -1.09007e-15 0)
(3 6.51897e-16 0)
(3 1.13442e-15 0)
(3 8.60621e-16 0)
(3 -4.26028e-16 0)
(3 -1.19302e-15 0)
(3 -1.73436e-15 0)
(3 -1.97404e-15 0)
(3 -5.43024e-16 0)
(3 -5.07032e-16 0)
(3 -6.69158e-16 0)
(3 -1.12945e-15 0)
(3 1.14587e-16 0)
(3 1.27275e-15 0)
(3 2.16891e-16 0)
(3 -1.2921e-15 0)
(3 -1.50449e-15 0)
(3 -1.22944e-15 0)
(3 -7.06628e-16 0)
(3 -1.2423e-16 0)
(3 3.99327e-16 0)
(3 1.53525e-15 0)
(3 1.77451e-15 0)
(3 -7.85285e-17 0)
(3 -7.20299e-17 0)
(3 -1.5706e-16 0)
(3 6.74898e-17 0)
(3 2.23281e-16 0)
(3 -2.86593e-16 0)
(3 -5.78966e-16 0)
(3 -4.6453e-16 0)
(3 -4.26936e-16 0)
(3 -6.01244e-16 0)
(3 -4.98522e-16 0)
(3 -3.51505e-16 0)
(3 -9.00178e-17 0)
(3 3.3591e-16 0)
(3 -1.77228e-16 0)
(3 -2.04368e-16 0)
(3 -1.31434e-16 0)
(3 -6.5666e-16 0)
(3 -1.02487e-15 0)
(3 -1.18557e-15 0)
(3 -1.77738e-15 0)
(3 -1.37725e-15 0)
(3 -3.91444e-16 0)
(3 -7.49361e-17 0)
(3 3.68418e-17 0)
(3 6.39334e-16 0)
(3 7.3356e-16 0)
(3 5.13321e-16 0)
(3 6.46044e-17 0)
(3 -2.83477e-16 0)
(3 9.25413e-17 0)
(3 4.22091e-16 0)
(3 4.24825e-16 0)
(3 1.3844e-15 0)
(3 1.36494e-15 0)
(3 1.64964e-15 0)
(3 2.17353e-15 0)
(3 2.81661e-15 0)
(3 3.51978e-15 0)
(3 2.879e-15 0)
(3 2.46537e-15 0)
(3 1.92865e-15 0)
(3 1.39223e-15 0)
(3 -2.91455e-17 0)
(3 -1.41006e-15 0)
(3 -1.09829e-15 0)
(3 -2.53992e-16 0)
(3 1.62622e-17 0)
(3 1.1213e-16 0)
(3 5.08411e-17 0)
(3 -4.73335e-16 0)
(3 -9.57613e-16 0)
(3 -4.60052e-16 0)
(3 -8.84051e-16 0)
(3 -1.895e-15 0)
(3 -1.86947e-15 0)
(3 -1.40257e-15 0)
(3 -6.10831e-16 0)
(3 -8.53771e-17 0)
(3 -2.2454e-16 0)
(3 -8.25762e-16 0)
(3 -8.82018e-16 0)
(3 -2.05055e-16 0)
(3 1.04843e-15 0)
(3 1.83524e-15 0)
(3 1.07954e-15 0)
(3 -2.62528e-16 0)
(3 -1.22135e-16 0)
(3 5.5783e-16 0)
(3 5.42795e-16 0)
(3 7.37718e-17 0)
(3 -7.80634e-16 0)
(3 -8.16823e-16 0)
(3 -1.70986e-16 0)
(3 2.70052e-16 0)
(3 -1.09934e-16 0)
(3 -2.9766e-16 0)
(3 -3.45585e-17 0)
(3 -1.12926e-15 0)
(3 -1.29153e-15 0)
(3 -9.49204e-16 0)
(3 -4.29685e-16 0)
(3 8.70487e-16 0)
(3 8.56959e-16 0)
(3 8.88342e-16 0)
(3 2.53323e-16 0)
(3 -6.22308e-16 0)
(3 -7.90948e-16 0)
(3 -1.11401e-15 0)
(3 -5.6127e-16 0)
(3 -2.6475e-16 0)
(3 2.93368e-16 0)
(3 1.0108e-15 0)
(3 2.34135e-15 0)
(3 2.62092e-15 0)
(3 2.4501e-15 0)
(3 9.59921e-18 0)
(3 -8.5738e-16 0)
(3 -9.80824e-16 0)
(3 -8.34187e-16 0)
(3 -4.38372e-16 0)
(3 4.7094e-17 0)
(3 -8.98936e-17 0)
(3 -2.27491e-16 0)
(3 -3.87113e-16 0)
(3 1.23653e-16 0)
(3 1.07207e-15 0)
(3 1.02878e-15 0)
(3 1.12751e-16 0)
(3 9.44767e-17 0)
(3 2.20423e-16 0)
(3 -2.85772e-16 0)
(3 -4.9477e-16 0)
(3 -6.69146e-16 0)
(3 -2.05402e-16 0)
(3 2.40973e-17 0)
(3 8.92031e-17 0)
(3 -2.65e-16 0)
(3 -5.06283e-16 0)
(3 -1.44736e-16 0)
(3 -1.28055e-15 0)
(3 -9.49445e-16 0)
(3 -3.69571e-16 0)
(3 -3.1832e-16 0)
(3 1.22887e-16 0)
(3 1.0386e-15 0)
(3 1.28225e-15 0)
(3 1.55362e-15 0)
(3 2.24067e-15 0)
(3 2.65132e-15 0)
(3 2.32709e-15 0)
(3 2.44475e-15 0)
(3 2.69279e-15 0)
(3 2.89161e-15 0)
(3 2.94795e-15 0)
(3 3.30799e-15 0)
(3 2.66866e-15 0)
(3 2.15948e-15 0)
(3 1.58123e-15 0)
(3 9.71229e-16 0)
(3 1.02194e-15 0)
(3 9.61645e-16 0)
(3 1.0438e-15 0)
(3 8.78421e-16 0)
(3 5.04562e-16 0)
(3 -2.61211e-16 0)
(3 -5.1121e-16 0)
(3 -4.57436e-16 0)
(3 -5.77822e-16 0)
(3 -8.97755e-16 0)
(3 -1.8334e-15 0)
(3 -2.00076e-15 0)
(3 -1.74402e-15 0)
(3 6.08982e-17 0)
(3 1.00068e-15 0)
(3 7.88236e-16 0)
(3 8.19118e-16 0)
(3 1.37128e-15 0)
(3 1.99535e-15 0)
(3 2.10869e-15 0)
(3 3.18239e-15 0)
(3 2.34865e-15 0)
(3 1.1899e-15 0)
(3 1.04735e-15 0)
(3 1.41078e-15 0)
(3 6.7805e-16 0)
(3 -1.18288e-16 0)
(3 -5.68964e-16 0)
(3 -3.62653e-16 0)
(3 1.4158e-16 0)
(3 2.08484e-16 0)
(3 -1.06115e-16 0)
(3 -5.13462e-16 0)
(3 2.42694e-16 0)
(3 7.27436e-16 0)
(3 8.84229e-16 0)
(3 7.78989e-16 0)
(3 3.48207e-16 0)
(3 6.24603e-16 0)
(3 1.20063e-15 0)
(3 1.0632e-15 0)
(3 4.5127e-16 0)
(3 -1.02123e-15 0)
(3 -1.95887e-15 0)
(3 -1.43885e-15 0)
(3 -7.79755e-16 0)
(3 4.22632e-16 0)
(3 1.29964e-15 0)
(3 2.20638e-15 0)
(3 2.78898e-15 0)
(3 2.14593e-15 0)
(3 2.53291e-15 0)
(3 -4.33874e-17 0)
(3 5.73608e-17 0)
(3 -4.77599e-16 0)
(3 -3.4881e-16 0)
(3 -2.4339e-16 0)
(3 5.07477e-16 0)
(3 1.17968e-15 0)
(3 1.09802e-15 0)
(3 1.01059e-15 0)
(3 8.25454e-16 0)
(3 6.71993e-16 0)
(3 -2.25539e-16 0)
(3 -1.25906e-15 0)
(3 -1.36313e-15 0)
(3 -1.12783e-15 0)
(3 -9.08721e-16 0)
(3 -7.48016e-16 0)
(3 8.74208e-17 0)
(3 7.51187e-16 0)
(3 5.31135e-16 0)
(3 5.11895e-16 0)
(3 -2.20987e-16 0)
(3 -2.13795e-15 0)
(3 -3.08895e-15 0)
(3 -2.50492e-15 0)
(3 -1.73189e-15 0)
(3 2.73886e-16 0)
(3 1.36402e-15 0)
(3 1.31324e-15 0)
(3 1.92614e-15 0)
(3 1.12587e-15 0)
(3 9.01542e-16 0)
(3 1.90951e-15 0)
(3 2.65881e-15 0)
(3 3.5899e-15 0)
(3 3.65928e-15 0)
(3 3.8503e-15 0)
(3 3.38347e-15 0)
(3 3.22308e-15 0)
(3 2.97433e-15 0)
(3 2.28096e-15 0)
(3 2.85085e-15 0)
(3 3.16433e-15 0)
(3 3.16112e-15 0)
(3 3.48314e-15 0)
(3 3.66595e-15 0)
(3 2.50153e-15 0)
(3 1.44073e-15 0)
(3 9.84339e-16 0)
(3 6.27225e-16 0)
(3 4.39704e-16 0)
(3 3.86011e-16 0)
(3 -7.3781e-16 0)
(3 -1.00685e-15 0)
(3 -5.34575e-16 0)
(3 -6.58114e-16 0)
(3 -1.26118e-15 0)
(3 -8.538e-16 0)
(3 -2.88423e-16 0)
(3 4.55058e-16 0)
(3 8.94776e-16 0)
(3 2.25182e-15 0)
(3 2.70537e-15 0)
(3 1.93542e-15 0)
(3 1.82752e-15 0)
(3 2.12013e-15 0)
(3 1.76081e-15 0)
(3 1.78071e-15 0)
(3 1.37985e-15 0)
(3 -9.04632e-17 0)
(3 -6.15385e-16 0)
(3 2.88527e-16 0)
(3 8.65212e-16 0)
(3 7.31549e-17 0)
(3 3.12367e-16 0)
(3 -1.53327e-16 0)
(3 -1.61565e-16 0)
(3 1.97515e-16 0)
(3 7.15589e-16 0)
(3 6.86e-16 0)
(3 2.90861e-16 0)
(3 3.36249e-16 0)
(3 5.98063e-16 0)
(3 6.98074e-16 0)
(3 5.96275e-17 0)
(3 -2.65634e-16 0)
(3 -4.72438e-16 0)
(3 -1.57454e-15 0)
(3 -1.54396e-15 0)
(3 -5.16798e-16 0)
(3 9.71937e-16 0)
(3 1.30441e-15 0)
(3 1.59714e-15 0)
(3 1.97899e-15 0)
(3 1.89745e-15 0)
(3 8.86355e-16 0)
(3 2.04505e-16 0)
(3 5.05957e-16 0)
(3 8.00884e-16 0)
(3 1.01596e-15 0)
(3 1.00267e-15 0)
(3 1.26947e-15 0)
(3 1.34534e-15 0)
(3 1.00234e-15 0)
(3 6.91932e-16 0)
(3 -4.89839e-16 0)
(3 -1.50801e-15 0)
(3 -1.02188e-15 0)
(3 -3.50971e-16 0)
(3 -3.8948e-16 0)
(3 -2.10968e-16 0)
(3 6.85521e-17 0)
(3 1.96382e-16 0)
(3 4.76913e-16 0)
(3 -2.44935e-17 0)
(3 -1.20548e-16 0)
(3 -2.89671e-16 0)
(3 -1.32027e-15 0)
(3 -2.54417e-15 0)
(3 -2.48798e-15 0)
(3 -1.89825e-15 0)
(3 -9.46797e-16 0)
(3 -3.00813e-16 0)
(3 1.13622e-15 0)
(3 1.49128e-15 0)
(3 1.24086e-15 0)
(3 7.61561e-16 0)
(3 3.32988e-16 0)
(3 9.55233e-16 0)
(3 1.43311e-15 0)
(3 1.9929e-15 0)
(3 3.27119e-15 0)
(3 3.65087e-15 0)
(3 3.87756e-15 0)
(3 4.16141e-15 0)
(3 2.78223e-15 0)
(3 2.71458e-15 0)
(3 2.71499e-15 0)
(3 2.64305e-15 0)
(3 1.98291e-15 0)
(3 1.54043e-15 0)
(3 1.11902e-15 0)
(3 -1.93275e-16 0)
(3 -7.422e-16 0)
(3 -4.83338e-16 0)
(3 -1.28533e-16 0)
(3 -1.85278e-16 0)
(3 -5.19457e-16 0)
(3 -5.39543e-16 0)
(3 -4.72461e-16 0)
(3 -5.17721e-17 0)
(3 -1.66123e-16 0)
(3 -5.16229e-16 0)
(3 -7.84509e-16 0)
(3 -2.40275e-16 0)
(3 -4.40619e-16 0)
(3 6.40946e-16 0)
(3 1.32648e-15 0)
(3 1.92536e-15 0)
(3 1.20982e-15 0)
(3 -4.57074e-16 0)
(3 -1.67489e-16 0)
(3 2.63759e-17 0)
(3 7.58294e-16 0)
(3 1.19372e-16 0)
(3 -9.08143e-16 0)
(3 -1.08056e-15 0)
(3 -1.28852e-16 0)
(3 3.35071e-16 0)
(3 4.03339e-16 0)
(3 -8.3566e-16 0)
(3 -2.38259e-15 0)
(3 -2.77394e-15 0)
(3 -2.70964e-15 0)
(3 -1.98035e-15 0)
(3 -1.51418e-15 0)
(3 -1.11711e-15 0)
(3 -2.84734e-16 0)
(3 2.77093e-16 0)
(3 5.60353e-16 0)
(3 3.28101e-16 0)
(3 9.35939e-17 0)
(3 -4.64638e-16 0)
(3 -4.85199e-16 0)
(3 -8.05857e-16 0)
(3 -3.13689e-16 0)
(3 1.55929e-17 0)
(3 2.5602e-16 0)
(3 6.88973e-16 0)
(3 1.38931e-15 0)
(3 2.51377e-15 0)
(3 3.4365e-15 0)
(3 -1.46016e-17 0)
(3 -1.8162e-16 0)
(3 1.40112e-16 0)
(3 8.15495e-16 0)
(3 1.13813e-15 0)
(3 6.91801e-16 0)
(3 1.48685e-16 0)
(3 -3.52588e-16 0)
(3 -6.87584e-16 0)
(3 -5.77129e-16 0)
(3 -4.48308e-16 0)
(3 3.67156e-17 0)
(3 3.4708e-16 0)
(3 2.48925e-16 0)
(3 -4.72949e-16 0)
(3 -1.14458e-15 0)
(3 -8.84811e-16 0)
(3 -9.04146e-16 0)
(3 -1.32829e-15 0)
(3 -1.22147e-15 0)
(3 -1.19426e-15 0)
(3 -1.7768e-15 0)
(3 -3.02767e-15 0)
(3 -2.37742e-15 0)
(3 -2.12308e-15 0)
(3 -2.02201e-15 0)
(3 -2.12608e-15 0)
(3 -1.39628e-15 0)
(3 -1.44469e-16 0)
(3 -9.51717e-17 0)
(3 9.06368e-16 0)
(3 1.53629e-15 0)
(3 1.04854e-15 0)
(3 6.73215e-16 0)
(3 6.34927e-16 0)
(3 1.43853e-15 0)
(3 2.41225e-15 0)
(3 3.13794e-15 0)
(3 3.37976e-15 0)
(3 3.43164e-15 0)
(3 2.84466e-15 0)
(3 2.09899e-15 0)
(3 1.6634e-15 0)
(3 1.62025e-15 0)
(3 5.33019e-16 0)
(3 1.30265e-16 0)
(3 -2.2012e-16 0)
(3 -3.29424e-16 0)
(3 -6.93034e-16 0)
(3 -1.0008e-15 0)
(3 -1.23499e-15 0)
(3 -3.81601e-16 0)
(3 2.74576e-17 0)
(3 -2.06742e-16 0)
(3 -1.11675e-15 0)
(3 -9.25322e-16 0)
(3 -4.98076e-16 0)
(3 -8.46495e-16 0)
(3 -9.78675e-16 0)
(3 -1.14778e-15 0)
(3 -2.8857e-16 0)
(3 5.40611e-16 0)
(3 1.29384e-16 0)
(3 3.49094e-16 0)
(3 -3.7193e-16 0)
(3 -4.15416e-16 0)
(3 4.69153e-16 0)
(3 2.83426e-16 0)
(3 -3.44609e-17 0)
(3 -5.24489e-16 0)
(3 -2.59853e-16 0)
(3 -3.09834e-16 0)
(3 -5.58907e-16 0)
(3 -8.71493e-16 0)
(3 -2.31181e-15 0)
(3 -3.03764e-15 0)
(3 -4.00796e-15 0)
(3 -4.64873e-15 0)
(3 -4.60971e-15 0)
(3 -4.30844e-15 0)
(3 -2.60939e-15 0)
(3 -4.93055e-16 0)
(3 -1.88074e-16 0)
(3 -1.29881e-16 0)
(3 8.41582e-16 0)
(3 1.23476e-15 0)
(3 1.33961e-15 0)
(3 1.35605e-15 0)
(3 1.37246e-15 0)
(3 1.26859e-15 0)
(3 1.05821e-15 0)
(3 1.31087e-15 0)
(3 1.08587e-15 0)
(3 7.09814e-16 0)
(3 2.66565e-15 0)
(3 5.35038e-15 0)
(3 -7.58541e-17 0)
(3 -2.59324e-16 0)
(3 2.56008e-16 0)
(3 3.08111e-16 0)
(3 3.82746e-16 0)
(3 2.00691e-16 0)
(3 -2.48517e-16 0)
(3 -5.14603e-16 0)
(3 -2.84162e-16 0)
(3 3.24997e-16 0)
(3 8.01235e-16 0)
(3 7.71198e-16 0)
(3 1.547e-16 0)
(3 -2.20244e-16 0)
(3 -1.07774e-15 0)
(3 -6.99702e-16 0)
(3 1.63754e-16 0)
(3 4.62478e-17 0)
(3 -5.30184e-16 0)
(3 -9.20884e-16 0)
(3 -8.03572e-16 0)
(3 -6.70946e-16 0)
(3 -4.15129e-16 0)
(3 -3.41424e-16 0)
(3 -6.89379e-16 0)
(3 -1.16239e-15 0)
(3 -7.11656e-16 0)
(3 -9.36374e-16 0)
(3 -1.18335e-15 0)
(3 -1.15589e-15 0)
(3 -1.47885e-16 0)
(3 7.57884e-16 0)
(3 9.3377e-16 0)
(3 1.11176e-15 0)
(3 1.54854e-15 0)
(3 1.37441e-15 0)
(3 1.20189e-15 0)
(3 1.1112e-15 0)
(3 2.22169e-15 0)
(3 3.5038e-15 0)
(3 2.99036e-15 0)
(3 2.76275e-15 0)
(3 2.28574e-15 0)
(3 2.25192e-15 0)
(3 1.84915e-15 0)
(3 1.2177e-15 0)
(3 1.51091e-15 0)
(3 1.20702e-15 0)
(3 1.14788e-16 0)
(3 -3.33733e-16 0)
(3 -1.66637e-16 0)
(3 2.21428e-16 0)
(3 -8.08845e-16 0)
(3 -1.41823e-15 0)
(3 -2.06304e-15 0)
(3 -1.2869e-15 0)
(3 -2.98219e-16 0)
(3 -1.06276e-15 0)
(3 -1.99463e-15 0)
(3 -1.38921e-15 0)
(3 -1.61156e-17 0)
(3 5.73019e-16 0)
(3 8.85071e-16 0)
(3 1.5952e-15 0)
(3 1.82323e-15 0)
(3 1.60913e-15 0)
(3 1.33871e-15 0)
(3 8.16252e-16 0)
(3 2.85595e-16 0)
(3 6.17242e-16 0)
(3 1.06662e-15 0)
(3 6.36406e-16 0)
(3 -3.63746e-16 0)
(3 -1.38269e-15 0)
(3 -1.55862e-15 0)
(3 -1.14804e-15 0)
(3 -6.99491e-16 0)
(3 -1.53111e-15 0)
(3 -2.69421e-15 0)
(3 -2.82086e-15 0)
(3 -1.74741e-15 0)
(3 -6.89185e-17 0)
(3 -2.3423e-16 0)
(3 -3.98079e-16 0)
(3 1.66121e-16 0)
(3 7.79631e-16 0)
(3 2.43342e-15 0)
(3 2.67424e-15 0)
(3 2.25863e-15 0)
(3 1.45096e-15 0)
(3 1.00085e-15 0)
(3 1.5329e-15 0)
(3 2.31837e-15 0)
(3 3.15291e-15 0)
(3 4.31589e-15 0)
(3 4.78392e-15 0)
(3 2.16291e-16 0)
(3 4.81801e-16 0)
(3 1.3666e-16 0)
(3 -5.2966e-16 0)
(3 -7.90177e-16 0)
(3 -6.87952e-16 0)
(3 -6.98564e-16 0)
(3 -6.45013e-16 0)
(3 -4.15409e-16 0)
(3 1.38588e-16 0)
(3 2.50062e-17 0)
(3 -4.81561e-18 0)
(3 -1.1439e-16 0)
(3 -1.63701e-16 0)
(3 6.23411e-16 0)
(3 7.91676e-16 0)
(3 8.76648e-16 0)
(3 1.14994e-15 0)
(3 9.16708e-16 0)
(3 9.3428e-16 0)
(3 8.96085e-16 0)
(3 2.66803e-16 0)
(3 7.75251e-17 0)
(3 3.32213e-16 0)
(3 4.28046e-16 0)
(3 1.67112e-15 0)
(3 1.9242e-15 0)
(3 7.33255e-16 0)
(3 -7.20234e-16 0)
(3 -6.49982e-16 0)
(3 -5.22287e-16 0)
(3 4.59366e-16 0)
(3 1.37398e-15 0)
(3 2.02826e-15 0)
(3 2.09576e-15 0)
(3 2.15183e-15 0)
(3 1.78469e-15 0)
(3 1.37983e-15 0)
(3 1.42894e-15 0)
(3 1.39602e-15 0)
(3 1.6913e-15 0)
(3 1.51661e-15 0)
(3 1.63841e-15 0)
(3 1.47392e-15 0)
(3 1.42348e-15 0)
(3 1.37198e-15 0)
(3 1.16721e-15 0)
(3 6.44155e-16 0)
(3 1.66717e-16 0)
(3 -6.80551e-17 0)
(3 -1.2374e-16 0)
(3 -9.59766e-16 0)
(3 -1.45831e-15 0)
(3 -1.53706e-15 0)
(3 -1.1765e-15 0)
(3 -1.36213e-15 0)
(3 -9.31811e-16 0)
(3 -8.67627e-16 0)
(3 -6.44366e-16 0)
(3 -9.00466e-16 0)
(3 2.30443e-16 0)
(3 4.6903e-16 0)
(3 1.36098e-15 0)
(3 1.33995e-15 0)
(3 1.68597e-15 0)
(3 2.11985e-15 0)
(3 1.47189e-15 0)
(3 4.49579e-16 0)
(3 5.42601e-16 0)
(3 5.03243e-16 0)
(3 3.57161e-16 0)
(3 -1.9742e-16 0)
(3 -3.63325e-16 0)
(3 -4.92065e-16 0)
(3 -2.76998e-16 0)
(3 -4.85976e-17 0)
(3 3.03594e-16 0)
(3 -3.19487e-16 0)
(3 -1.31164e-15 0)
(3 -1.72967e-15 0)
(3 -1.51124e-15 0)
(3 -1.28006e-15 0)
(3 -8.52682e-16 0)
(3 1.27376e-17 0)
(3 1.60482e-15 0)
(3 2.17834e-15 0)
(3 2.88052e-15 0)
(3 2.76493e-15 0)
(3 1.99393e-15 0)
(3 6.88208e-16 0)
(3 7.57153e-16 0)
(3 1.86224e-15 0)
(3 4.43835e-15 0)
(3 4.37626e-15 0)
(3 3.71462e-15 0)
(3 2.64729e-15 0)
(3 -2.39496e-17 0)
(3 -7.70587e-17 0)
(3 -6.38677e-16 0)
(3 -1.38246e-15 0)
(3 -2.23205e-15 0)
(3 -1.68492e-15 0)
(3 -1.29383e-15 0)
(3 -9.87338e-16 0)
(3 -4.65332e-16 0)
(3 3.5898e-16 0)
(3 -3.52586e-17 0)
(3 -5.11517e-16 0)
(3 -3.11394e-16 0)
(3 3.26598e-16 0)
(3 1.36189e-15 0)
(3 1.55906e-15 0)
(3 1.07536e-15 0)
(3 5.20884e-16 0)
(3 1.24042e-15 0)
(3 1.13495e-15 0)
(3 8.50509e-16 0)
(3 -3.12658e-16 0)
(3 -4.10735e-16 0)
(3 3.26855e-16 0)
(3 8.90827e-16 0)
(3 1.65757e-15 0)
(3 1.06479e-15 0)
(3 5.12726e-16 0)
(3 -1.08192e-15 0)
(3 -5.24115e-16 0)
(3 -3.43884e-16 0)
(3 2.52062e-17 0)
(3 1.3267e-15 0)
(3 2.29287e-15 0)
(3 2.36602e-15 0)
(3 1.63242e-15 0)
(3 1.86953e-15 0)
(3 1.14697e-15 0)
(3 1.43255e-15 0)
(3 9.49715e-16 0)
(3 9.18922e-16 0)
(3 9.72133e-16 0)
(3 1.72572e-15 0)
(3 2.14489e-15 0)
(3 1.94701e-15 0)
(3 1.71028e-15 0)
(3 1.13984e-15 0)
(3 8.39202e-16 0)
(3 4.16592e-16 0)
(3 -1.27826e-16 0)
(3 -1.11415e-15 0)
(3 -1.89e-15 0)
(3 -1.76728e-15 0)
(3 -1.47706e-15 0)
(3 -1.4745e-15 0)
(3 -1.23874e-15 0)
(3 -8.53794e-16 0)
(3 -7.62114e-17 0)
(3 1.92308e-16 0)
(3 2.44517e-16 0)
(3 7.93989e-16 0)
(3 1.05227e-15 0)
(3 1.16852e-15 0)
(3 -1.5425e-16 0)
(3 3.85668e-17 0)
(3 7.64932e-16 0)
(3 9.86635e-16 0)
(3 5.10126e-16 0)
(3 4.19754e-16 0)
(3 -4.12501e-17 0)
(3 -4.54489e-16 0)
(3 -3.10891e-16 0)
(3 -6.76065e-16 0)
(3 -2.76175e-16 0)
(3 -4.52281e-16 0)
(3 -5.0019e-16 0)
(3 -2.82394e-16 0)
(3 3.42039e-17 0)
(3 -2.45759e-16 0)
(3 -4.26617e-16 0)
(3 -8.00777e-17 0)
(3 -3.15108e-16 0)
(3 -2.57885e-16 0)
(3 8.40392e-16 0)
(3 2.13084e-15 0)
(3 2.60657e-15 0)
(3 3.13694e-15 0)
(3 2.79692e-15 0)
(3 1.29785e-15 0)
(3 4.919e-16 0)
(3 1.44529e-15 0)
(3 3.41584e-15 0)
(3 3.43669e-15 0)
(3 3.71696e-15 0)
(3 2.43754e-15 0)
(3 2.26879e-15 0)
(3 -8.69394e-17 0)
(3 -1.44521e-16 0)
(3 -2.15355e-16 0)
(3 -3.80087e-16 0)
(3 -5.93888e-16 0)
(3 -7.78125e-16 0)
(3 -9.9436e-16 0)
(3 -8.47416e-16 0)
(3 -2.0214e-16 0)
(3 6.94324e-16 0)
(3 6.39556e-16 0)
(3 -2.61644e-16 0)
(3 -5.79291e-16 0)
(3 -3.31509e-16 0)
(3 6.74266e-16 0)
(3 1.04711e-15 0)
(3 1.13894e-15 0)
(3 3.20783e-16 0)
(3 7.53236e-16 0)
(3 4.41505e-16 0)
(3 1.8196e-16 0)
(3 -2.58142e-16 0)
(3 -6.85663e-17 0)
(3 4.75468e-16 0)
(3 7.46997e-16 0)
(3 1.08274e-15 0)
(3 4.11958e-16 0)
(3 6.67678e-16 0)
(3 1.27778e-17 0)
(3 -2.93945e-16 0)
(3 -2.96196e-16 0)
(3 -1.89016e-16 0)
(3 5.88784e-16 0)
(3 9.78385e-16 0)
(3 1.82551e-15 0)
(3 8.85903e-16 0)
(3 6.50941e-16 0)
(3 6.63268e-16 0)
(3 1.20522e-15 0)
(3 1.31173e-15 0)
(3 1.32207e-15 0)
(3 1.19411e-15 0)
(3 1.65288e-15 0)
(3 1.9832e-15 0)
(3 1.5647e-15 0)
(3 1.00655e-15 0)
(3 4.22457e-16 0)
(3 3.78075e-16 0)
(3 3.43395e-16 0)
(3 -1.81483e-16 0)
(3 -7.82446e-16 0)
(3 -1.77982e-15 0)
(3 -1.90969e-15 0)
(3 -1.66198e-15 0)
(3 -1.49889e-15 0)
(3 -1.01638e-15 0)
(3 -7.9262e-16 0)
(3 -4.24876e-16 0)
(3 -3.69126e-16 0)
(3 1.85669e-16 0)
(3 7.48153e-16 0)
(3 1.02808e-15 0)
(3 7.35179e-16 0)
(3 2.5205e-16 0)
(3 -1.68789e-16 0)
(3 -2.26219e-16 0)
(3 3.55108e-16 0)
(3 3.51725e-16 0)
(3 -3.64627e-16 0)
(3 -3.80515e-16 0)
(3 -3.73228e-16 0)
(3 -4.76282e-16 0)
(3 -8.059e-16 0)
(3 -5.78248e-16 0)
(3 -1.03764e-15 0)
(3 -9.48721e-16 0)
(3 -1.2249e-16 0)
(3 4.00543e-16 0)
(3 8.50358e-16 0)
(3 7.95291e-16 0)
(3 7.24961e-16 0)
(3 5.28453e-16 0)
(3 4.94834e-16 0)
(3 8.89968e-16 0)
(3 1.23871e-15 0)
(3 1.31579e-15 0)
(3 1.47009e-15 0)
(3 8.42265e-16 0)
(3 -8.74491e-17 0)
(3 -6.99722e-16 0)
(3 1.5072e-15 0)
(3 2.28268e-15 0)
(3 2.85934e-15 0)
(3 1.84512e-15 0)
(3 7.89518e-16 0)
(3 1.56006e-15 0)
(3 -2.75948e-16 0)
(3 -4.39812e-16 0)
(3 -2.92118e-16 0)
(3 -1.13982e-15 0)
(3 -1.96672e-15 0)
(3 -2.47633e-15 0)
(3 -2.73153e-15 0)
(3 -3.20678e-15 0)
(3 3.44263e-16 0)
(3 3.39705e-16 0)
(3 3.94239e-16 0)
(3 -1.01379e-16 0)
(3 -7.40774e-16 0)
(3 -1.14606e-15 0)
(3 -7.55088e-16 0)
(3 -1.10195e-15 0)
(3 1.31017e-15 0)
(3 1.33246e-15 0)
(3 5.53972e-17 0)
(3 -1.23279e-16 0)
(3 -2.40467e-16 0)
(3 1.24717e-17 0)
(3 4.78753e-16 0)
(3 5.5385e-16 0)
(3 2.34793e-15 0)
(3 1.01169e-15 0)
(3 2.75394e-16 0)
(3 9.26512e-16 0)
(3 8.06782e-16 0)
(3 9.31095e-16 0)
(3 1.06455e-16 0)
(3 -1.41797e-16 0)
(3 1.27668e-15 0)
(3 1.1874e-15 0)
(3 4.21046e-16 0)
(3 6.50516e-17 0)
(3 4.99629e-16 0)
(3 8.62847e-16 0)
(3 3.37395e-16 0)
(3 -5.46383e-16 0)
(3 -1.10899e-17 0)
(3 1.49641e-15 0)
(3 9.20296e-16 0)
(3 9.18693e-17 0)
(3 8.97523e-17 0)
(3 9.62424e-17 0)
(3 6.04924e-16 0)
(3 3.31273e-16 0)
(3 -1.25044e-16 0)
(3 -4.64447e-17 0)
(3 5.35472e-16 0)
(3 4.36919e-16 0)
(3 -3.80988e-16 0)
(3 -1.12427e-15 0)
(3 -3.61336e-16 0)
(3 9.23306e-16 0)
(3 -1.15235e-15 0)
(3 -9.82889e-16 0)
(3 -5.91564e-16 0)
(3 -3.13785e-16 0)
(3 -5.46892e-16 0)
(3 -9.97686e-16 0)
(3 4.29727e-18 0)
(3 8.96676e-16 0)
(3 3.95545e-17 0)
(3 8.21858e-16 0)
(3 5.05804e-16 0)
(3 -7.80345e-17 0)
(3 7.29394e-16 0)
(3 5.91685e-16 0)
(3 9.10077e-16 0)
(3 1.15038e-15 0)
(3 1.57272e-17 0)
(3 6.65331e-16 0)
(3 6.2869e-16 0)
(3 1.16588e-16 0)
(3 6.45301e-17 0)
(3 2.04594e-16 0)
(3 1.38759e-16 0)
(3 1.68811e-16 0)
(3 -2.14995e-15 0)
(3 -4.69369e-16 0)
(3 1.68773e-16 0)
(3 1.15709e-15 0)
(3 1.31367e-17 0)
(3 -7.81759e-16 0)
(3 -1.2097e-15 0)
(3 -1.5245e-15 0)
(3 -2.57364e-15 0)
(3 5.18929e-17 0)
(3 9.17038e-16 0)
(3 9.09293e-16 0)
(3 3.8013e-16 0)
(3 6.53368e-16 0)
(3 -6.59686e-16 0)
(3 -1.12431e-15 0)
(3 -1.20563e-15 0)
(3 -1.50035e-15 0)
(3 -1.47756e-15 0)
(3 -8.94579e-16 0)
(3 -1.42551e-16 0)
(3 5.48105e-16 0)
(3 4.96602e-16 0)
(3 -8.95749e-16 0)
(3 -1.48359e-15 0)
(3 -1.58986e-15 0)
(3 -1.52339e-15 0)
(3 -9.99418e-16 0)
(3 -8.06491e-16 0)
(3 -8.71017e-16 0)
(3 -7.37816e-16 0)
(3 -1.54437e-15 0)
(3 -2.21622e-15 0)
(3 -1.97707e-15 0)
(3 -1.90371e-15 0)
(3 -2.47905e-15 0)
(3 -2.76534e-15 0)
(3 -2.88654e-15 0)
(3 -2.44378e-15 0)
(3 -1.70231e-15 0)
(3 -2.53598e-15 0)
(3 -3.22013e-15 0)
(3 -3.27262e-15 0)
(3 -3.2429e-15 0)
(3 -3.02069e-15 0)
(3 -3.11648e-15 0)
(3 -2.71837e-15 0)
(3 -2.37509e-15 0)
(3 -1.67534e-15 0)
(3 -2.17011e-15 0)
(3 -2.03541e-15 0)
(3 -1.6315e-15 0)
(3 -1.16212e-15 0)
(3 -9.65949e-16 0)
(3 -1.21009e-15 0)
(3 -1.90485e-15 0)
(3 -4.98033e-16 0)
(3 -1.93796e-16 0)
(3 -6.08197e-16 0)
(3 -1.00444e-15 0)
(3 -8.91928e-16 0)
(3 -1.39367e-16 0)
(3 -7.16108e-16 0)
(3 -8.62199e-16 0)
(3 1.26496e-16 0)
(3 -9.20273e-17 0)
(3 9.74433e-17 0)
(3 -3.17515e-17 0)
(3 6.46566e-16 0)
(3 2.76234e-16 0)
(3 -1.56126e-16 0)
(3 1.07494e-17 0)
(3 1.33524e-15 0)
(3 1.31024e-15 0)
(3 1.25366e-15 0)
(3 1.61344e-15 0)
(3 1.46488e-15 0)
(3 8.0453e-16 0)
(3 5.93714e-16 0)
(3 1.12511e-15 0)
(3 1.85644e-15 0)
(3 2.72644e-15 0)
(3 2.26593e-15 0)
(3 2.18006e-15 0)
(3 2.25082e-15 0)
(3 2.16903e-15 0)
(3 2.91439e-15 0)
(3 3.48693e-15 0)
(3 1.35642e-15 0)
(3 1.437e-15 0)
(3 1.8076e-15 0)
(3 1.93192e-15 0)
(3 2.34132e-15 0)
(3 2.73336e-15 0)
(3 2.87124e-15 0)
(3 3.59789e-15 0)
(3 -1.16671e-17 0)
(3 -3.60956e-16 0)
(3 -2.52921e-16 0)
(3 3.94581e-16 0)
(3 5.50923e-16 0)
(3 1.27701e-15 0)
(3 2.86728e-15 0)
(3 3.38143e-15 0)
(3 4.29325e-16 0)
(3 3.16742e-16 0)
(3 5.80239e-16 0)
(3 9.75324e-16 0)
(3 8.18992e-16 0)
(3 9.98875e-16 0)
(3 1.8879e-15 0)
(3 2.83504e-15 0)
(3 9.06508e-16 0)
(3 7.24214e-16 0)
(3 1.28292e-15 0)
(3 1.37144e-15 0)
(3 1.48618e-15 0)
(3 1.71866e-15 0)
(3 1.92235e-15 0)
(3 2.08932e-15 0)
(3 -9.17853e-16 0)
(3 -2.05728e-17 0)
(3 1.33233e-15 0)
(3 1.77705e-15 0)
(3 1.9636e-15 0)
(3 2.33587e-15 0)
(3 2.49815e-15 0)
(3 2.82031e-15 0)
(3 4.10841e-17 0)
(3 3.82641e-16 0)
(3 5.70402e-16 0)
(3 1.31575e-15 0)
(3 2.63337e-15 0)
(3 3.22608e-15 0)
(3 2.99181e-15 0)
(3 3.00567e-15 0)
(3 -3.25494e-18 0)
(3 -6.78962e-16 0)
(3 -1.54432e-16 0)
(3 4.47123e-17 0)
(3 1.80761e-15 0)
(3 3.59519e-15 0)
(3 4.25377e-15 0)
(3 3.1551e-15 0)
(3 -2.08205e-15 0)
(3 -1.24772e-16 0)
(3 6.02928e-16 0)
(3 1.26308e-15 0)
(3 2.01366e-15 0)
(3 3.12982e-15 0)
(3 3.39923e-15 0)
(3 1.40745e-15 0)
(3 1.3045e-16 0)
(3 1.70599e-15 0)
(3 1.68722e-15 0)
(3 2.12114e-15 0)
(3 2.29615e-15 0)
(3 1.32295e-15 0)
(3 -3.12189e-16 0)
(3 -1.75575e-16 0)
(3 1.72356e-15 0)
(3 1.73754e-15 0)
(3 2.07016e-15 0)
(3 2.6599e-15 0)
(3 2.90585e-15 0)
(3 1.93378e-15 0)
(3 3.714e-16 0)
(3 -6.98627e-16 0)
(3 2.27301e-15 0)
(3 1.81451e-15 0)
(3 1.32373e-15 0)
(3 1.14244e-15 0)
(3 1.1551e-15 0)
(3 6.47516e-16 0)
(3 -7.17199e-16 0)
(3 -5.77392e-16 0)
(3 2.47588e-15 0)
(3 1.67138e-15 0)
(3 9.44204e-17 0)
(3 -8.67133e-16 0)
(3 -1.82617e-15 0)
(3 -2.28751e-15 0)
(3 -1.65987e-15 0)
(3 -1.23057e-15 0)
(3 -4.67449e-16 0)
(3 4.74822e-16 0)
(3 5.03598e-16 0)
(3 4.91726e-16 0)
(3 -4.29181e-18 0)
(3 -4.36231e-16 0)
(3 -5.97636e-16 0)
(3 -1.37978e-15 0)
(3 2.86483e-15 0)
(3 5.02928e-16 0)
(3 1.26316e-16 0)
(3 -7.06656e-17 0)
(3 -1.55641e-15 0)
(3 -3.58701e-15 0)
(3 -2.47618e-15 0)
(3 -2.21846e-15 0)
(3 5.00405e-15 0)
(3 3.24997e-15 0)
(3 1.03116e-15 0)
(3 3.99736e-16 0)
(3 -1.61095e-15 0)
(3 -3.36371e-15 0)
(3 -3.56063e-15 0)
(3 -4.05026e-15 0)
(3 3.77437e-15 0)
(3 2.75658e-15 0)
(3 1.83573e-15 0)
(3 1.17461e-15 0)
(3 2.11161e-16 0)
(3 -1.94831e-15 0)
(3 -3.04808e-15 0)
(3 -2.57438e-15 0)
(3 2.46044e-15 0)
(3 3.38455e-15 0)
(3 2.94157e-15 0)
(3 2.02957e-15 0)
(3 1.00814e-15 0)
(3 -2.11619e-16 0)
(3 -1.41349e-15 0)
(3 -1.26271e-15 0)
(3 1.95457e-15 0)
(3 1.93545e-15 0)
(3 1.38467e-15 0)
(3 8.1589e-16 0)
(3 6.1786e-16 0)
(3 1.16689e-16 0)
(3 -2.24907e-16 0)
(3 -4.76997e-16 0)
(3 8.41567e-16 0)
(3 -9.22776e-17 0)
(3 -7.2503e-17 0)
(3 -1.26244e-16 0)
(3 -9.77221e-17 0)
(3 -1.10762e-16 0)
(3 1.52082e-16 0)
(3 -1.74586e-16 0)
)
;

boundaryField
{
    inlet
    {
        type            fixedValue;
        value           uniform (3 0 0);
    }
    outlet
    {
        type            inletOutlet;
        inletValue      nonuniform 0();
        value           nonuniform 0();
    }
    bottom
    {
        type            slip;
    }
    top
    {
        type            slip;
    }
    obstacle
    {
        type            slip;
    }
    defaultFaces
    {
        type            empty;
    }
    procBoundary12to8
    {
        type            processor;
        value           nonuniform List<vector> 
105
(
(3 -3.55808e-16 0)
(3 -7.80674e-17 0)
(3 3.2497e-16 0)
(3 2.28912e-16 0)
(3 5.39122e-16 0)
(3 1.02911e-15 0)
(3 1.49417e-15 0)
(3 1.6141e-15 0)
(3 -3.43065e-16 0)
(3 -1.88013e-15 0)
(3 -1.89034e-15 0)
(3 -1.49739e-15 0)
(3 -8.91192e-16 0)
(3 7.01828e-16 0)
(3 8.53066e-16 0)
(3 4.31495e-16 0)
(3 1.4017e-16 0)
(3 2.25499e-16 0)
(3 -3.21686e-16 0)
(3 -5.70827e-16 0)
(3 -7.73357e-16 0)
(3 -6.61642e-16 0)
(3 -4.25145e-16 0)
(3 -7.73838e-16 0)
(3 -1.49104e-15 0)
(3 -4.14859e-16 0)
(3 3.59616e-16 0)
(3 1.29799e-15 0)
(3 4.6361e-16 0)
(3 -6.93534e-16 0)
(3 -1.02311e-15 0)
(3 -1.24733e-15 0)
(3 -1.66039e-15 0)
(3 -1.90874e-15 0)
(3 -2.22636e-15 0)
(3 -2.21556e-15 0)
(3 -1.72144e-15 0)
(3 -1.37862e-15 0)
(3 -1.27548e-16 0)
(3 3.26191e-16 0)
(3 8.23747e-16 0)
(3 2.60906e-17 0)
(3 -4.05419e-16 0)
(3 4.06614e-16 0)
(3 4.97975e-16 0)
(3 -5.68116e-16 0)
(3 -1.20724e-15 0)
(3 -9.67131e-16 0)
(3 3.59583e-16 0)
(3 7.0236e-16 0)
(3 1.03472e-15 0)
(3 1.48581e-15 0)
(3 7.79812e-16 0)
(3 7.41994e-16 0)
(3 1.08134e-15 0)
(3 1.62518e-16 0)
(3 3.3557e-16 0)
(3 1.71795e-15 0)
(3 1.66493e-15 0)
(3 1.78442e-15 0)
(3 1.52915e-15 0)
(3 8.46997e-16 0)
(3 7.35966e-16 0)
(3 1.21836e-15 0)
(3 2.28404e-17 0)
(3 -2.34299e-16 0)
(3 -9.88152e-16 0)
(3 -1.13662e-15 0)
(3 -6.84886e-16 0)
(3 1.48212e-16 0)
(3 2.73107e-16 0)
(3 -4.11089e-16 0)
(3 -5.6535e-16 0)
(3 -6.83262e-16 0)
(3 -5.3775e-16 0)
(3 -4.14167e-17 0)
(3 1.13384e-15 0)
(3 1.71815e-15 0)
(3 2.00122e-15 0)
(3 1.46196e-15 0)
(3 1.53513e-16 0)
(3 -4.60378e-16 0)
(3 -4.5913e-16 0)
(3 -4.39752e-17 0)
(3 -2.48017e-16 0)
(3 1.34051e-16 0)
(3 5.07833e-16 0)
(3 5.37722e-16 0)
(3 7.1228e-16 0)
(3 1.08459e-15 0)
(3 1.09661e-15 0)
(3 5.00628e-16 0)
(3 5.05384e-16 0)
(3 1.08993e-15 0)
(3 1.20724e-15 0)
(3 1.80844e-15 0)
(3 1.80844e-15 0)
(3 5.92402e-16 0)
(3 -1.97222e-16 0)
(3 -1.73457e-15 0)
(3 -1.88141e-15 0)
(3 -1.62097e-15 0)
(3 -1.64305e-15 0)
(3 -2.55157e-15 0)
(3 -2.69704e-15 0)
)
;
    }
    procBoundary12to9
    {
        type            processor;
        value           nonuniform List<vector> 6((3 -2.45998e-15 0) (3 -1.60046e-15 0) (3 -2.83904e-16 0) (3 -7.98712e-16 0) (3 -8.30884e-16 0) (3 -1.91912e-16 0));
    }
    procBoundary12to13
    {
        type            processor;
        value           nonuniform List<vector> 
34
(
(3 1.20929e-15 0)
(3 1.44469e-15 0)
(3 1.74066e-15 0)
(3 8.2215e-16 0)
(3 -9.37834e-16 0)
(3 -1.35458e-15 0)
(3 -2.49431e-15 0)
(3 -2.37606e-15 0)
(3 -1.41447e-15 0)
(3 -2.26315e-15 0)
(3 -2.56624e-15 0)
(3 -8.01055e-16 0)
(3 -1.77512e-16 0)
(3 1.01851e-15 0)
(3 3.61566e-15 0)
(3 3.58956e-15 0)
(3 3.14877e-15 0)
(3 3.53473e-15 0)
(3 3.19339e-15 0)
(3 3.49636e-15 0)
(3 3.26764e-15 0)
(3 7.53939e-16 0)
(3 -4.42326e-16 0)
(3 -4.17029e-16 0)
(3 -5.00065e-16 0)
(3 -7.56259e-17 0)
(3 -1.79023e-16 0)
(3 -1.64262e-15 0)
(3 -3.12155e-15 0)
(3 -3.12591e-15 0)
(3 -1.87141e-15 0)
(3 -1.76798e-15 0)
(3 -1.30564e-15 0)
(3 -3.0154e-16 0)
)
;
    }
}


// ************************************************************************* //
