/*--------------------------------*- C++ -*----------------------------------*\
  =========                 |
  \\      /  F ield         | OpenFOAM: The Open Source CFD Toolbox
   \\    /   O peration     | Website:  https://openfoam.org
    \\  /    A nd           | Version:  7
     \\/     M anipulation  |
\*---------------------------------------------------------------------------*/
FoamFile
{
    version     2.0;
    format      ascii;
    class       volVectorField;
    location    "1.4";
    object      U;
}
// * * * * * * * * * * * * * * * * * * * * * * * * * * * * * * * * * * * * * //

dimensions      [0 1 -1 0 0 0 0];

internalField   nonuniform List<vector> 
4128
(
(2.56561 -0.492394 0)
(2.57065 -0.492947 0)
(2.57462 -0.494957 0)
(2.57812 -0.496749 0)
(2.58273 -0.497665 0)
(2.58906 -0.497907 0)
(2.5967 -0.497716 0)
(2.60482 -0.496594 0)
(2.6122 -0.493637 0)
(2.61708 -0.489749 0)
(2.61793 -0.486871 0)
(2.61398 -0.48665 0)
(2.61398 -0.489473 0)
(2.62059 -0.491287 0)
(2.62591 -0.491429 0)
(2.63185 -0.491318 0)
(2.63945 -0.490861 0)
(2.64968 -0.490801 0)
(2.65824 -0.492136 0)
(2.66687 -0.494478 0)
(2.67432 -0.497733 0)
(2.67885 -0.501769 0)
(2.6736 -0.502487 0)
(2.66221 -0.495733 0)
(2.66528 -0.490249 0)
(2.67335 -0.488278 0)
(2.68102 -0.485729 0)
(2.6879 -0.482243 0)
(2.69471 -0.479875 0)
(2.70152 -0.478063 0)
(2.70795 -0.47841 0)
(2.71331 -0.480343 0)
(2.71701 -0.48339 0)
(2.71928 -0.488141 0)
(2.72093 -0.493267 0)
(2.72458 -0.494415 0)
(2.72974 -0.492024 0)
(2.73559 -0.487356 0)
(2.74162 -0.480548 0)
(2.74691 -0.472349 0)
(2.74978 -0.466589 0)
(2.75069 -0.466518 0)
(2.75151 -0.47043 0)
(2.75301 -0.47368 0)
(2.75557 -0.476253 0)
(2.76288 -0.477619 0)
(2.76904 -0.479571 0)
(2.77551 -0.480233 0)
(2.7813 -0.477273 0)
(2.78482 -0.472298 0)
(2.78891 -0.469118 0)
(2.79385 -0.467226 0)
(2.79857 -0.464519 0)
(2.8024 -0.461891 0)
(2.80527 -0.462379 0)
(2.806 -0.464806 0)
(2.80659 -0.465796 0)
(2.8087 -0.46603 0)
(2.81407 -0.466457 0)
(2.82098 -0.466153 0)
(2.82778 -0.464371 0)
(2.83304 -0.461579 0)
(2.83551 -0.459186 0)
(2.83956 -0.459069 0)
(2.84439 -0.459016 0)
(2.84949 -0.458577 0)
(2.85504 -0.459062 0)
(2.85954 -0.461242 0)
(2.86252 -0.464292 0)
(2.86261 -0.466379 0)
(2.85991 -0.463806 0)
(2.85906 -0.456901 0)
(2.86141 -0.451115 0)
(2.86552 -0.449057 0)
(2.86964 -0.44892 0)
(2.87319 -0.448918 0)
(2.8773 -0.448204 0)
(2.88398 -0.447274 0)
(2.89088 -0.447062 0)
(2.89635 -0.447878 0)
(2.89895 -0.449699 0)
(2.90274 -0.449862 0)
(2.90945 -0.450501 0)
(2.91542 -0.450662 0)
(2.92094 -0.449185 0)
(2.92401 -0.445501 0)
(2.92367 -0.439355 0)
(2.91937 -0.433098 0)
(2.91377 -0.432203 0)
(2.9174 -0.433953 0)
(2.92282 -0.434127 0)
(2.92692 -0.434344 0)
(2.93007 -0.435092 0)
(2.93634 -0.435885 0)
(2.9416 -0.435722 0)
(2.94684 -0.435233 0)
(2.95128 -0.435623 0)
(2.95573 -0.435854 0)
(2.96013 -0.436255 0)
(2.96487 -0.437518 0)
(2.96849 -0.437473 0)
(2.96526 -0.431937 0)
(2.95709 -0.423739 0)
(2.95631 -0.420413 0)
(2.96039 -0.420318 0)
(2.96547 -0.421081 0)
(2.97082 -0.42136 0)
(2.97614 -0.420913 0)
(2.98021 -0.420716 0)
(2.98333 -0.42161 0)
(2.98718 -0.423693 0)
(2.99291 -0.425254 0)
(2.9996 -0.426224 0)
(3.00649 -0.426161 0)
(3.01098 -0.422797 0)
(3.00619 -0.41399 0)
(2.99743 -0.407716 0)
(2.9995 -0.406092 0)
(3.00428 -0.405899 0)
(3.00853 -0.40587 0)
(3.01342 -0.404894 0)
(3.01876 -0.405133 0)
(3.02513 -0.405377 0)
(3.03221 -0.406333 0)
(3.03895 -0.407878 0)
(3.0443 -0.410336 0)
(3.04688 -0.413385 0)
(3.04517 -0.418516 0)
(3.04218 -0.414287 0)
(2.57117 -0.481957 0)
(2.57447 -0.477197 0)
(2.57538 -0.475392 0)
(2.57829 -0.477007 0)
(2.58312 -0.479236 0)
(2.59052 -0.480865 0)
(2.59892 -0.481652 0)
(2.60724 -0.4814 0)
(2.61515 -0.479703 0)
(2.62143 -0.477669 0)
(2.62285 -0.476428 0)
(2.61578 -0.474913 0)
(2.61035 -0.471534 0)
(2.61594 -0.469549 0)
(2.6235 -0.469213 0)
(2.63098 -0.469384 0)
(2.63941 -0.469926 0)
(2.64653 -0.471145 0)
(2.65537 -0.473296 0)
(2.66528 -0.47569 0)
(2.67407 -0.478913 0)
(2.6784 -0.484685 0)
(2.67643 -0.490679 0)
(2.67041 -0.488033 0)
(2.673 -0.47878 0)
(2.67879 -0.470996 0)
(2.68419 -0.465009 0)
(2.69032 -0.462023 0)
(2.69785 -0.461952 0)
(2.70496 -0.462372 0)
(2.71073 -0.463388 0)
(2.7163 -0.465721 0)
(2.7189 -0.468341 0)
(2.71561 -0.471841 0)
(2.72056 -0.473677 0)
(2.72761 -0.474381 0)
(2.7347 -0.47223 0)
(2.74175 -0.467027 0)
(2.74815 -0.463064 0)
(2.75431 -0.4607 0)
(2.75834 -0.457413 0)
(2.75827 -0.453352 0)
(2.75497 -0.453477 0)
(2.752 -0.457991 0)
(2.75399 -0.459131 0)
(2.75926 -0.458621 0)
(2.76661 -0.458715 0)
(2.77406 -0.459355 0)
(2.78356 -0.459594 0)
(2.79063 -0.458244 0)
(2.79718 -0.455855 0)
(2.80212 -0.452373 0)
(2.80244 -0.44981 0)
(2.79789 -0.449853 0)
(2.79589 -0.451742 0)
(2.79977 -0.45335 0)
(2.8064 -0.454172 0)
(2.81328 -0.453717 0)
(2.81884 -0.452199 0)
(2.82225 -0.450972 0)
(2.82526 -0.448954 0)
(2.83258 -0.446297 0)
(2.83944 -0.444105 0)
(2.84392 -0.441663 0)
(2.8463 -0.440675 0)
(2.84795 -0.441517 0)
(2.85057 -0.443039 0)
(2.85393 -0.445144 0)
(2.8576 -0.44719 0)
(2.86121 -0.449194 0)
(2.86368 -0.450823 0)
(2.86584 -0.44866 0)
(2.86785 -0.442615 0)
(2.86863 -0.435473 0)
(2.87068 -0.431677 0)
(2.87598 -0.43199 0)
(2.88036 -0.432687 0)
(2.88518 -0.433572 0)
(2.89188 -0.434283 0)
(2.89837 -0.43499 0)
(2.90281 -0.436633 0)
(2.90846 -0.436615 0)
(2.91459 -0.436079 0)
(2.92041 -0.435554 0)
(2.92633 -0.434002 0)
(2.93104 -0.431421 0)
(2.93272 -0.428131 0)
(2.92975 -0.423418 0)
(2.92321 -0.418975 0)
(2.9156 -0.419669 0)
(2.91953 -0.421665 0)
(2.92734 -0.422424 0)
(2.93472 -0.423423 0)
(2.94162 -0.423736 0)
(2.94794 -0.423479 0)
(2.9536 -0.422327 0)
(2.95711 -0.420737 0)
(2.96008 -0.419722 0)
(2.96314 -0.41958 0)
(2.96725 -0.419745 0)
(2.97197 -0.419349 0)
(2.97211 -0.415921 0)
(2.95976 -0.410501 0)
(2.95134 -0.408489 0)
(2.95504 -0.408489 0)
(2.96079 -0.408129 0)
(2.96741 -0.407453 0)
(2.97406 -0.406755 0)
(2.98026 -0.406882 0)
(2.98604 -0.407972 0)
(2.99086 -0.40924 0)
(2.99543 -0.410676 0)
(3.00007 -0.412219 0)
(3.0049 -0.413074 0)
(3.01098 -0.412661 0)
(3.01421 -0.408334 0)
(3.008 -0.398383 0)
(3.00678 -0.393137 0)
(3.01099 -0.392766 0)
(3.0134 -0.392642 0)
(3.01759 -0.392331 0)
(3.02252 -0.392434 0)
(3.02763 -0.393059 0)
(3.03528 -0.394291 0)
(3.04144 -0.39541 0)
(3.04644 -0.396082 0)
(3.04929 -0.396488 0)
(3.04962 -0.398518 0)
(3.04799 -0.399708 0)
(2.57607 -0.467231 0)
(2.58124 -0.464102 0)
(2.57915 -0.460874 0)
(2.57673 -0.461511 0)
(2.58411 -0.463633 0)
(2.59256 -0.464754 0)
(2.60061 -0.465585 0)
(2.60887 -0.465226 0)
(2.61681 -0.464264 0)
(2.6237 -0.462877 0)
(2.62604 -0.462107 0)
(2.62068 -0.462007 0)
(2.61729 -0.460067 0)
(2.62243 -0.457703 0)
(2.62975 -0.455774 0)
(2.63816 -0.454168 0)
(2.64712 -0.454348 0)
(2.65601 -0.456388 0)
(2.66392 -0.459271 0)
(2.67065 -0.461278 0)
(2.67802 -0.463539 0)
(2.68248 -0.465795 0)
(2.67869 -0.471195 0)
(2.67576 -0.473272 0)
(2.68103 -0.469955 0)
(2.68707 -0.465461 0)
(2.69316 -0.459752 0)
(2.69897 -0.452856 0)
(2.70329 -0.44655 0)
(2.70608 -0.443847 0)
(2.70811 -0.44582 0)
(2.71099 -0.449853 0)
(2.7129 -0.454166 0)
(2.71547 -0.456594 0)
(2.721 -0.455893 0)
(2.72757 -0.454845 0)
(2.73566 -0.453085 0)
(2.74463 -0.448708 0)
(2.75223 -0.445668 0)
(2.76003 -0.443911 0)
(2.76371 -0.442902 0)
(2.75773 -0.442427 0)
(2.74941 -0.442532 0)
(2.75453 -0.44368 0)
(2.76057 -0.444892 0)
(2.76583 -0.445191 0)
(2.77109 -0.442712 0)
(2.77741 -0.439424 0)
(2.78516 -0.438019 0)
(2.79424 -0.437973 0)
(2.80189 -0.438842 0)
(2.80925 -0.439747 0)
(2.81053 -0.439548 0)
(2.80089 -0.438052 0)
(2.79659 -0.437607 0)
(2.80329 -0.438464 0)
(2.80962 -0.437863 0)
(2.81596 -0.436175 0)
(2.8222 -0.436204 0)
(2.82738 -0.438617 0)
(2.83192 -0.439324 0)
(2.83644 -0.435652 0)
(2.8413 -0.431144 0)
(2.84692 -0.427981 0)
(2.85185 -0.426051 0)
(2.85455 -0.425098 0)
(2.85567 -0.425999 0)
(2.85684 -0.428382 0)
(2.85747 -0.430791 0)
(2.8585 -0.432891 0)
(2.86242 -0.43381 0)
(2.86775 -0.434065 0)
(2.87232 -0.43304 0)
(2.87587 -0.428311 0)
(2.87821 -0.420059 0)
(2.87936 -0.413918 0)
(2.88105 -0.413958 0)
(2.88271 -0.417692 0)
(2.88541 -0.420831 0)
(2.88998 -0.42209 0)
(2.89516 -0.421216 0)
(2.90266 -0.420027 0)
(2.91013 -0.419672 0)
(2.91759 -0.419364 0)
(2.92557 -0.418225 0)
(2.93264 -0.415947 0)
(2.93795 -0.411886 0)
(2.93818 -0.406882 0)
(2.9273 -0.404269 0)
(2.91783 -0.406561 0)
(2.92049 -0.408988 0)
(2.92431 -0.410013 0)
(2.93083 -0.410912 0)
(2.93794 -0.411414 0)
(2.94448 -0.410386 0)
(2.95088 -0.408856 0)
(2.96088 -0.408036 0)
(2.96781 -0.40655 0)
(2.97089 -0.406575 0)
(2.97597 -0.407334 0)
(2.98074 -0.408119 0)
(2.98138 -0.406914 0)
(2.96908 -0.400893 0)
(2.95575 -0.394889 0)
(2.96009 -0.394373 0)
(2.96484 -0.394839 0)
(2.96941 -0.395409 0)
(2.97493 -0.39498 0)
(2.98155 -0.393407 0)
(2.98679 -0.393517 0)
(2.99238 -0.39404 0)
(2.99869 -0.394953 0)
(3.00443 -0.396392 0)
(3.00944 -0.398993 0)
(3.01382 -0.400464 0)
(3.01702 -0.400504 0)
(3.01395 -0.394074 0)
(3.00667 -0.382558 0)
(3.00712 -0.377307 0)
(3.01158 -0.376597 0)
(3.01641 -0.37738 0)
(3.02194 -0.378586 0)
(3.02818 -0.379128 0)
(3.03367 -0.380363 0)
(3.03786 -0.381723 0)
(3.04112 -0.382305 0)
(3.04345 -0.383518 0)
(3.04476 -0.38179 0)
(3.04673 -0.380626 0)
(2.58111 -0.453631 0)
(2.58719 -0.45332 0)
(2.58488 -0.452528 0)
(2.58149 -0.450183 0)
(2.58615 -0.447735 0)
(2.59345 -0.446317 0)
(2.60079 -0.445811 0)
(2.60842 -0.446061 0)
(2.6165 -0.446877 0)
(2.62413 -0.448037 0)
(2.62801 -0.449134 0)
(2.62598 -0.448873 0)
(2.62537 -0.446694 0)
(2.63054 -0.444338 0)
(2.63737 -0.442295 0)
(2.64451 -0.440014 0)
(2.65149 -0.437437 0)
(2.65817 -0.43593 0)
(2.66512 -0.437367 0)
(2.6703 -0.441833 0)
(2.67254 -0.447506 0)
(2.67229 -0.451671 0)
(2.67302 -0.453499 0)
(2.6805 -0.45229 0)
(2.68752 -0.449459 0)
(2.69376 -0.445557 0)
(2.69901 -0.442058 0)
(2.70364 -0.439243 0)
(2.70786 -0.435872 0)
(2.71112 -0.432362 0)
(2.71192 -0.431262 0)
(2.71011 -0.43606 0)
(2.71621 -0.44149 0)
(2.72209 -0.442793 0)
(2.72713 -0.442342 0)
(2.73285 -0.43988 0)
(2.74004 -0.436707 0)
(2.7478 -0.433654 0)
(2.75674 -0.432539 0)
(2.76537 -0.431806 0)
(2.76925 -0.431197 0)
(2.76141 -0.43122 0)
(2.74992 -0.42895 0)
(2.75054 -0.425525 0)
(2.75686 -0.423766 0)
(2.76442 -0.423289 0)
(2.77229 -0.423063 0)
(2.78302 -0.422918 0)
(2.79277 -0.422808 0)
(2.79871 -0.423875 0)
(2.80612 -0.425593 0)
(2.81373 -0.427368 0)
(2.81532 -0.428622 0)
(2.80754 -0.427511 0)
(2.80258 -0.423357 0)
(2.80371 -0.42054 0)
(2.80782 -0.420278 0)
(2.81362 -0.421264 0)
(2.81991 -0.421853 0)
(2.8266 -0.42077 0)
(2.83371 -0.420733 0)
(2.8396 -0.421217 0)
(2.84534 -0.421504 0)
(2.85074 -0.419909 0)
(2.85478 -0.416324 0)
(2.85789 -0.413232 0)
(2.86052 -0.411894 0)
(2.86087 -0.412727 0)
(2.86101 -0.416076 0)
(2.86289 -0.417363 0)
(2.86569 -0.415568 0)
(2.86886 -0.41305 0)
(2.87322 -0.410672 0)
(2.87836 -0.408403 0)
(2.883 -0.405747 0)
(2.88581 -0.402497 0)
(2.88689 -0.400604 0)
(2.88769 -0.400747 0)
(2.88723 -0.404417 0)
(2.89068 -0.407509 0)
(2.89691 -0.408061 0)
(2.90336 -0.407395 0)
(2.91103 -0.406657 0)
(2.91837 -0.405534 0)
(2.92489 -0.403839 0)
(2.93204 -0.401953 0)
(2.9392 -0.400046 0)
(2.94345 -0.397867 0)
(2.93641 -0.39497 0)
(2.92292 -0.392583 0)
(2.92298 -0.393477 0)
(2.92734 -0.395002 0)
(2.93152 -0.396085 0)
(2.936 -0.396441 0)
(2.94166 -0.394702 0)
(2.94934 -0.392116 0)
(2.95943 -0.388959 0)
(2.9642 -0.387803 0)
(2.97093 -0.388625 0)
(2.97808 -0.39 0)
(2.98385 -0.392638 0)
(2.98664 -0.396721 0)
(2.98096 -0.396305 0)
(2.9651 -0.386588 0)
(2.95919 -0.379885 0)
(2.96417 -0.379475 0)
(2.96938 -0.380243 0)
(2.97433 -0.380759 0)
(2.98235 -0.380177 0)
(2.98724 -0.380251 0)
(2.99548 -0.380955 0)
(3.00322 -0.380861 0)
(3.00926 -0.38035 0)
(3.01343 -0.381004 0)
(3.01576 -0.383098 0)
(3.01727 -0.384766 0)
(3.01716 -0.384272 0)
(3.01389 -0.377648 0)
(3.01189 -0.36924 0)
(3.0149 -0.365382 0)
(3.01949 -0.365727 0)
(3.02513 -0.366958 0)
(3.03219 -0.366693 0)
(3.03836 -0.366173 0)
(3.04218 -0.366256 0)
(3.04398 -0.366533 0)
(3.0449 -0.368767 0)
(3.04564 -0.368878 0)
(3.04958 -0.36836 0)
(2.5827 -0.440503 0)
(2.58833 -0.440572 0)
(2.58764 -0.438198 0)
(2.58573 -0.435026 0)
(2.59024 -0.432477 0)
(2.59763 -0.430773 0)
(2.60517 -0.430097 0)
(2.61226 -0.430219 0)
(2.6185 -0.430853 0)
(2.62293 -0.43217 0)
(2.62364 -0.434058 0)
(2.6267 -0.434678 0)
(2.63327 -0.433022 0)
(2.63994 -0.430223 0)
(2.64543 -0.427486 0)
(2.65052 -0.425953 0)
(2.65682 -0.425198 0)
(2.66332 -0.424293 0)
(2.66977 -0.424022 0)
(2.67482 -0.425434 0)
(2.67528 -0.429728 0)
(2.67192 -0.435523 0)
(2.6781 -0.438806 0)
(2.68555 -0.438709 0)
(2.69339 -0.436448 0)
(2.70083 -0.433042 0)
(2.70732 -0.429143 0)
(2.71198 -0.425264 0)
(2.71303 -0.422125 0)
(2.70943 -0.421492 0)
(2.70512 -0.422932 0)
(2.70648 -0.423485 0)
(2.71346 -0.42287 0)
(2.7203 -0.42157 0)
(2.72743 -0.420506 0)
(2.73655 -0.419327 0)
(2.74405 -0.417994 0)
(2.75161 -0.418623 0)
(2.76022 -0.419167 0)
(2.76763 -0.417992 0)
(2.769 -0.417545 0)
(2.7608 -0.418813 0)
(2.75499 -0.418529 0)
(2.75774 -0.414935 0)
(2.76298 -0.410505 0)
(2.76907 -0.406391 0)
(2.77546 -0.40332 0)
(2.78327 -0.403007 0)
(2.79132 -0.404592 0)
(2.79893 -0.407197 0)
(2.80472 -0.412001 0)
(2.80961 -0.416391 0)
(2.8124 -0.419063 0)
(2.81229 -0.417916 0)
(2.81209 -0.412599 0)
(2.81273 -0.408028 0)
(2.81523 -0.40698 0)
(2.81938 -0.407906 0)
(2.82365 -0.407999 0)
(2.82887 -0.405403 0)
(2.83483 -0.401889 0)
(2.83994 -0.400429 0)
(2.84469 -0.400257 0)
(2.84884 -0.400294 0)
(2.85127 -0.400261 0)
(2.85261 -0.399742 0)
(2.85333 -0.398846 0)
(2.85486 -0.398507 0)
(2.85864 -0.399053 0)
(2.86509 -0.400497 0)
(2.87171 -0.401464 0)
(2.87785 -0.401331 0)
(2.8835 -0.398657 0)
(2.8881 -0.394276 0)
(2.89035 -0.389593 0)
(2.88815 -0.386967 0)
(2.88289 -0.387474 0)
(2.88028 -0.389432 0)
(2.88559 -0.390983 0)
(2.89255 -0.39214 0)
(2.89845 -0.392593 0)
(2.90547 -0.392536 0)
(2.91332 -0.392142 0)
(2.92126 -0.39219 0)
(2.92763 -0.392437 0)
(2.93471 -0.392701 0)
(2.94184 -0.392598 0)
(2.94521 -0.391971 0)
(2.93819 -0.387914 0)
(2.92606 -0.380209 0)
(2.92497 -0.376046 0)
(2.92896 -0.376168 0)
(2.933 -0.377201 0)
(2.93662 -0.378677 0)
(2.94385 -0.379257 0)
(2.95503 -0.376701 0)
(2.96126 -0.376111 0)
(2.96803 -0.377009 0)
(2.97502 -0.378041 0)
(2.98125 -0.378827 0)
(2.98661 -0.380048 0)
(2.98993 -0.383088 0)
(2.98791 -0.385649 0)
(2.97709 -0.38111 0)
(2.96882 -0.371379 0)
(2.97015 -0.366023 0)
(2.97169 -0.364135 0)
(2.97474 -0.364656 0)
(2.97914 -0.365671 0)
(2.98482 -0.365927 0)
(2.99057 -0.365383 0)
(2.99604 -0.365284 0)
(3.00293 -0.364971 0)
(3.01018 -0.365124 0)
(3.01584 -0.365517 0)
(3.01895 -0.366039 0)
(3.02088 -0.366254 0)
(3.02198 -0.364041 0)
(3.01934 -0.358613 0)
(3.01498 -0.353827 0)
(3.01634 -0.353851 0)
(3.01995 -0.354791 0)
(3.02528 -0.354372 0)
(3.03045 -0.353506 0)
(3.03513 -0.353234 0)
(3.03891 -0.353889 0)
(3.04128 -0.356095 0)
(3.04239 -0.357297 0)
(3.04648 -0.357306 0)
(2.58372 -0.422246 0)
(2.58998 -0.426936 0)
(2.59288 -0.428663 0)
(2.59475 -0.426183 0)
(2.59914 -0.421502 0)
(2.60426 -0.416417 0)
(2.60889 -0.413142 0)
(2.61384 -0.412848 0)
(2.61874 -0.414741 0)
(2.62122 -0.417829 0)
(2.62294 -0.41924 0)
(2.62996 -0.418422 0)
(2.638 -0.417618 0)
(2.64635 -0.416294 0)
(2.65377 -0.413573 0)
(2.65888 -0.409906 0)
(2.6614 -0.407585 0)
(2.66287 -0.408536 0)
(2.66421 -0.411014 0)
(2.66445 -0.413718 0)
(2.66872 -0.416673 0)
(2.6769 -0.418852 0)
(2.68174 -0.418634 0)
(2.68567 -0.416091 0)
(2.69294 -0.414179 0)
(2.70168 -0.413108 0)
(2.71095 -0.412693 0)
(2.71912 -0.412351 0)
(2.72164 -0.411526 0)
(2.71287 -0.410559 0)
(2.70339 -0.410485 0)
(2.70779 -0.409103 0)
(2.71514 -0.407759 0)
(2.72314 -0.4057 0)
(2.73002 -0.40053 0)
(2.73551 -0.397575 0)
(2.7434 -0.398356 0)
(2.75122 -0.400659 0)
(2.75937 -0.403732 0)
(2.76742 -0.405562 0)
(2.77062 -0.407342 0)
(2.76332 -0.406086 0)
(2.7572 -0.401309 0)
(2.76129 -0.397786 0)
(2.76879 -0.394606 0)
(2.77574 -0.39097 0)
(2.78154 -0.388801 0)
(2.78788 -0.389595 0)
(2.79486 -0.391515 0)
(2.80203 -0.392811 0)
(2.8082 -0.393746 0)
(2.81113 -0.398379 0)
(2.81273 -0.403624 0)
(2.81455 -0.405345 0)
(2.81768 -0.403654 0)
(2.82034 -0.399128 0)
(2.81866 -0.392067 0)
(2.81911 -0.38819 0)
(2.82519 -0.388581 0)
(2.83109 -0.388989 0)
(2.8377 -0.388205 0)
(2.84518 -0.38737 0)
(2.85118 -0.387323 0)
(2.85564 -0.388102 0)
(2.8578 -0.38841 0)
(2.85506 -0.38684 0)
(2.85248 -0.386684 0)
(2.85595 -0.386922 0)
(2.86105 -0.385722 0)
(2.86743 -0.384285 0)
(2.87391 -0.382771 0)
(2.88047 -0.38151 0)
(2.88717 -0.380873 0)
(2.89336 -0.380392 0)
(2.89765 -0.379114 0)
(2.8957 -0.376048 0)
(2.88674 -0.374364 0)
(2.88474 -0.375115 0)
(2.88816 -0.375028 0)
(2.89188 -0.374749 0)
(2.89742 -0.375167 0)
(2.90436 -0.376198 0)
(2.91173 -0.377436 0)
(2.91896 -0.378217 0)
(2.92574 -0.379161 0)
(2.93207 -0.380023 0)
(2.93865 -0.381229 0)
(2.94348 -0.383155 0)
(2.94048 -0.381963 0)
(2.93133 -0.373546 0)
(2.93013 -0.365561 0)
(2.93555 -0.36164 0)
(2.94144 -0.360608 0)
(2.9458 -0.359808 0)
(2.94931 -0.359502 0)
(2.9533 -0.360353 0)
(2.959 -0.36244 0)
(2.96441 -0.364702 0)
(2.9703 -0.365586 0)
(2.97677 -0.36635 0)
(2.98296 -0.367365 0)
(2.98711 -0.369916 0)
(2.98837 -0.372869 0)
(2.98663 -0.371487 0)
(2.98042 -0.362674 0)
(2.97272 -0.352812 0)
(2.97334 -0.349098 0)
(2.98057 -0.349039 0)
(2.98433 -0.349757 0)
(2.9882 -0.351309 0)
(2.99235 -0.352276 0)
(2.99664 -0.352764 0)
(3.00354 -0.353174 0)
(3.0109 -0.353358 0)
(3.01755 -0.352857 0)
(3.02224 -0.351976 0)
(3.02531 -0.351822 0)
(3.02726 -0.352104 0)
(3.02663 -0.35059 0)
(3.02239 -0.34412 0)
(3.02005 -0.339512 0)
(3.023 -0.338967 0)
(3.0278 -0.338677 0)
(3.03283 -0.338605 0)
(3.0381 -0.339062 0)
(3.04227 -0.340542 0)
(3.04448 -0.343469 0)
(3.04558 -0.344065 0)
(3.04805 -0.343656 0)
(2.58309 -0.400844 0)
(2.5887 -0.406223 0)
(2.59512 -0.409639 0)
(2.60113 -0.410907 0)
(2.60752 -0.4097 0)
(2.61388 -0.406948 0)
(2.61849 -0.402958 0)
(2.61955 -0.399648 0)
(2.61821 -0.40042 0)
(2.61957 -0.403574 0)
(2.62604 -0.404334 0)
(2.63312 -0.403229 0)
(2.64096 -0.401493 0)
(2.64969 -0.399824 0)
(2.65865 -0.398781 0)
(2.66667 -0.398036 0)
(2.67169 -0.396692 0)
(2.67154 -0.395463 0)
(2.66613 -0.396729 0)
(2.66123 -0.39922 0)
(2.66558 -0.399094 0)
(2.67391 -0.398549 0)
(2.68237 -0.398634 0)
(2.69125 -0.399308 0)
(2.70045 -0.399349 0)
(2.70723 -0.399434 0)
(2.71583 -0.399416 0)
(2.72396 -0.398419 0)
(2.72733 -0.398123 0)
(2.71812 -0.399116 0)
(2.70926 -0.39798 0)
(2.7131 -0.395607 0)
(2.72011 -0.39446 0)
(2.72817 -0.392253 0)
(2.73616 -0.388004 0)
(2.74403 -0.385192 0)
(2.7516 -0.384598 0)
(2.75801 -0.385933 0)
(2.76305 -0.388334 0)
(2.76494 -0.391783 0)
(2.76294 -0.394242 0)
(2.76136 -0.394235 0)
(2.76391 -0.390538 0)
(2.76821 -0.38471 0)
(2.77218 -0.378316 0)
(2.77572 -0.373739 0)
(2.78052 -0.372521 0)
(2.78608 -0.373831 0)
(2.79102 -0.376408 0)
(2.79556 -0.378997 0)
(2.79809 -0.381682 0)
(2.80071 -0.383786 0)
(2.80774 -0.385002 0)
(2.81485 -0.386281 0)
(2.82138 -0.388239 0)
(2.82671 -0.389355 0)
(2.8281 -0.385765 0)
(2.82839 -0.377638 0)
(2.83043 -0.372306 0)
(2.8331 -0.372138 0)
(2.83655 -0.373449 0)
(2.84208 -0.373423 0)
(2.84799 -0.373496 0)
(2.85341 -0.373866 0)
(2.85802 -0.374403 0)
(2.86062 -0.374921 0)
(2.85871 -0.372969 0)
(2.85536 -0.371214 0)
(2.85824 -0.370484 0)
(2.8642 -0.369294 0)
(2.87046 -0.36853 0)
(2.87716 -0.368235 0)
(2.88407 -0.368097 0)
(2.89058 -0.367635 0)
(2.89591 -0.366731 0)
(2.89736 -0.365503 0)
(2.89072 -0.362898 0)
(2.88844 -0.361132 0)
(2.89302 -0.360902 0)
(2.89833 -0.361074 0)
(2.90433 -0.361581 0)
(2.91056 -0.362272 0)
(2.91681 -0.362562 0)
(2.92282 -0.362457 0)
(2.92842 -0.362774 0)
(2.93336 -0.363629 0)
(2.93723 -0.364461 0)
(2.93955 -0.364409 0)
(2.94014 -0.362725 0)
(2.93764 -0.357918 0)
(2.93192 -0.350517 0)
(2.93173 -0.344922 0)
(2.9392 -0.342577 0)
(2.94607 -0.342668 0)
(2.95186 -0.343432 0)
(2.9577 -0.344438 0)
(2.96321 -0.34576 0)
(2.969 -0.348697 0)
(2.97255 -0.350193 0)
(2.97806 -0.351311 0)
(2.98331 -0.352501 0)
(2.98734 -0.35382 0)
(2.98952 -0.356067 0)
(2.99078 -0.358478 0)
(2.99077 -0.356616 0)
(2.98859 -0.349464 0)
(2.98334 -0.340456 0)
(2.97792 -0.335109 0)
(2.98107 -0.335684 0)
(2.98611 -0.337436 0)
(2.99002 -0.338574 0)
(2.9944 -0.339682 0)
(2.99943 -0.34077 0)
(3.00507 -0.341495 0)
(3.01123 -0.341265 0)
(3.01698 -0.340576 0)
(3.02145 -0.340641 0)
(3.02451 -0.341403 0)
(3.02709 -0.342048 0)
(3.02822 -0.339654 0)
(3.02698 -0.333525 0)
(3.02719 -0.328501 0)
(3.03078 -0.326979 0)
(3.03564 -0.327386 0)
(3.04077 -0.328331 0)
(3.04551 -0.329008 0)
(3.04726 -0.331045 0)
(3.04861 -0.332206 0)
(3.05218 -0.332434 0)
(2.58828 -0.38229 0)
(2.5908 -0.386538 0)
(2.59529 -0.390073 0)
(2.60409 -0.392279 0)
(2.61295 -0.393363 0)
(2.6211 -0.393213 0)
(2.62683 -0.391491 0)
(2.6263 -0.388321 0)
(2.61935 -0.38695 0)
(2.62339 -0.387937 0)
(2.63071 -0.387677 0)
(2.63757 -0.387207 0)
(2.6449 -0.386226 0)
(2.65287 -0.38519 0)
(2.66171 -0.384122 0)
(2.67042 -0.383057 0)
(2.67689 -0.381837 0)
(2.67721 -0.380374 0)
(2.66928 -0.381385 0)
(2.66608 -0.383827 0)
(2.67001 -0.383075 0)
(2.67584 -0.381624 0)
(2.683 -0.379744 0)
(2.69135 -0.37796 0)
(2.70085 -0.378119 0)
(2.71016 -0.380275 0)
(2.71823 -0.383135 0)
(2.72633 -0.385975 0)
(2.73096 -0.388569 0)
(2.7236 -0.386142 0)
(2.71257 -0.380066 0)
(2.71552 -0.376753 0)
(2.72164 -0.374904 0)
(2.72766 -0.372305 0)
(2.7346 -0.369477 0)
(2.74228 -0.3671 0)
(2.74981 -0.366375 0)
(2.7566 -0.368387 0)
(2.76093 -0.37241 0)
(2.76374 -0.375736 0)
(2.76272 -0.377171 0)
(2.76418 -0.376369 0)
(2.76988 -0.375629 0)
(2.77581 -0.374565 0)
(2.78108 -0.371795 0)
(2.78415 -0.36662 0)
(2.78594 -0.361476 0)
(2.78958 -0.360023 0)
(2.7949 -0.360354 0)
(2.79777 -0.362213 0)
(2.79875 -0.364652 0)
(2.80215 -0.365937 0)
(2.80748 -0.366277 0)
(2.81325 -0.366369 0)
(2.81929 -0.366081 0)
(2.82524 -0.365082 0)
(2.83109 -0.363537 0)
(2.8344 -0.360148 0)
(2.83096 -0.357308 0)
(2.83009 -0.358439 0)
(2.83527 -0.359543 0)
(2.84146 -0.359222 0)
(2.84832 -0.358154 0)
(2.85472 -0.357566 0)
(2.85941 -0.357178 0)
(2.86156 -0.35713 0)
(2.86103 -0.357846 0)
(2.8597 -0.358225 0)
(2.86192 -0.356536 0)
(2.86712 -0.354603 0)
(2.87373 -0.353243 0)
(2.8803 -0.352701 0)
(2.88641 -0.352871 0)
(2.89202 -0.353235 0)
(2.8965 -0.353367 0)
(2.89671 -0.353275 0)
(2.89112 -0.350882 0)
(2.88775 -0.347168 0)
(2.89065 -0.345339 0)
(2.89574 -0.344267 0)
(2.90217 -0.343552 0)
(2.90839 -0.343622 0)
(2.9145 -0.344113 0)
(2.9211 -0.344783 0)
(2.92805 -0.345534 0)
(2.93439 -0.346416 0)
(2.93943 -0.347462 0)
(2.94302 -0.348948 0)
(2.94523 -0.350554 0)
(2.94547 -0.349701 0)
(2.94246 -0.344675 0)
(2.93991 -0.336659 0)
(2.94103 -0.330048 0)
(2.94652 -0.328028 0)
(2.95229 -0.328257 0)
(2.95703 -0.328841 0)
(2.96161 -0.329741 0)
(2.96546 -0.332789 0)
(2.96859 -0.336878 0)
(2.9729 -0.339012 0)
(2.9773 -0.340291 0)
(2.98028 -0.34232 0)
(2.98292 -0.344586 0)
(2.98746 -0.344268 0)
(2.99306 -0.34175 0)
(2.99688 -0.338105 0)
(2.99685 -0.332313 0)
(2.99 -0.325294 0)
(2.98734 -0.322277 0)
(2.9908 -0.322581 0)
(2.9944 -0.323322 0)
(2.99838 -0.324258 0)
(3.00258 -0.325256 0)
(3.00682 -0.326141 0)
(3.01131 -0.326466 0)
(3.016 -0.326082 0)
(3.02003 -0.325315 0)
(3.02351 -0.324344 0)
(3.02716 -0.323176 0)
(3.03029 -0.321041 0)
(3.03057 -0.317998 0)
(3.02669 -0.315779 0)
(3.02604 -0.315187 0)
(3.02976 -0.315427 0)
(3.03384 -0.315974 0)
(3.03684 -0.316516 0)
(3.03931 -0.316514 0)
(3.04334 -0.31608 0)
(3.04916 -0.315857 0)
(2.57871 -0.368719 0)
(2.58861 -0.370404 0)
(2.59821 -0.372107 0)
(2.60688 -0.372988 0)
(2.61575 -0.373188 0)
(2.62463 -0.373731 0)
(2.63237 -0.374683 0)
(2.63268 -0.375886 0)
(2.62294 -0.374244 0)
(2.62174 -0.370544 0)
(2.62958 -0.368951 0)
(2.63861 -0.368749 0)
(2.64791 -0.368886 0)
(2.65679 -0.369384 0)
(2.66578 -0.370036 0)
(2.67447 -0.369734 0)
(2.68166 -0.368949 0)
(2.68109 -0.368112 0)
(2.66976 -0.366244 0)
(2.66962 -0.36564 0)
(2.6768 -0.366244 0)
(2.6834 -0.366528 0)
(2.69051 -0.366186 0)
(2.69784 -0.364902 0)
(2.70563 -0.362356 0)
(2.71378 -0.362742 0)
(2.72122 -0.364916 0)
(2.72656 -0.368319 0)
(2.72817 -0.371518 0)
(2.72491 -0.372731 0)
(2.72117 -0.369211 0)
(2.72292 -0.363073 0)
(2.7273 -0.359725 0)
(2.73313 -0.358251 0)
(2.74045 -0.357131 0)
(2.74796 -0.355422 0)
(2.75469 -0.35369 0)
(2.76079 -0.354184 0)
(2.76451 -0.355888 0)
(2.76242 -0.360991 0)
(2.76494 -0.364456 0)
(2.77096 -0.363116 0)
(2.77679 -0.359747 0)
(2.78234 -0.356276 0)
(2.78738 -0.353767 0)
(2.78982 -0.350651 0)
(2.78621 -0.347279 0)
(2.78357 -0.346837 0)
(2.78672 -0.348473 0)
(2.79218 -0.348907 0)
(2.79863 -0.349036 0)
(2.80581 -0.349116 0)
(2.81279 -0.349537 0)
(2.81904 -0.34983 0)
(2.82533 -0.349278 0)
(2.83102 -0.348907 0)
(2.83677 -0.349403 0)
(2.8416 -0.348737 0)
(2.83863 -0.3459 0)
(2.83407 -0.344432 0)
(2.8393 -0.345483 0)
(2.84505 -0.346133 0)
(2.85081 -0.345285 0)
(2.85721 -0.344493 0)
(2.86302 -0.344628 0)
(2.86526 -0.345468 0)
(2.8599 -0.34542 0)
(2.8607 -0.345158 0)
(2.86637 -0.343974 0)
(2.87115 -0.342443 0)
(2.87687 -0.34048 0)
(2.88322 -0.338799 0)
(2.88942 -0.338261 0)
(2.89494 -0.338806 0)
(2.89885 -0.339663 0)
(2.89762 -0.339536 0)
(2.89061 -0.338261 0)
(2.89226 -0.336931 0)
(2.89691 -0.334902 0)
(2.90131 -0.332374 0)
(2.90604 -0.330029 0)
(2.91155 -0.328908 0)
(2.91732 -0.328883 0)
(2.92325 -0.329696 0)
(2.92951 -0.330673 0)
(2.9358 -0.331636 0)
(2.94132 -0.332618 0)
(2.94601 -0.333463 0)
(2.94904 -0.335355 0)
(2.94876 -0.338371 0)
(2.9489 -0.336871 0)
(2.94981 -0.330779 0)
(2.94929 -0.322073 0)
(2.95002 -0.315452 0)
(2.95433 -0.314701 0)
(2.95923 -0.316014 0)
(2.96473 -0.317106 0)
(2.96997 -0.31811 0)
(2.97334 -0.320529 0)
(2.97457 -0.323649 0)
(2.9759 -0.32527 0)
(2.97899 -0.326835 0)
(2.9823 -0.327634 0)
(2.98797 -0.326333 0)
(2.99348 -0.324884 0)
(2.99901 -0.324439 0)
(3.00342 -0.323656 0)
(3.00054 -0.319046 0)
(2.99249 -0.311403 0)
(2.99329 -0.308527 0)
(2.99751 -0.308509 0)
(3.00181 -0.309154 0)
(3.00632 -0.309817 0)
(3.01059 -0.310331 0)
(3.01434 -0.310965 0)
(3.01931 -0.311794 0)
(3.02335 -0.312504 0)
(3.02724 -0.312675 0)
(3.03168 -0.311891 0)
(3.03615 -0.310786 0)
(3.03708 -0.308776 0)
(3.03177 -0.303698 0)
(3.02791 -0.300252 0)
(3.03053 -0.299403 0)
(3.03433 -0.299747 0)
(3.03831 -0.301098 0)
(3.04378 -0.302536 0)
(3.04763 -0.30277 0)
(3.054 -0.303061 0)
(2.57985 -0.352825 0)
(2.58813 -0.35276 0)
(2.59723 -0.352219 0)
(2.60789 -0.352791 0)
(2.61939 -0.354715 0)
(2.62866 -0.356832 0)
(2.63706 -0.359143 0)
(2.63772 -0.361122 0)
(2.62842 -0.360149 0)
(2.62602 -0.356907 0)
(2.63138 -0.353717 0)
(2.63826 -0.351004 0)
(2.6467 -0.349856 0)
(2.65682 -0.350591 0)
(2.66661 -0.351854 0)
(2.6759 -0.353126 0)
(2.68397 -0.354977 0)
(2.68472 -0.357636 0)
(2.67457 -0.356202 0)
(2.67082 -0.35011 0)
(2.67584 -0.346745 0)
(2.68323 -0.345493 0)
(2.69144 -0.3458 0)
(2.70011 -0.34597 0)
(2.70827 -0.345958 0)
(2.71701 -0.347205 0)
(2.7254 -0.349404 0)
(2.73048 -0.351759 0)
(2.72873 -0.353667 0)
(2.72139 -0.354804 0)
(2.72396 -0.353712 0)
(2.73035 -0.351802 0)
(2.7363 -0.348535 0)
(2.74129 -0.343909 0)
(2.74504 -0.339558 0)
(2.74826 -0.337373 0)
(2.75194 -0.337493 0)
(2.75519 -0.338656 0)
(2.75559 -0.342406 0)
(2.75623 -0.344278 0)
(2.76232 -0.344387 0)
(2.76986 -0.344528 0)
(2.77931 -0.343292 0)
(2.78778 -0.341737 0)
(2.79525 -0.341433 0)
(2.79956 -0.340458 0)
(2.79466 -0.33672 0)
(2.78395 -0.332922 0)
(2.78759 -0.33305 0)
(2.79398 -0.334133 0)
(2.79971 -0.334501 0)
(2.80704 -0.333386 0)
(2.81461 -0.332145 0)
(2.8215 -0.331928 0)
(2.82857 -0.33231 0)
(2.8361 -0.332925 0)
(2.8424 -0.334129 0)
(2.84379 -0.336664 0)
(2.84185 -0.337755 0)
(2.84161 -0.334133 0)
(2.84465 -0.329825 0)
(2.84799 -0.328082 0)
(2.8509 -0.328639 0)
(2.85369 -0.329927 0)
(2.85687 -0.331201 0)
(2.85977 -0.332445 0)
(2.86129 -0.332048 0)
(2.86084 -0.327798 0)
(2.8633 -0.325191 0)
(2.86896 -0.324564 0)
(2.87484 -0.324271 0)
(2.88048 -0.323918 0)
(2.88561 -0.324235 0)
(2.88973 -0.32532 0)
(2.89233 -0.326839 0)
(2.89374 -0.32783 0)
(2.89549 -0.324843 0)
(2.89725 -0.319483 0)
(2.8993 -0.315989 0)
(2.90227 -0.314811 0)
(2.90578 -0.314277 0)
(2.90967 -0.313359 0)
(2.91376 -0.313212 0)
(2.91834 -0.314245 0)
(2.92379 -0.315896 0)
(2.92944 -0.317748 0)
(2.93494 -0.319717 0)
(2.93917 -0.322013 0)
(2.94187 -0.322913 0)
(2.94613 -0.32108 0)
(2.95251 -0.318334 0)
(2.95805 -0.314292 0)
(2.96058 -0.307691 0)
(2.95603 -0.301438 0)
(2.95137 -0.301058 0)
(2.9542 -0.303242 0)
(2.95796 -0.305298 0)
(2.96118 -0.307187 0)
(2.96437 -0.3084 0)
(2.97042 -0.309136 0)
(2.97543 -0.311274 0)
(2.97986 -0.313649 0)
(2.98523 -0.313748 0)
(2.99117 -0.312118 0)
(2.99714 -0.310955 0)
(3.00298 -0.311394 0)
(3.00705 -0.31328 0)
(3.0052 -0.312197 0)
(2.99802 -0.304723 0)
(2.99614 -0.297496 0)
(2.99921 -0.295165 0)
(3.00346 -0.295638 0)
(3.00806 -0.296256 0)
(3.01269 -0.296595 0)
(3.01709 -0.296052 0)
(3.02122 -0.295606 0)
(3.02577 -0.295854 0)
(3.02993 -0.297436 0)
(3.03122 -0.299499 0)
(3.03321 -0.300234 0)
(3.03555 -0.299488 0)
(3.03576 -0.296408 0)
(3.03314 -0.290589 0)
(3.0327 -0.287704 0)
(3.03595 -0.288634 0)
(3.0411 -0.289486 0)
(3.04569 -0.289554 0)
(3.04951 -0.289108 0)
(3.05639 -0.289381 0)
(2.58542 -0.33579 0)
(2.5934 -0.335945 0)
(2.60336 -0.334648 0)
(2.613 -0.333146 0)
(2.62206 -0.334611 0)
(2.63104 -0.338634 0)
(2.6387 -0.342138 0)
(2.63827 -0.343723 0)
(2.62971 -0.344204 0)
(2.63235 -0.343685 0)
(2.63925 -0.342491 0)
(2.6465 -0.340942 0)
(2.65405 -0.338029 0)
(2.66162 -0.335129 0)
(2.66952 -0.334668 0)
(2.67659 -0.336582 0)
(2.6808 -0.339869 0)
(2.67936 -0.341822 0)
(2.67511 -0.34315 0)
(2.67773 -0.341757 0)
(2.6842 -0.338611 0)
(2.6904 -0.33432 0)
(2.69551 -0.329427 0)
(2.70052 -0.327192 0)
(2.70675 -0.328836 0)
(2.71304 -0.331397 0)
(2.71853 -0.333177 0)
(2.72151 -0.334845 0)
(2.72114 -0.338427 0)
(2.72304 -0.338767 0)
(2.72821 -0.335515 0)
(2.73411 -0.332658 0)
(2.7406 -0.330297 0)
(2.74674 -0.328206 0)
(2.75199 -0.326288 0)
(2.75573 -0.32494 0)
(2.75627 -0.324963 0)
(2.75241 -0.326569 0)
(2.75455 -0.329001 0)
(2.76239 -0.330471 0)
(2.7682 -0.329695 0)
(2.7742 -0.327845 0)
(2.7805 -0.326384 0)
(2.78778 -0.325688 0)
(2.79568 -0.325806 0)
(2.80193 -0.326789 0)
(2.80266 -0.326609 0)
(2.79351 -0.321582 0)
(2.78514 -0.317356 0)
(2.78903 -0.317225 0)
(2.79594 -0.31707 0)
(2.8028 -0.316449 0)
(2.80949 -0.315989 0)
(2.81603 -0.316449 0)
(2.82297 -0.317649 0)
(2.82996 -0.318754 0)
(2.83698 -0.319463 0)
(2.84283 -0.319838 0)
(2.84564 -0.318732 0)
(2.84563 -0.315366 0)
(2.84492 -0.313074 0)
(2.84751 -0.313348 0)
(2.85134 -0.313853 0)
(2.85446 -0.31377 0)
(2.85778 -0.314144 0)
(2.8609 -0.315172 0)
(2.86429 -0.316425 0)
(2.86766 -0.316813 0)
(2.87183 -0.314977 0)
(2.8765 -0.312533 0)
(2.88068 -0.310582 0)
(2.88419 -0.308886 0)
(2.8875 -0.307737 0)
(2.89095 -0.30808 0)
(2.89238 -0.309473 0)
(2.89395 -0.310812 0)
(2.89836 -0.31056 0)
(2.90354 -0.310922 0)
(2.90907 -0.309498 0)
(2.91289 -0.3053 0)
(2.91468 -0.300285 0)
(2.9166 -0.296462 0)
(2.91959 -0.294992 0)
(2.92296 -0.295831 0)
(2.92669 -0.298547 0)
(2.93203 -0.300685 0)
(2.93573 -0.303649 0)
(2.93912 -0.307177 0)
(2.9463 -0.309139 0)
(2.95185 -0.309082 0)
(2.95769 -0.306853 0)
(2.96398 -0.303268 0)
(2.96876 -0.297859 0)
(2.96605 -0.291182 0)
(2.95639 -0.286994 0)
(2.95492 -0.287909 0)
(2.95792 -0.289935 0)
(2.96125 -0.291791 0)
(2.9644 -0.293462 0)
(2.96676 -0.295028 0)
(2.96962 -0.297267 0)
(2.97453 -0.298604 0)
(2.97989 -0.299144 0)
(2.98627 -0.299368 0)
(2.99311 -0.29912 0)
(2.99897 -0.298683 0)
(3.00341 -0.297647 0)
(3.00692 -0.295991 0)
(3.00736 -0.29118 0)
(3.00099 -0.283948 0)
(2.99636 -0.281338 0)
(2.99865 -0.281207 0)
(3.0024 -0.281735 0)
(3.00667 -0.281877 0)
(3.01138 -0.281456 0)
(3.01655 -0.281323 0)
(3.02203 -0.282907 0)
(3.02627 -0.284916 0)
(3.03003 -0.286293 0)
(3.0339 -0.286264 0)
(3.0374 -0.284092 0)
(3.03851 -0.279885 0)
(3.03399 -0.275524 0)
(3.02913 -0.274569 0)
(3.03256 -0.275345 0)
(3.03695 -0.275897 0)
(3.04146 -0.275871 0)
(3.04557 -0.275953 0)
(3.05239 -0.276603 0)
(2.59314 -0.319837 0)
(2.59772 -0.314576 0)
(2.60418 -0.312935 0)
(2.61227 -0.313839 0)
(2.62002 -0.316111 0)
(2.62613 -0.319584 0)
(2.63144 -0.323525 0)
(2.63458 -0.329127 0)
(2.63468 -0.329761 0)
(2.63469 -0.325096 0)
(2.63987 -0.321566 0)
(2.64804 -0.320757 0)
(2.65701 -0.320822 0)
(2.6661 -0.319991 0)
(2.67374 -0.319345 0)
(2.67988 -0.321302 0)
(2.68216 -0.323536 0)
(2.67779 -0.327079 0)
(2.67629 -0.326222 0)
(2.68154 -0.323168 0)
(2.68795 -0.320222 0)
(2.69454 -0.317761 0)
(2.70086 -0.315744 0)
(2.70605 -0.313485 0)
(2.70986 -0.311974 0)
(2.71364 -0.313581 0)
(2.71614 -0.317112 0)
(2.71627 -0.320508 0)
(2.72039 -0.322291 0)
(2.72827 -0.322966 0)
(2.73478 -0.322102 0)
(2.7418 -0.320925 0)
(2.74852 -0.31893 0)
(2.75364 -0.315199 0)
(2.75678 -0.310921 0)
(2.75843 -0.308625 0)
(2.7585 -0.309725 0)
(2.75512 -0.313407 0)
(2.75331 -0.312555 0)
(2.75741 -0.31096 0)
(2.76535 -0.310572 0)
(2.77458 -0.311162 0)
(2.78316 -0.312434 0)
(2.7908 -0.314341 0)
(2.79812 -0.314962 0)
(2.80422 -0.313074 0)
(2.80796 -0.311593 0)
(2.80435 -0.308908 0)
(2.79451 -0.304429 0)
(2.79569 -0.301937 0)
(2.80118 -0.300613 0)
(2.80665 -0.299716 0)
(2.81232 -0.298638 0)
(2.81899 -0.298344 0)
(2.82682 -0.299747 0)
(2.83369 -0.30156 0)
(2.83986 -0.303558 0)
(2.84533 -0.30426 0)
(2.85144 -0.303559 0)
(2.85482 -0.303905 0)
(2.85399 -0.302617 0)
(2.85263 -0.300543 0)
(2.85433 -0.300081 0)
(2.8574 -0.299895 0)
(2.86006 -0.299977 0)
(2.8635 -0.299816 0)
(2.86801 -0.300364 0)
(2.87317 -0.301252 0)
(2.87702 -0.299984 0)
(2.87988 -0.296949 0)
(2.88286 -0.294919 0)
(2.88683 -0.294944 0)
(2.89119 -0.295343 0)
(2.89473 -0.295942 0)
(2.89768 -0.295613 0)
(2.89771 -0.294955 0)
(2.89751 -0.29597 0)
(2.90303 -0.296196 0)
(2.91012 -0.295977 0)
(2.91654 -0.294722 0)
(2.92045 -0.290297 0)
(2.92187 -0.284972 0)
(2.92479 -0.282892 0)
(2.9287 -0.282758 0)
(2.93119 -0.284061 0)
(2.93088 -0.287994 0)
(2.9376 -0.291903 0)
(2.94478 -0.293362 0)
(2.94937 -0.293134 0)
(2.95446 -0.291653 0)
(2.95995 -0.290193 0)
(2.96596 -0.288857 0)
(2.97164 -0.286438 0)
(2.97233 -0.281749 0)
(2.96337 -0.275837 0)
(2.95947 -0.274591 0)
(2.96305 -0.276102 0)
(2.96634 -0.277671 0)
(2.96937 -0.279262 0)
(2.97171 -0.280424 0)
(2.97349 -0.281233 0)
(2.9783 -0.282277 0)
(2.98356 -0.283374 0)
(2.98836 -0.284554 0)
(2.99323 -0.284957 0)
(2.99902 -0.284442 0)
(3.00549 -0.283817 0)
(3.01052 -0.283309 0)
(3.01429 -0.281598 0)
(3.01207 -0.276101 0)
(3.00367 -0.268472 0)
(3.0023 -0.265587 0)
(3.00585 -0.265625 0)
(3.0094 -0.266003 0)
(3.01301 -0.266652 0)
(3.01642 -0.268176 0)
(3.02227 -0.270885 0)
(3.02894 -0.272365 0)
(3.03395 -0.274132 0)
(3.0375 -0.274589 0)
(3.04194 -0.273552 0)
(3.04537 -0.270985 0)
(3.0424 -0.265727 0)
(3.03508 -0.260745 0)
(3.03738 -0.259828 0)
(3.04125 -0.260659 0)
(3.04551 -0.260582 0)
(3.0498 -0.260435 0)
(3.05658 -0.261118 0)
(2.60679 -0.313534 0)
(2.61248 -0.306737 0)
(2.61558 -0.301269 0)
(2.61862 -0.29859 0)
(2.62388 -0.298079 0)
(2.62816 -0.298905 0)
(2.62619 -0.306697 0)
(2.62965 -0.312142 0)
(2.63723 -0.313744 0)
(2.64407 -0.315212 0)
(2.65146 -0.31269 0)
(2.658 -0.308284 0)
(2.66331 -0.305776 0)
(2.6674 -0.304538 0)
(2.67049 -0.304653 0)
(2.67061 -0.306452 0)
(2.66931 -0.310954 0)
(2.67303 -0.311535 0)
(2.68052 -0.31033 0)
(2.68675 -0.307913 0)
(2.69297 -0.304746 0)
(2.69843 -0.301504 0)
(2.70251 -0.2992 0)
(2.70734 -0.29803 0)
(2.71218 -0.296677 0)
(2.71644 -0.29733 0)
(2.71957 -0.301714 0)
(2.71929 -0.30626 0)
(2.71874 -0.305284 0)
(2.72383 -0.303504 0)
(2.73181 -0.302032 0)
(2.74004 -0.300357 0)
(2.74801 -0.299099 0)
(2.75578 -0.298827 0)
(2.76213 -0.298123 0)
(2.7628 -0.297154 0)
(2.75535 -0.297853 0)
(2.75363 -0.298662 0)
(2.75992 -0.29882 0)
(2.76568 -0.298214 0)
(2.77125 -0.297071 0)
(2.77483 -0.295477 0)
(2.77963 -0.294946 0)
(2.78743 -0.295337 0)
(2.7952 -0.295991 0)
(2.80292 -0.297252 0)
(2.81061 -0.299551 0)
(2.81227 -0.300387 0)
(2.8038 -0.293977 0)
(2.7982 -0.286767 0)
(2.80444 -0.285003 0)
(2.81187 -0.285103 0)
(2.81842 -0.284943 0)
(2.8243 -0.284696 0)
(2.83081 -0.285323 0)
(2.83729 -0.286231 0)
(2.84395 -0.286863 0)
(2.84771 -0.28885 0)
(2.8489 -0.290835 0)
(2.85248 -0.29127 0)
(2.85706 -0.291149 0)
(2.86012 -0.288479 0)
(2.86028 -0.283932 0)
(2.85754 -0.282437 0)
(2.85587 -0.284395 0)
(2.85738 -0.286173 0)
(2.86272 -0.285913 0)
(2.87089 -0.284954 0)
(2.87836 -0.284811 0)
(2.88497 -0.284828 0)
(2.88994 -0.282954 0)
(2.89264 -0.280204 0)
(2.89247 -0.280123 0)
(2.89109 -0.281785 0)
(2.89122 -0.282434 0)
(2.89446 -0.280997 0)
(2.9005 -0.280898 0)
(2.90626 -0.28023 0)
(2.91102 -0.278763 0)
(2.91562 -0.276492 0)
(2.91889 -0.27382 0)
(2.91961 -0.271204 0)
(2.91972 -0.269435 0)
(2.92261 -0.269868 0)
(2.92671 -0.270977 0)
(2.93016 -0.272987 0)
(2.93593 -0.273854 0)
(2.94145 -0.273901 0)
(2.94753 -0.273752 0)
(2.95438 -0.27376 0)
(2.96078 -0.274092 0)
(2.9673 -0.274593 0)
(2.97334 -0.274941 0)
(2.97597 -0.273556 0)
(2.96895 -0.267695 0)
(2.96005 -0.261558 0)
(2.96242 -0.261039 0)
(2.9668 -0.262484 0)
(2.97124 -0.264701 0)
(2.97515 -0.267303 0)
(2.97884 -0.267805 0)
(2.98006 -0.267361 0)
(2.98292 -0.268761 0)
(2.98942 -0.26977 0)
(2.99453 -0.270666 0)
(2.99922 -0.27024 0)
(3.00434 -0.267714 0)
(3.00995 -0.267205 0)
(3.01484 -0.268439 0)
(3.01699 -0.268229 0)
(3.01296 -0.262424 0)
(3.00634 -0.254431 0)
(3.00708 -0.251627 0)
(3.01148 -0.251842 0)
(3.01641 -0.253424 0)
(3.02116 -0.255282 0)
(3.02571 -0.256241 0)
(3.03048 -0.256994 0)
(3.03472 -0.257939 0)
(3.03823 -0.259433 0)
(3.04172 -0.259574 0)
(3.04508 -0.258382 0)
(3.0461 -0.258553 0)
(3.04249 -0.255003 0)
(3.04167 -0.249568 0)
(3.04434 -0.249595 0)
(3.04862 -0.249485 0)
(3.05316 -0.249569 0)
(3.06059 -0.250363 0)
(2.61408 -0.300126 0)
(2.62225 -0.296334 0)
(2.62636 -0.2902 0)
(2.62554 -0.284558 0)
(2.62212 -0.285075 0)
(2.61863 -0.290718 0)
(2.622 -0.293189 0)
(2.63063 -0.293869 0)
(2.63837 -0.293994 0)
(2.64681 -0.293394 0)
(2.65679 -0.292451 0)
(2.66471 -0.292932 0)
(2.67242 -0.293618 0)
(2.67495 -0.292521 0)
(2.67099 -0.291748 0)
(2.66468 -0.292879 0)
(2.66785 -0.294224 0)
(2.67597 -0.29469 0)
(2.68327 -0.291923 0)
(2.69075 -0.289511 0)
(2.69807 -0.289062 0)
(2.70461 -0.288165 0)
(2.70888 -0.284385 0)
(2.71088 -0.280448 0)
(2.71075 -0.281052 0)
(2.70982 -0.283957 0)
(2.71096 -0.287047 0)
(2.71835 -0.290137 0)
(2.72534 -0.292253 0)
(2.73223 -0.292574 0)
(2.73934 -0.29066 0)
(2.7459 -0.286948 0)
(2.75222 -0.28344 0)
(2.75837 -0.281405 0)
(2.76376 -0.281193 0)
(2.76508 -0.282723 0)
(2.75874 -0.285258 0)
(2.75432 -0.282583 0)
(2.75814 -0.280372 0)
(2.76539 -0.279682 0)
(2.77391 -0.279952 0)
(2.78135 -0.280634 0)
(2.78813 -0.280995 0)
(2.79422 -0.279841 0)
(2.79907 -0.279051 0)
(2.80313 -0.282555 0)
(2.80653 -0.28609 0)
(2.8095 -0.287297 0)
(2.80968 -0.285671 0)
(2.80669 -0.278265 0)
(2.80531 -0.270158 0)
(2.80907 -0.266613 0)
(2.81561 -0.265882 0)
(2.82198 -0.266839 0)
(2.82702 -0.268183 0)
(2.83353 -0.269554 0)
(2.8394 -0.272159 0)
(2.84435 -0.274775 0)
(2.84882 -0.275841 0)
(2.85362 -0.274757 0)
(2.85876 -0.273425 0)
(2.86418 -0.272725 0)
(2.86815 -0.271497 0)
(2.86644 -0.269623 0)
(2.85828 -0.269899 0)
(2.85905 -0.272081 0)
(2.86543 -0.272491 0)
(2.87146 -0.27172 0)
(2.87815 -0.269506 0)
(2.88557 -0.266873 0)
(2.89281 -0.266209 0)
(2.8996 -0.26689 0)
(2.90158 -0.267137 0)
(2.89388 -0.266789 0)
(2.89382 -0.268232 0)
(2.89842 -0.268337 0)
(2.90293 -0.266286 0)
(2.90874 -0.265205 0)
(2.91506 -0.265305 0)
(2.92072 -0.265593 0)
(2.92454 -0.263766 0)
(2.9235 -0.258058 0)
(2.92018 -0.254257 0)
(2.92307 -0.255309 0)
(2.92773 -0.257616 0)
(2.93233 -0.258303 0)
(2.93779 -0.258731 0)
(2.94415 -0.25952 0)
(2.95119 -0.260148 0)
(2.95802 -0.260691 0)
(2.96458 -0.261145 0)
(2.97084 -0.261541 0)
(2.97654 -0.262003 0)
(2.97895 -0.261576 0)
(2.97203 -0.25752 0)
(2.96218 -0.251329 0)
(2.96403 -0.249554 0)
(2.96936 -0.251074 0)
(2.97415 -0.252565 0)
(2.97828 -0.253467 0)
(2.97964 -0.252861 0)
(2.98105 -0.252497 0)
(2.98649 -0.252353 0)
(2.99261 -0.252259 0)
(2.99691 -0.252508 0)
(3.00132 -0.253492 0)
(3.0059 -0.253486 0)
(3.01255 -0.253158 0)
(3.01829 -0.253424 0)
(3.02141 -0.254187 0)
(3.0189 -0.252123 0)
(3.01164 -0.246068 0)
(3.0096 -0.241736 0)
(3.01368 -0.241489 0)
(3.01873 -0.242938 0)
(3.02383 -0.244051 0)
(3.02915 -0.244735 0)
(3.03452 -0.245612 0)
(3.03999 -0.24615 0)
(3.045 -0.246318 0)
(3.04825 -0.245739 0)
(3.04981 -0.242893 0)
(3.05007 -0.240018 0)
(3.04738 -0.237811 0)
(3.0417 -0.235492 0)
(3.04078 -0.237808 0)
(3.0435 -0.23757 0)
(3.04719 -0.237867 0)
(3.05357 -0.238552 0)
(2.61784 -0.280258 0)
(2.62792 -0.2772 0)
(2.63451 -0.273698 0)
(2.62949 -0.272056 0)
(2.61564 -0.275818 0)
(2.61369 -0.278483 0)
(2.62214 -0.277893 0)
(2.63083 -0.277148 0)
(2.63914 -0.276343 0)
(2.64691 -0.274611 0)
(2.65534 -0.274728 0)
(2.66424 -0.27483 0)
(2.67225 -0.274885 0)
(2.67807 -0.275879 0)
(2.67761 -0.278 0)
(2.66991 -0.280121 0)
(2.66867 -0.277351 0)
(2.67319 -0.27439 0)
(2.67942 -0.27235 0)
(2.68677 -0.270354 0)
(2.69471 -0.26847 0)
(2.703 -0.267524 0)
(2.71086 -0.267274 0)
(2.71667 -0.266421 0)
(2.71649 -0.26758 0)
(2.71019 -0.270559 0)
(2.71017 -0.271384 0)
(2.7169 -0.270664 0)
(2.72502 -0.270596 0)
(2.73334 -0.270935 0)
(2.74269 -0.270556 0)
(2.75091 -0.269454 0)
(2.7584 -0.26934 0)
(2.76529 -0.268473 0)
(2.76769 -0.267857 0)
(2.7618 -0.269956 0)
(2.75655 -0.271334 0)
(2.76039 -0.271668 0)
(2.7663 -0.270138 0)
(2.77217 -0.267212 0)
(2.77606 -0.263678 0)
(2.77951 -0.26178 0)
(2.78659 -0.261886 0)
(2.79377 -0.262562 0)
(2.80105 -0.264467 0)
(2.80766 -0.266865 0)
(2.80999 -0.268949 0)
(2.81062 -0.270791 0)
(2.81341 -0.270488 0)
(2.81592 -0.267685 0)
(2.81603 -0.26176 0)
(2.81664 -0.255954 0)
(2.82033 -0.253141 0)
(2.82523 -0.252108 0)
(2.82798 -0.252414 0)
(2.82951 -0.256782 0)
(2.8375 -0.259817 0)
(2.84596 -0.26137 0)
(2.85326 -0.262815 0)
(2.85938 -0.262107 0)
(2.86493 -0.259264 0)
(2.86994 -0.256348 0)
(2.87226 -0.254614 0)
(2.86601 -0.254794 0)
(2.85663 -0.256419 0)
(2.85897 -0.257303 0)
(2.86441 -0.257087 0)
(2.87057 -0.256561 0)
(2.8776 -0.254719 0)
(2.88506 -0.252805 0)
(2.89341 -0.252153 0)
(2.90132 -0.252938 0)
(2.90612 -0.254145 0)
(2.90329 -0.253129 0)
(2.8962 -0.249886 0)
(2.89654 -0.25023 0)
(2.90153 -0.250758 0)
(2.90722 -0.251153 0)
(2.91272 -0.251652 0)
(2.91763 -0.251791 0)
(2.92271 -0.251214 0)
(2.92714 -0.249666 0)
(2.92679 -0.245488 0)
(2.92081 -0.242281 0)
(2.92252 -0.242703 0)
(2.92764 -0.243316 0)
(2.93322 -0.244147 0)
(2.93976 -0.245295 0)
(2.94639 -0.24621 0)
(2.95297 -0.246867 0)
(2.95944 -0.24741 0)
(2.96589 -0.247952 0)
(2.97214 -0.248328 0)
(2.97721 -0.248144 0)
(2.97721 -0.245975 0)
(2.96702 -0.240837 0)
(2.9598 -0.238805 0)
(2.96306 -0.238818 0)
(2.96762 -0.238745 0)
(2.97223 -0.238495 0)
(2.9772 -0.238787 0)
(2.98276 -0.239335 0)
(2.98943 -0.239305 0)
(2.99542 -0.238264 0)
(3.00131 -0.236536 0)
(3.00632 -0.235612 0)
(3.00809 -0.237171 0)
(3.01084 -0.238287 0)
(3.01517 -0.238731 0)
(3.01906 -0.238754 0)
(3.0213 -0.238519 0)
(3.01899 -0.235721 0)
(3.01189 -0.231521 0)
(3.01048 -0.230993 0)
(3.01426 -0.231802 0)
(3.01872 -0.232518 0)
(3.02358 -0.233142 0)
(3.02886 -0.233362 0)
(3.03471 -0.232372 0)
(3.03936 -0.230253 0)
(3.04457 -0.228088 0)
(3.04972 -0.227149 0)
(3.05451 -0.227688 0)
(3.05725 -0.228419 0)
(3.05244 -0.225379 0)
(3.04568 -0.225586 0)
(3.04599 -0.223661 0)
(3.04883 -0.223286 0)
(3.05342 -0.223977 0)
(2.62259 -0.263784 0)
(2.63301 -0.264737 0)
(2.6404 -0.264679 0)
(2.63247 -0.264358 0)
(2.61572 -0.265233 0)
(2.61877 -0.265086 0)
(2.62662 -0.263429 0)
(2.63434 -0.261028 0)
(2.64185 -0.25894 0)
(2.64951 -0.25849 0)
(2.65734 -0.258013 0)
(2.66443 -0.257089 0)
(2.67063 -0.256743 0)
(2.67473 -0.259066 0)
(2.67152 -0.261971 0)
(2.6668 -0.262245 0)
(2.67359 -0.262172 0)
(2.68029 -0.262061 0)
(2.68706 -0.26146 0)
(2.6942 -0.259089 0)
(2.70104 -0.255286 0)
(2.70771 -0.252076 0)
(2.71405 -0.251264 0)
(2.71594 -0.253374 0)
(2.71066 -0.255861 0)
(2.71036 -0.258241 0)
(2.71695 -0.258417 0)
(2.72299 -0.256881 0)
(2.72881 -0.254395 0)
(2.73474 -0.25208 0)
(2.74145 -0.250799 0)
(2.74927 -0.25051 0)
(2.7573 -0.250758 0)
(2.76491 -0.25163 0)
(2.76954 -0.254383 0)
(2.76381 -0.256486 0)
(2.75469 -0.254505 0)
(2.76018 -0.253102 0)
(2.76875 -0.252819 0)
(2.77661 -0.253003 0)
(2.78367 -0.252095 0)
(2.78869 -0.248136 0)
(2.79171 -0.245288 0)
(2.79342 -0.246819 0)
(2.79568 -0.250723 0)
(2.79839 -0.253594 0)
(2.80134 -0.254783 0)
(2.80776 -0.254156 0)
(2.81559 -0.253016 0)
(2.82221 -0.250848 0)
(2.82671 -0.245904 0)
(2.82506 -0.239399 0)
(2.81944 -0.237193 0)
(2.81852 -0.23862 0)
(2.82082 -0.239603 0)
(2.82701 -0.241414 0)
(2.83461 -0.242553 0)
(2.84099 -0.242999 0)
(2.84817 -0.242689 0)
(2.85752 -0.241776 0)
(2.86587 -0.241739 0)
(2.87425 -0.242746 0)
(2.8797 -0.243657 0)
(2.87297 -0.243512 0)
(2.86045 -0.242944 0)
(2.86238 -0.242176 0)
(2.86777 -0.241702 0)
(2.87383 -0.241429 0)
(2.88092 -0.241086 0)
(2.88935 -0.241556 0)
(2.89813 -0.242122 0)
(2.90508 -0.241506 0)
(2.90756 -0.238219 0)
(2.90438 -0.23462 0)
(2.90194 -0.234549 0)
(2.90475 -0.235845 0)
(2.90855 -0.236337 0)
(2.91237 -0.236456 0)
(2.91604 -0.236469 0)
(2.91979 -0.235989 0)
(2.9237 -0.234768 0)
(2.92742 -0.233143 0)
(2.92787 -0.230877 0)
(2.92368 -0.227706 0)
(2.92534 -0.22594 0)
(2.93072 -0.226136 0)
(2.9362 -0.226966 0)
(2.94204 -0.228065 0)
(2.94788 -0.228949 0)
(2.95377 -0.229873 0)
(2.95988 -0.231072 0)
(2.96609 -0.232445 0)
(2.97238 -0.233968 0)
(2.97799 -0.234867 0)
(2.98085 -0.233935 0)
(2.97458 -0.229622 0)
(2.96264 -0.224628 0)
(2.96161 -0.223436 0)
(2.96444 -0.22384 0)
(2.96801 -0.224652 0)
(2.97241 -0.225675 0)
(2.97688 -0.225275 0)
(2.98327 -0.224882 0)
(2.98939 -0.224602 0)
(2.99584 -0.223642 0)
(3.003 -0.222065 0)
(3.00983 -0.221622 0)
(3.01505 -0.221919 0)
(3.01924 -0.222584 0)
(3.02267 -0.223617 0)
(3.02512 -0.224806 0)
(3.02521 -0.225107 0)
(3.01927 -0.222396 0)
(3.01397 -0.218625 0)
(3.01636 -0.217792 0)
(3.02003 -0.217472 0)
(3.02393 -0.216945 0)
(3.02929 -0.216851 0)
(3.03468 -0.216666 0)
(3.03988 -0.21513 0)
(3.04493 -0.213782 0)
(3.05001 -0.21279 0)
(3.05458 -0.213842 0)
(3.05752 -0.215362 0)
(3.05772 -0.2163 0)
(3.05403 -0.217702 0)
(3.05252 -0.213399 0)
(3.05395 -0.210943 0)
(3.05708 -0.211268 0)
(2.62554 -0.243563 0)
(2.63482 -0.24967 0)
(2.64007 -0.2555 0)
(2.63124 -0.259298 0)
(2.61668 -0.253958 0)
(2.61725 -0.245467 0)
(2.62602 -0.242123 0)
(2.63544 -0.240325 0)
(2.64404 -0.239794 0)
(2.65245 -0.239998 0)
(2.66001 -0.240116 0)
(2.66703 -0.240413 0)
(2.67374 -0.241696 0)
(2.67707 -0.243388 0)
(2.6726 -0.24744 0)
(2.6679 -0.246446 0)
(2.67172 -0.242977 0)
(2.67933 -0.241129 0)
(2.6878 -0.240593 0)
(2.69688 -0.239948 0)
(2.70574 -0.238778 0)
(2.71375 -0.238496 0)
(2.72048 -0.238888 0)
(2.72029 -0.241325 0)
(2.71016 -0.242271 0)
(2.70989 -0.240347 0)
(2.7185 -0.239138 0)
(2.72717 -0.239098 0)
(2.73532 -0.239269 0)
(2.743 -0.239706 0)
(2.75007 -0.239134 0)
(2.75575 -0.237093 0)
(2.76121 -0.235669 0)
(2.7649 -0.23679 0)
(2.76432 -0.239757 0)
(2.76023 -0.242631 0)
(2.7595 -0.243018 0)
(2.76254 -0.239572 0)
(2.76693 -0.236503 0)
(2.77471 -0.23468 0)
(2.78353 -0.233682 0)
(2.79109 -0.232004 0)
(2.79758 -0.230533 0)
(2.80043 -0.230984 0)
(2.79799 -0.234438 0)
(2.79814 -0.238506 0)
(2.8058 -0.240597 0)
(2.81218 -0.240392 0)
(2.81869 -0.23762 0)
(2.82529 -0.235091 0)
(2.83173 -0.233069 0)
(2.83244 -0.229138 0)
(2.82132 -0.224173 0)
(2.81775 -0.223623 0)
(2.82387 -0.225005 0)
(2.82941 -0.225716 0)
(2.83609 -0.226054 0)
(2.84351 -0.226621 0)
(2.85229 -0.22759 0)
(2.86096 -0.228514 0)
(2.87002 -0.229483 0)
(2.87832 -0.230955 0)
(2.88296 -0.233129 0)
(2.87721 -0.234053 0)
(2.86345 -0.229507 0)
(2.86109 -0.225264 0)
(2.86566 -0.223591 0)
(2.87195 -0.223205 0)
(2.87931 -0.223896 0)
(2.8873 -0.224817 0)
(2.89557 -0.225506 0)
(2.90323 -0.226159 0)
(2.90889 -0.226686 0)
(2.90956 -0.225172 0)
(2.90488 -0.221341 0)
(2.90503 -0.219445 0)
(2.91103 -0.219835 0)
(2.91706 -0.220583 0)
(2.92255 -0.22149 0)
(2.92749 -0.222168 0)
(2.93239 -0.222682 0)
(2.93585 -0.223161 0)
(2.93365 -0.222351 0)
(2.92814 -0.218551 0)
(2.92935 -0.214761 0)
(2.93424 -0.213547 0)
(2.94005 -0.213808 0)
(2.94581 -0.214622 0)
(2.95152 -0.215277 0)
(2.9573 -0.215909 0)
(2.96313 -0.21727 0)
(2.96888 -0.219168 0)
(2.97472 -0.221163 0)
(2.98014 -0.223084 0)
(2.98319 -0.224607 0)
(2.98003 -0.222788 0)
(2.97144 -0.215716 0)
(2.96843 -0.21077 0)
(2.97044 -0.210056 0)
(2.97296 -0.210622 0)
(2.97561 -0.210607 0)
(2.97853 -0.209645 0)
(2.98337 -0.209065 0)
(2.99048 -0.209542 0)
(2.99762 -0.210175 0)
(3.00478 -0.209994 0)
(3.01199 -0.209913 0)
(3.01831 -0.209641 0)
(3.02312 -0.209421 0)
(3.02678 -0.209821 0)
(3.02938 -0.212021 0)
(3.02997 -0.215684 0)
(3.02624 -0.217497 0)
(3.02206 -0.214102 0)
(3.02291 -0.210034 0)
(3.02504 -0.207004 0)
(3.02713 -0.204365 0)
(3.03126 -0.203881 0)
(3.03572 -0.203284 0)
(3.04112 -0.202215 0)
(3.04697 -0.201624 0)
(3.05225 -0.200794 0)
(3.05606 -0.20125 0)
(3.05845 -0.202187 0)
(3.05946 -0.203402 0)
(3.05831 -0.207031 0)
(3.05651 -0.203643 0)
(3.05603 -0.198177 0)
(3.05729 -0.196547 0)
(2.62271 -0.224151 0)
(2.62906 -0.229062 0)
(2.62923 -0.23909 0)
(2.62409 -0.249273 0)
(2.62155 -0.248306 0)
(2.62637 -0.240007 0)
(2.63364 -0.231537 0)
(2.64073 -0.225252 0)
(2.6476 -0.221309 0)
(2.65418 -0.219136 0)
(2.66122 -0.219043 0)
(2.66819 -0.220526 0)
(2.67342 -0.222651 0)
(2.66835 -0.228676 0)
(2.66517 -0.232829 0)
(2.67291 -0.233819 0)
(2.68037 -0.232889 0)
(2.6882 -0.229471 0)
(2.69558 -0.224968 0)
(2.70252 -0.22203 0)
(2.70971 -0.220941 0)
(2.71612 -0.221734 0)
(2.71794 -0.224449 0)
(2.71386 -0.227397 0)
(2.71133 -0.229671 0)
(2.71464 -0.227219 0)
(2.72006 -0.224092 0)
(2.72627 -0.221409 0)
(2.73444 -0.220134 0)
(2.74362 -0.220339 0)
(2.75194 -0.22066 0)
(2.75933 -0.220703 0)
(2.76543 -0.220972 0)
(2.76863 -0.222138 0)
(2.76348 -0.223876 0)
(2.75658 -0.226381 0)
(2.76093 -0.227912 0)
(2.7675 -0.228421 0)
(2.77459 -0.22696 0)
(2.78153 -0.223021 0)
(2.78712 -0.219032 0)
(2.7913 -0.217851 0)
(2.79384 -0.218774 0)
(2.79467 -0.219971 0)
(2.79774 -0.221785 0)
(2.80525 -0.223313 0)
(2.81082 -0.223088 0)
(2.81719 -0.222107 0)
(2.82431 -0.22071 0)
(2.83086 -0.220331 0)
(2.83677 -0.219639 0)
(2.83767 -0.217476 0)
(2.82768 -0.213348 0)
(2.81746 -0.209181 0)
(2.81992 -0.208778 0)
(2.82665 -0.208952 0)
(2.83357 -0.209413 0)
(2.841 -0.210113 0)
(2.8492 -0.211812 0)
(2.8571 -0.214853 0)
(2.86481 -0.217224 0)
(2.87198 -0.2193 0)
(2.87584 -0.221686 0)
(2.87377 -0.222199 0)
(2.86807 -0.219416 0)
(2.86823 -0.213978 0)
(2.87195 -0.210344 0)
(2.87655 -0.209058 0)
(2.88304 -0.209699 0)
(2.89033 -0.210881 0)
(2.89776 -0.211478 0)
(2.90497 -0.211272 0)
(2.90995 -0.211117 0)
(2.91057 -0.212287 0)
(2.90914 -0.213311 0)
(2.91078 -0.209625 0)
(2.91449 -0.205557 0)
(2.91839 -0.202524 0)
(2.92313 -0.201148 0)
(2.92802 -0.201482 0)
(2.93229 -0.202485 0)
(2.93493 -0.203446 0)
(2.93342 -0.203578 0)
(2.92775 -0.202368 0)
(2.92692 -0.201274 0)
(2.93065 -0.200365 0)
(2.93521 -0.199916 0)
(2.94072 -0.200383 0)
(2.94659 -0.201076 0)
(2.95261 -0.201653 0)
(2.95882 -0.202745 0)
(2.9648 -0.20494 0)
(2.96987 -0.207667 0)
(2.97413 -0.209545 0)
(2.97744 -0.20921 0)
(2.97939 -0.20702 0)
(2.97744 -0.202357 0)
(2.97024 -0.196711 0)
(2.96929 -0.195231 0)
(2.97436 -0.195932 0)
(2.97981 -0.197047 0)
(2.98521 -0.197821 0)
(2.99069 -0.197699 0)
(2.99536 -0.197056 0)
(2.99861 -0.197275 0)
(3.00126 -0.198389 0)
(3.00541 -0.198207 0)
(3.01038 -0.1979 0)
(3.01539 -0.197592 0)
(3.01978 -0.197316 0)
(3.02306 -0.197724 0)
(3.02585 -0.199515 0)
(3.02787 -0.201387 0)
(3.02849 -0.19955 0)
(3.02752 -0.195288 0)
(3.02556 -0.191815 0)
(3.02446 -0.189612 0)
(3.02614 -0.18944 0)
(3.02994 -0.189945 0)
(3.03429 -0.190157 0)
(3.03944 -0.190085 0)
(3.04414 -0.189247 0)
(3.04827 -0.189673 0)
(3.05194 -0.190464 0)
(3.05489 -0.19091 0)
(3.05691 -0.193149 0)
(3.05918 -0.192109 0)
(3.06034 -0.188236 0)
(3.0619 -0.185865 0)
(2.6223 -0.204848 0)
(2.62003 -0.216164 0)
(2.6136 -0.227995 0)
(2.61866 -0.230689 0)
(2.62744 -0.231057 0)
(2.63521 -0.22884 0)
(2.6424 -0.222846 0)
(2.64907 -0.216221 0)
(2.65544 -0.209933 0)
(2.6611 -0.204144 0)
(2.66578 -0.20066 0)
(2.66792 -0.201258 0)
(2.66388 -0.208914 0)
(2.6592 -0.214695 0)
(2.66256 -0.213725 0)
(2.67043 -0.211322 0)
(2.68022 -0.210114 0)
(2.69099 -0.209466 0)
(2.70181 -0.208909 0)
(2.70991 -0.20899 0)
(2.71737 -0.208815 0)
(2.72206 -0.209181 0)
(2.71913 -0.2107 0)
(2.70997 -0.212926 0)
(2.71357 -0.213468 0)
(2.72067 -0.213416 0)
(2.72752 -0.213448 0)
(2.73443 -0.212307 0)
(2.7409 -0.208703 0)
(2.74794 -0.204909 0)
(2.75509 -0.203138 0)
(2.76129 -0.202723 0)
(2.76478 -0.203721 0)
(2.76262 -0.206178 0)
(2.75776 -0.211019 0)
(2.75868 -0.211727 0)
(2.76255 -0.209635 0)
(2.76776 -0.207721 0)
(2.77425 -0.20634 0)
(2.7816 -0.205673 0)
(2.78937 -0.205353 0)
(2.79511 -0.205104 0)
(2.7949 -0.206471 0)
(2.79459 -0.207163 0)
(2.79955 -0.205248 0)
(2.80519 -0.202731 0)
(2.81232 -0.201399 0)
(2.81951 -0.201131 0)
(2.8265 -0.201655 0)
(2.8333 -0.202633 0)
(2.83855 -0.204485 0)
(2.8407 -0.205631 0)
(2.83559 -0.203643 0)
(2.82707 -0.198215 0)
(2.82721 -0.19366 0)
(2.83321 -0.191671 0)
(2.84067 -0.191414 0)
(2.84787 -0.192072 0)
(2.85447 -0.193445 0)
(2.8601 -0.196387 0)
(2.86453 -0.200373 0)
(2.86916 -0.203504 0)
(2.87313 -0.205973 0)
(2.87484 -0.205911 0)
(2.87477 -0.201261 0)
(2.87316 -0.195418 0)
(2.87282 -0.193087 0)
(2.87553 -0.193563 0)
(2.8802 -0.194425 0)
(2.88607 -0.195624 0)
(2.89242 -0.197044 0)
(2.89865 -0.197873 0)
(2.90289 -0.198307 0)
(2.90381 -0.198646 0)
(2.90746 -0.197662 0)
(2.91406 -0.196829 0)
(2.91953 -0.194761 0)
(2.92434 -0.191172 0)
(2.929 -0.188335 0)
(2.93403 -0.187511 0)
(2.93811 -0.188216 0)
(2.9403 -0.190221 0)
(2.93983 -0.191851 0)
(2.93477 -0.191427 0)
(2.93167 -0.189467 0)
(2.93369 -0.187012 0)
(2.93734 -0.18495 0)
(2.94276 -0.184028 0)
(2.94981 -0.184585 0)
(2.95617 -0.185257 0)
(2.96272 -0.186025 0)
(2.96876 -0.187581 0)
(2.97307 -0.190332 0)
(2.97613 -0.193374 0)
(2.9801 -0.195293 0)
(2.98418 -0.195587 0)
(2.98565 -0.194074 0)
(2.97941 -0.189068 0)
(2.97443 -0.183399 0)
(2.9774 -0.181089 0)
(2.98118 -0.180269 0)
(2.98579 -0.179858 0)
(2.99131 -0.180058 0)
(2.99703 -0.18111 0)
(3.0014 -0.182965 0)
(3.00308 -0.183971 0)
(3.00499 -0.183164 0)
(3.00863 -0.182537 0)
(3.01311 -0.182009 0)
(3.01747 -0.181708 0)
(3.0204 -0.182318 0)
(3.02191 -0.183945 0)
(3.02517 -0.185651 0)
(3.02931 -0.18669 0)
(3.03291 -0.187016 0)
(3.03322 -0.18324 0)
(3.02929 -0.176298 0)
(3.02837 -0.172882 0)
(3.03168 -0.173081 0)
(3.03421 -0.173992 0)
(3.03699 -0.17433 0)
(3.04131 -0.173861 0)
(3.04626 -0.174403 0)
(3.0507 -0.175009 0)
(3.05429 -0.174492 0)
(3.05687 -0.174595 0)
(3.05913 -0.172552 0)
(3.06022 -0.17085 0)
(3.06178 -0.171896 0)
(2.61233 -0.196784 0)
(2.60738 -0.207271 0)
(2.61201 -0.20992 0)
(2.62005 -0.209625 0)
(2.62791 -0.206738 0)
(2.63798 -0.203041 0)
(2.64709 -0.19951 0)
(2.6561 -0.197136 0)
(2.66404 -0.194194 0)
(2.66856 -0.191211 0)
(2.66778 -0.191261 0)
(2.66032 -0.195737 0)
(2.65714 -0.19941 0)
(2.66444 -0.200952 0)
(2.67166 -0.200891 0)
(2.67943 -0.199466 0)
(2.6875 -0.196573 0)
(2.69445 -0.192031 0)
(2.7021 -0.189271 0)
(2.71052 -0.189229 0)
(2.71781 -0.190609 0)
(2.72068 -0.193589 0)
(2.71549 -0.197299 0)
(2.71108 -0.198649 0)
(2.7135 -0.195597 0)
(2.71892 -0.192984 0)
(2.72705 -0.190965 0)
(2.73593 -0.190696 0)
(2.74476 -0.189817 0)
(2.75194 -0.188792 0)
(2.75939 -0.189417 0)
(2.7654 -0.190889 0)
(2.76425 -0.192717 0)
(2.7564 -0.197133 0)
(2.75779 -0.198884 0)
(2.76475 -0.199038 0)
(2.77137 -0.198033 0)
(2.77789 -0.195939 0)
(2.78388 -0.193906 0)
(2.78929 -0.192896 0)
(2.79331 -0.192697 0)
(2.79255 -0.19355 0)
(2.79164 -0.195192 0)
(2.7988 -0.195925 0)
(2.80485 -0.19393 0)
(2.8111 -0.189483 0)
(2.81765 -0.186569 0)
(2.82469 -0.186041 0)
(2.83139 -0.186476 0)
(2.83714 -0.187158 0)
(2.84166 -0.1877 0)
(2.84203 -0.190665 0)
(2.83842 -0.195154 0)
(2.83582 -0.193873 0)
(2.83698 -0.188011 0)
(2.84131 -0.181786 0)
(2.84703 -0.178117 0)
(2.85387 -0.178601 0)
(2.86052 -0.179581 0)
(2.86653 -0.18089 0)
(2.87079 -0.184106 0)
(2.8732 -0.188425 0)
(2.87539 -0.191272 0)
(2.87865 -0.191606 0)
(2.88243 -0.190403 0)
(2.88466 -0.187113 0)
(2.88489 -0.182374 0)
(2.88467 -0.179279 0)
(2.88576 -0.178462 0)
(2.88888 -0.178987 0)
(2.89425 -0.179979 0)
(2.89765 -0.182406 0)
(2.8993 -0.183596 0)
(2.90382 -0.182589 0)
(2.91007 -0.180262 0)
(2.91499 -0.178055 0)
(2.92009 -0.176114 0)
(2.92413 -0.174963 0)
(2.92673 -0.174488 0)
(2.92899 -0.174032 0)
(2.93184 -0.173688 0)
(2.93475 -0.173795 0)
(2.93673 -0.176228 0)
(2.93812 -0.179199 0)
(2.93858 -0.178891 0)
(2.94016 -0.176969 0)
(2.94388 -0.175115 0)
(2.94812 -0.172741 0)
(2.95363 -0.172023 0)
(2.96002 -0.173085 0)
(2.96647 -0.174159 0)
(2.97296 -0.17512 0)
(2.97867 -0.176386 0)
(2.98348 -0.177931 0)
(2.98718 -0.179389 0)
(2.99013 -0.181062 0)
(2.99041 -0.181897 0)
(2.98476 -0.178809 0)
(2.97903 -0.171816 0)
(2.98069 -0.167999 0)
(2.98511 -0.167608 0)
(2.99054 -0.16772 0)
(2.99658 -0.168382 0)
(3.0023 -0.170149 0)
(3.00685 -0.172112 0)
(3.0084 -0.171696 0)
(3.00898 -0.169913 0)
(3.0122 -0.169468 0)
(3.01647 -0.168724 0)
(3.01961 -0.167458 0)
(3.02191 -0.16688 0)
(3.02331 -0.168145 0)
(3.02504 -0.169661 0)
(3.0279 -0.171227 0)
(3.0314 -0.172232 0)
(3.03464 -0.172166 0)
(3.03452 -0.168602 0)
(3.02922 -0.16212 0)
(3.02921 -0.159401 0)
(3.03478 -0.159487 0)
(3.039 -0.16028 0)
(3.0431 -0.161741 0)
(3.04784 -0.162404 0)
(3.05283 -0.162669 0)
(3.05736 -0.162033 0)
(3.06159 -0.16187 0)
(3.06507 -0.161737 0)
(3.06683 -0.160633 0)
(3.06737 -0.159624 0)
(2.60267 -0.189672 0)
(2.60743 -0.19239 0)
(2.6169 -0.192683 0)
(2.62542 -0.191729 0)
(2.63633 -0.189169 0)
(2.64816 -0.183286 0)
(2.6545 -0.180038 0)
(2.66323 -0.178339 0)
(2.6718 -0.176779 0)
(2.67437 -0.177532 0)
(2.66537 -0.181742 0)
(2.65482 -0.186374 0)
(2.65631 -0.184716 0)
(2.66213 -0.180741 0)
(2.66972 -0.177828 0)
(2.67883 -0.17653 0)
(2.68842 -0.17566 0)
(2.69921 -0.174246 0)
(2.70691 -0.174075 0)
(2.71524 -0.175342 0)
(2.72191 -0.178173 0)
(2.72003 -0.181672 0)
(2.71184 -0.185922 0)
(2.71537 -0.186962 0)
(2.72211 -0.185925 0)
(2.72911 -0.18334 0)
(2.73558 -0.177951 0)
(2.74098 -0.171759 0)
(2.74747 -0.168876 0)
(2.75394 -0.170255 0)
(2.75796 -0.173722 0)
(2.75951 -0.177482 0)
(2.75603 -0.182918 0)
(2.75418 -0.184829 0)
(2.75945 -0.182465 0)
(2.76477 -0.179623 0)
(2.77098 -0.176751 0)
(2.77782 -0.174172 0)
(2.78484 -0.172683 0)
(2.79151 -0.173272 0)
(2.79505 -0.176559 0)
(2.79351 -0.180364 0)
(2.7909 -0.178764 0)
(2.79461 -0.174642 0)
(2.80123 -0.172391 0)
(2.80892 -0.171119 0)
(2.81622 -0.170757 0)
(2.82215 -0.170993 0)
(2.82721 -0.171725 0)
(2.83119 -0.173088 0)
(2.83299 -0.176032 0)
(2.83365 -0.179314 0)
(2.83606 -0.179176 0)
(2.84096 -0.177552 0)
(2.84533 -0.17362 0)
(2.84673 -0.167765 0)
(2.84549 -0.164199 0)
(2.84795 -0.163521 0)
(2.85368 -0.164893 0)
(2.85899 -0.166271 0)
(2.8643 -0.168015 0)
(2.86898 -0.17106 0)
(2.87252 -0.174972 0)
(2.87583 -0.178137 0)
(2.88036 -0.179328 0)
(2.88649 -0.178695 0)
(2.89132 -0.176377 0)
(2.89367 -0.171967 0)
(2.89468 -0.167921 0)
(2.89408 -0.166059 0)
(2.89194 -0.166809 0)
(2.8977 -0.16805 0)
(2.90493 -0.1689 0)
(2.90997 -0.167704 0)
(2.91552 -0.166205 0)
(2.92204 -0.166326 0)
(2.9277 -0.166307 0)
(2.9301 -0.163647 0)
(2.92851 -0.159378 0)
(2.92671 -0.158395 0)
(2.92678 -0.161309 0)
(2.92801 -0.164273 0)
(2.92986 -0.166371 0)
(2.93486 -0.1664 0)
(2.94088 -0.165311 0)
(2.94526 -0.162489 0)
(2.94744 -0.158048 0)
(2.94771 -0.156215 0)
(2.94833 -0.157323 0)
(2.95368 -0.159043 0)
(2.95922 -0.160865 0)
(2.9647 -0.161744 0)
(2.97104 -0.161339 0)
(2.97689 -0.160916 0)
(2.98273 -0.161352 0)
(2.98785 -0.162289 0)
(2.991 -0.163023 0)
(2.99022 -0.161716 0)
(2.98329 -0.158042 0)
(2.97833 -0.156176 0)
(2.98128 -0.156105 0)
(2.98588 -0.156921 0)
(2.99081 -0.157982 0)
(2.99606 -0.158661 0)
(3.00244 -0.158746 0)
(3.00845 -0.158938 0)
(3.01382 -0.158542 0)
(3.01587 -0.15536 0)
(3.016 -0.153169 0)
(3.02012 -0.15334 0)
(3.02372 -0.153232 0)
(3.02629 -0.154212 0)
(3.02843 -0.15634 0)
(3.03139 -0.157723 0)
(3.035 -0.157695 0)
(3.03844 -0.15713 0)
(3.03956 -0.155626 0)
(3.03512 -0.150646 0)
(3.03213 -0.145432 0)
(3.03363 -0.144243 0)
(3.03607 -0.14585 0)
(3.03926 -0.147741 0)
(3.0433 -0.14919 0)
(3.04802 -0.149694 0)
(3.05275 -0.150067 0)
(3.0565 -0.150565 0)
(3.06051 -0.149014 0)
(3.0644 -0.148012 0)
(3.07092 -0.148559 0)
(2.60319 -0.177224 0)
(2.61155 -0.176662 0)
(2.61869 -0.173343 0)
(2.62744 -0.168387 0)
(2.63864 -0.162615 0)
(2.64955 -0.1591 0)
(2.65987 -0.159276 0)
(2.66851 -0.160764 0)
(2.67585 -0.163385 0)
(2.67638 -0.166393 0)
(2.66233 -0.173682 0)
(2.65819 -0.176565 0)
(2.66451 -0.174753 0)
(2.67187 -0.17151 0)
(2.67946 -0.166388 0)
(2.68596 -0.160387 0)
(2.69223 -0.155947 0)
(2.69982 -0.154478 0)
(2.70806 -0.155329 0)
(2.71405 -0.157457 0)
(2.71566 -0.161183 0)
(2.71082 -0.168754 0)
(2.70871 -0.170046 0)
(2.71321 -0.166583 0)
(2.72043 -0.163105 0)
(2.72948 -0.160147 0)
(2.73879 -0.158103 0)
(2.7474 -0.156854 0)
(2.75488 -0.155717 0)
(2.76058 -0.155763 0)
(2.76214 -0.157218 0)
(2.75657 -0.16555 0)
(2.7524 -0.172925 0)
(2.75855 -0.17319 0)
(2.76572 -0.171184 0)
(2.77302 -0.16885 0)
(2.78029 -0.166285 0)
(2.7871 -0.163551 0)
(2.79323 -0.160927 0)
(2.79831 -0.159423 0)
(2.80041 -0.16064 0)
(2.79946 -0.164469 0)
(2.79965 -0.165759 0)
(2.80312 -0.164118 0)
(2.80864 -0.162452 0)
(2.81458 -0.16048 0)
(2.8195 -0.157972 0)
(2.82378 -0.156144 0)
(2.82778 -0.156439 0)
(2.82995 -0.158534 0)
(2.82931 -0.162085 0)
(2.83369 -0.164228 0)
(2.83976 -0.163524 0)
(2.84577 -0.161758 0)
(2.85232 -0.161082 0)
(2.85554 -0.158801 0)
(2.85156 -0.15259 0)
(2.84857 -0.146888 0)
(2.85522 -0.145646 0)
(2.8616 -0.146464 0)
(2.86704 -0.149774 0)
(2.87316 -0.152504 0)
(2.87841 -0.155383 0)
(2.88087 -0.159473 0)
(2.88186 -0.161636 0)
(2.88319 -0.16023 0)
(2.88606 -0.15652 0)
(2.8896 -0.152999 0)
(2.89129 -0.151103 0)
(2.89142 -0.151206 0)
(2.89247 -0.15147 0)
(2.89656 -0.149818 0)
(2.90173 -0.148464 0)
(2.90823 -0.148291 0)
(2.91509 -0.148876 0)
(2.9212 -0.149599 0)
(2.92577 -0.15001 0)
(2.93002 -0.149788 0)
(2.93288 -0.147617 0)
(2.93207 -0.144493 0)
(2.9301 -0.14629 0)
(2.92699 -0.150834 0)
(2.92646 -0.151665 0)
(2.93222 -0.149929 0)
(2.93798 -0.148091 0)
(2.94462 -0.146509 0)
(2.95148 -0.145091 0)
(2.95541 -0.143286 0)
(2.95191 -0.14231 0)
(2.95155 -0.143227 0)
(2.95927 -0.143863 0)
(2.96508 -0.144381 0)
(2.9716 -0.146499 0)
(2.9767 -0.147313 0)
(2.98414 -0.148363 0)
(2.9906 -0.149108 0)
(2.99561 -0.149676 0)
(2.99761 -0.149941 0)
(2.99089 -0.147513 0)
(2.98008 -0.144038 0)
(2.97969 -0.143116 0)
(2.98358 -0.143376 0)
(2.98829 -0.143664 0)
(2.99351 -0.143709 0)
(2.99862 -0.143392 0)
(3.00435 -0.14286 0)
(3.01081 -0.142287 0)
(3.0178 -0.142156 0)
(3.02306 -0.140001 0)
(3.02297 -0.137273 0)
(3.01916 -0.138002 0)
(3.01915 -0.139984 0)
(3.02247 -0.142057 0)
(3.02675 -0.143626 0)
(3.03148 -0.144681 0)
(3.03597 -0.145013 0)
(3.03908 -0.144092 0)
(3.03953 -0.141723 0)
(3.03791 -0.13655 0)
(3.03827 -0.132949 0)
(3.04145 -0.132316 0)
(3.04421 -0.13303 0)
(3.04605 -0.134418 0)
(3.04757 -0.135672 0)
(3.05045 -0.13653 0)
(3.0557 -0.136015 0)
(3.06086 -0.135307 0)
(3.06443 -0.13547 0)
(3.07032 -0.136471 0)
(2.60702 -0.161004 0)
(2.61501 -0.157581 0)
(2.62423 -0.15479 0)
(2.63645 -0.150827 0)
(2.64935 -0.144131 0)
(2.65697 -0.141761 0)
(2.6661 -0.141749 0)
(2.67556 -0.141474 0)
(2.67707 -0.145326 0)
(2.66656 -0.157954 0)
(2.65809 -0.163739 0)
(2.66271 -0.160578 0)
(2.66927 -0.155931 0)
(2.67768 -0.151014 0)
(2.686 -0.147001 0)
(2.69399 -0.14465 0)
(2.70151 -0.142772 0)
(2.70752 -0.141129 0)
(2.71209 -0.141446 0)
(2.71354 -0.143072 0)
(2.70706 -0.149916 0)
(2.70846 -0.155256 0)
(2.71612 -0.156768 0)
(2.72276 -0.156736 0)
(2.73073 -0.153954 0)
(2.73826 -0.148058 0)
(2.74501 -0.142113 0)
(2.75119 -0.138386 0)
(2.75555 -0.138585 0)
(2.757 -0.141515 0)
(2.75386 -0.147623 0)
(2.74964 -0.155444 0)
(2.75538 -0.158047 0)
(2.76142 -0.157303 0)
(2.76715 -0.153426 0)
(2.77357 -0.148477 0)
(2.78035 -0.144823 0)
(2.78739 -0.142489 0)
(2.79359 -0.142047 0)
(2.79591 -0.144334 0)
(2.79369 -0.146444 0)
(2.79464 -0.14673 0)
(2.80234 -0.146443 0)
(2.80888 -0.146747 0)
(2.81518 -0.147157 0)
(2.82 -0.146969 0)
(2.8238 -0.145686 0)
(2.82779 -0.144188 0)
(2.83171 -0.144495 0)
(2.83417 -0.14666 0)
(2.83461 -0.14835 0)
(2.83422 -0.148051 0)
(2.83768 -0.148159 0)
(2.84382 -0.147909 0)
(2.85044 -0.147837 0)
(2.85661 -0.148079 0)
(2.85932 -0.145496 0)
(2.85689 -0.137453 0)
(2.85241 -0.1314 0)
(2.85349 -0.13218 0)
(2.85966 -0.134863 0)
(2.86442 -0.137703 0)
(2.86758 -0.140154 0)
(2.87135 -0.141375 0)
(2.87777 -0.141891 0)
(2.88384 -0.142536 0)
(2.88981 -0.142723 0)
(2.89538 -0.142051 0)
(2.89685 -0.140964 0)
(2.89419 -0.139096 0)
(2.89491 -0.136498 0)
(2.89934 -0.134863 0)
(2.90547 -0.134769 0)
(2.91236 -0.13575 0)
(2.91887 -0.136713 0)
(2.92486 -0.137259 0)
(2.93018 -0.137012 0)
(2.93342 -0.13518 0)
(2.93384 -0.133327 0)
(2.92925 -0.133443 0)
(2.92216 -0.135508 0)
(2.92702 -0.137863 0)
(2.93291 -0.139017 0)
(2.93803 -0.138942 0)
(2.9438 -0.137129 0)
(2.94883 -0.133406 0)
(2.95259 -0.129637 0)
(2.95294 -0.127406 0)
(2.94976 -0.127295 0)
(2.9521 -0.127626 0)
(2.95551 -0.127752 0)
(2.95891 -0.12936 0)
(2.9652 -0.132835 0)
(2.97181 -0.134786 0)
(2.97806 -0.135684 0)
(2.98443 -0.136355 0)
(2.99042 -0.136862 0)
(2.99448 -0.136804 0)
(2.99293 -0.13647 0)
(2.98402 -0.13321 0)
(2.98039 -0.129947 0)
(2.98389 -0.129128 0)
(2.98897 -0.128753 0)
(2.99408 -0.128354 0)
(2.99933 -0.127824 0)
(3.00464 -0.127061 0)
(3.00972 -0.126239 0)
(3.01434 -0.125152 0)
(3.01753 -0.123482 0)
(3.01806 -0.121993 0)
(3.01736 -0.121705 0)
(3.01969 -0.123131 0)
(3.02405 -0.125184 0)
(3.02831 -0.127005 0)
(3.03234 -0.1282 0)
(3.03594 -0.127883 0)
(3.03853 -0.125811 0)
(3.03945 -0.123458 0)
(3.03793 -0.122256 0)
(3.0349 -0.121508 0)
(3.03543 -0.120186 0)
(3.03884 -0.120098 0)
(3.04317 -0.120744 0)
(3.04775 -0.12148 0)
(3.05262 -0.122552 0)
(3.05838 -0.122429 0)
(3.06402 -0.122513 0)
(3.06861 -0.123472 0)
(3.07455 -0.124394 0)
(2.61312 -0.14524 0)
(2.62098 -0.139054 0)
(2.63021 -0.130621 0)
(2.63871 -0.123577 0)
(2.6484 -0.121787 0)
(2.6583 -0.122271 0)
(2.66562 -0.124805 0)
(2.66858 -0.12901 0)
(2.66156 -0.139821 0)
(2.65624 -0.149636 0)
(2.66393 -0.151578 0)
(2.67105 -0.150115 0)
(2.67936 -0.145918 0)
(2.68745 -0.13972 0)
(2.69483 -0.133752 0)
(2.7015 -0.128353 0)
(2.70661 -0.123812 0)
(2.70955 -0.121779 0)
(2.70937 -0.123499 0)
(2.70496 -0.131462 0)
(2.7022 -0.136604 0)
(2.70804 -0.136175 0)
(2.71519 -0.134738 0)
(2.72322 -0.133883 0)
(2.73228 -0.132446 0)
(2.74188 -0.130616 0)
(2.75082 -0.129835 0)
(2.75872 -0.127065 0)
(2.76185 -0.12441 0)
(2.75682 -0.127855 0)
(2.74755 -0.137078 0)
(2.74959 -0.139818 0)
(2.75673 -0.13929 0)
(2.76347 -0.138194 0)
(2.77172 -0.137608 0)
(2.78002 -0.135922 0)
(2.78746 -0.134352 0)
(2.79484 -0.131769 0)
(2.79994 -0.129105 0)
(2.79945 -0.128915 0)
(2.794 -0.131466 0)
(2.79376 -0.13201 0)
(2.79805 -0.131233 0)
(2.80455 -0.130483 0)
(2.81133 -0.129606 0)
(2.81749 -0.128913 0)
(2.82308 -0.128628 0)
(2.82662 -0.12908 0)
(2.8266 -0.130072 0)
(2.82629 -0.132232 0)
(2.82866 -0.133255 0)
(2.83375 -0.133801 0)
(2.83929 -0.133893 0)
(2.84459 -0.133031 0)
(2.84981 -0.131434 0)
(2.85461 -0.129163 0)
(2.85883 -0.126438 0)
(2.86 -0.122695 0)
(2.85634 -0.118233 0)
(2.85281 -0.116993 0)
(2.85513 -0.119946 0)
(2.86147 -0.122207 0)
(2.86821 -0.123507 0)
(2.87404 -0.124145 0)
(2.87897 -0.124252 0)
(2.88381 -0.124307 0)
(2.88868 -0.124427 0)
(2.89246 -0.124425 0)
(2.89294 -0.124124 0)
(2.89014 -0.123615 0)
(2.89007 -0.122563 0)
(2.89376 -0.121749 0)
(2.89887 -0.121894 0)
(2.90584 -0.122458 0)
(2.91271 -0.122555 0)
(2.91913 -0.122218 0)
(2.92522 -0.121325 0)
(2.93101 -0.121294 0)
(2.9361 -0.122569 0)
(2.93276 -0.123177 0)
(2.92255 -0.121969 0)
(2.92477 -0.120741 0)
(2.93074 -0.120314 0)
(2.93673 -0.120205 0)
(2.94369 -0.119687 0)
(2.95045 -0.119286 0)
(2.9572 -0.119077 0)
(2.95927 -0.117224 0)
(2.95266 -0.113342 0)
(2.95077 -0.111138 0)
(2.9555 -0.111245 0)
(2.96034 -0.112377 0)
(2.96542 -0.114741 0)
(2.97119 -0.117241 0)
(2.97645 -0.118982 0)
(2.98199 -0.120589 0)
(2.98718 -0.122609 0)
(2.99026 -0.124636 0)
(2.98828 -0.124652 0)
(2.98264 -0.12202 0)
(2.98234 -0.118125 0)
(2.98615 -0.115762 0)
(2.99111 -0.114536 0)
(2.99632 -0.113912 0)
(3.0019 -0.113498 0)
(3.0076 -0.113372 0)
(3.01303 -0.113341 0)
(3.01764 -0.112922 0)
(3.02039 -0.112095 0)
(3.0201 -0.111331 0)
(3.01944 -0.110724 0)
(3.02284 -0.111154 0)
(3.02769 -0.112549 0)
(3.03196 -0.113903 0)
(3.03578 -0.114564 0)
(3.03934 -0.114155 0)
(3.04287 -0.113484 0)
(3.04566 -0.112318 0)
(3.04362 -0.109414 0)
(3.03705 -0.108006 0)
(3.03735 -0.108401 0)
(3.04061 -0.108947 0)
(3.0449 -0.109519 0)
(3.04997 -0.109811 0)
(3.05546 -0.110314 0)
(3.06136 -0.110548 0)
(3.06761 -0.111214 0)
(3.07228 -0.112612 0)
(3.07852 -0.113472 0)
(2.62127 -0.124323 0)
(2.63134 -0.117915 0)
(2.63959 -0.113959 0)
(2.64856 -0.112203 0)
(2.65697 -0.110021 0)
(2.66327 -0.109088 0)
(2.66597 -0.109776 0)
(2.65882 -0.119955 0)
(2.64961 -0.130699 0)
(2.65269 -0.131489 0)
(2.66142 -0.12929 0)
(2.67035 -0.126912 0)
(2.68088 -0.124022 0)
(2.69212 -0.120568 0)
(2.70006 -0.118324 0)
(2.70831 -0.116498 0)
(2.71453 -0.113817 0)
(2.71506 -0.112498 0)
(2.70422 -0.116672 0)
(2.69997 -0.121588 0)
(2.70817 -0.123318 0)
(2.71481 -0.123358 0)
(2.72179 -0.122262 0)
(2.72967 -0.119112 0)
(2.73703 -0.114969 0)
(2.74404 -0.112943 0)
(2.75229 -0.111956 0)
(2.75894 -0.112247 0)
(2.75758 -0.114963 0)
(2.74662 -0.120617 0)
(2.74805 -0.124962 0)
(2.7553 -0.125576 0)
(2.76151 -0.124211 0)
(2.76855 -0.121602 0)
(2.77491 -0.118171 0)
(2.78117 -0.115994 0)
(2.78791 -0.114898 0)
(2.79417 -0.114389 0)
(2.7966 -0.114499 0)
(2.79111 -0.114891 0)
(2.78673 -0.116428 0)
(2.79085 -0.117296 0)
(2.79769 -0.117426 0)
(2.80544 -0.116596 0)
(2.81264 -0.115109 0)
(2.81883 -0.11412 0)
(2.82403 -0.114329 0)
(2.82583 -0.115127 0)
(2.82249 -0.116278 0)
(2.823 -0.118353 0)
(2.82991 -0.119586 0)
(2.83699 -0.11932 0)
(2.84337 -0.118475 0)
(2.84929 -0.11796 0)
(2.85505 -0.117818 0)
(2.86062 -0.11722 0)
(2.86474 -0.114992 0)
(2.86404 -0.110361 0)
(2.85657 -0.105104 0)
(2.85068 -0.103348 0)
(2.85615 -0.105044 0)
(2.86377 -0.106 0)
(2.86953 -0.106154 0)
(2.87501 -0.106029 0)
(2.881 -0.106203 0)
(2.88727 -0.106958 0)
(2.89315 -0.108279 0)
(2.8977 -0.109596 0)
(2.8983 -0.110111 0)
(2.89384 -0.10939 0)
(2.89181 -0.10784 0)
(2.89354 -0.106695 0)
(2.89783 -0.105887 0)
(2.90542 -0.105644 0)
(2.91235 -0.105712 0)
(2.91836 -0.105892 0)
(2.92449 -0.106249 0)
(2.92935 -0.107953 0)
(2.93034 -0.109361 0)
(2.92494 -0.111278 0)
(2.92235 -0.110399 0)
(2.92689 -0.10786 0)
(2.93295 -0.10589 0)
(2.93957 -0.104544 0)
(2.94552 -0.103911 0)
(2.95178 -0.104143 0)
(2.9583 -0.104548 0)
(2.96187 -0.104451 0)
(2.95775 -0.101963 0)
(2.95526 -0.0984524 0)
(2.95922 -0.0971741 0)
(2.96445 -0.098195 0)
(2.96946 -0.100126 0)
(2.97457 -0.102599 0)
(2.97959 -0.104851 0)
(2.98503 -0.106955 0)
(2.99054 -0.109171 0)
(2.99333 -0.111153 0)
(2.98912 -0.109975 0)
(2.98183 -0.106159 0)
(2.9795 -0.103615 0)
(2.98241 -0.101899 0)
(2.98649 -0.100981 0)
(2.99122 -0.100859 0)
(2.9965 -0.100894 0)
(3.0019 -0.10094 0)
(3.00688 -0.100939 0)
(3.01106 -0.1007 0)
(3.01397 -0.100389 0)
(3.01477 -0.100316 0)
(3.01515 -0.100103 0)
(3.0175 -0.0997623 0)
(3.02098 -0.100058 0)
(3.02463 -0.100702 0)
(3.02853 -0.100875 0)
(3.03305 -0.0999752 0)
(3.03775 -0.0977937 0)
(3.0421 -0.0962412 0)
(3.0456 -0.0971928 0)
(3.04462 -0.0979495 0)
(3.03754 -0.0978042 0)
(3.03638 -0.0985834 0)
(3.03971 -0.0978581 0)
(3.04383 -0.097433 0)
(3.04935 -0.0985028 0)
(3.05544 -0.0992661 0)
(3.06169 -0.100019 0)
(3.06619 -0.100615 0)
(3.07132 -0.0999412 0)
(2.62719 -0.10049 0)
(2.63589 -0.0954339 0)
(2.64373 -0.0925851 0)
(2.65095 -0.0915455 0)
(2.6581 -0.0926148 0)
(2.66397 -0.0949172 0)
(2.65869 -0.103289 0)
(2.64871 -0.113127 0)
(2.65257 -0.117267 0)
(2.66027 -0.117795 0)
(2.66731 -0.115501 0)
(2.67512 -0.109902 0)
(2.68317 -0.102906 0)
(2.69075 -0.0988059 0)
(2.69965 -0.0979711 0)
(2.70869 -0.0981548 0)
(2.71551 -0.099433 0)
(2.7126 -0.102506 0)
(2.69957 -0.105206 0)
(2.69737 -0.105038 0)
(2.70336 -0.10322 0)
(2.71051 -0.101934 0)
(2.71774 -0.100576 0)
(2.73097 -0.0978166 0)
(2.73922 -0.0967161 0)
(2.74809 -0.0976885 0)
(2.75733 -0.0992742 0)
(2.76316 -0.100632 0)
(2.75545 -0.102952 0)
(2.74126 -0.105408 0)
(2.74379 -0.103872 0)
(2.74979 -0.102285 0)
(2.75655 -0.101164 0)
(2.76466 -0.0998793 0)
(2.77259 -0.0992632 0)
(2.78135 -0.0995196 0)
(2.79024 -0.0999017 0)
(2.79712 -0.100497 0)
(2.79797 -0.100612 0)
(2.79072 -0.101202 0)
(2.79036 -0.101829 0)
(2.79663 -0.101544 0)
(2.80264 -0.100934 0)
(2.80841 -0.10001 0)
(2.81329 -0.0986648 0)
(2.8182 -0.0979058 0)
(2.82332 -0.0991244 0)
(2.82591 -0.101059 0)
(2.82235 -0.102974 0)
(2.81943 -0.103264 0)
(2.82332 -0.102512 0)
(2.82899 -0.101308 0)
(2.83586 -0.0995192 0)
(2.8436 -0.0980235 0)
(2.85081 -0.0976644 0)
(2.85768 -0.0978133 0)
(2.86444 -0.0983046 0)
(2.86735 -0.0982061 0)
(2.86025 -0.0957387 0)
(2.85384 -0.0927853 0)
(2.86032 -0.0913132 0)
(2.86684 -0.0912962 0)
(2.87299 -0.0912378 0)
(2.87949 -0.0913815 0)
(2.88609 -0.0916941 0)
(2.89243 -0.0922238 0)
(2.89806 -0.0931968 0)
(2.90222 -0.0949217 0)
(2.90318 -0.0963356 0)
(2.89799 -0.0955927 0)
(2.89506 -0.0950276 0)
(2.89912 -0.0954674 0)
(2.906 -0.0942697 0)
(2.91155 -0.0922044 0)
(2.91627 -0.0914994 0)
(2.92205 -0.0924679 0)
(2.92817 -0.0928931 0)
(2.93042 -0.0930903 0)
(2.9242 -0.0972712 0)
(2.92092 -0.100118 0)
(2.92621 -0.0995316 0)
(2.93207 -0.0970921 0)
(2.93749 -0.0930885 0)
(2.94247 -0.0898817 0)
(2.94876 -0.0897669 0)
(2.95536 -0.0914872 0)
(2.96105 -0.0932728 0)
(2.96531 -0.0937435 0)
(2.96394 -0.0910869 0)
(2.95844 -0.0869427 0)
(2.95615 -0.0848285 0)
(2.95882 -0.0837311 0)
(2.96444 -0.0847075 0)
(2.97045 -0.0868648 0)
(2.97556 -0.0896776 0)
(2.97988 -0.0927911 0)
(2.98383 -0.0949462 0)
(2.98688 -0.0953138 0)
(2.98889 -0.0953455 0)
(2.98799 -0.09544 0)
(2.9853 -0.0924343 0)
(2.9845 -0.0876415 0)
(2.98693 -0.0851166 0)
(2.99076 -0.0844606 0)
(2.99498 -0.0848299 0)
(2.99948 -0.0852193 0)
(3.00425 -0.0855066 0)
(3.00894 -0.0858476 0)
(3.01309 -0.0861729 0)
(3.01478 -0.087433 0)
(3.01455 -0.087701 0)
(3.01572 -0.0855025 0)
(3.01853 -0.0833821 0)
(3.02231 -0.0823777 0)
(3.0268 -0.0819659 0)
(3.03201 -0.0815118 0)
(3.03743 -0.0810035 0)
(3.04247 -0.0810011 0)
(3.04541 -0.0822859 0)
(3.04252 -0.0841362 0)
(3.03598 -0.0853654 0)
(3.03619 -0.0845915 0)
(3.04002 -0.0825511 0)
(3.04479 -0.0810123 0)
(3.05052 -0.0816933 0)
(3.05606 -0.0822247 0)
(3.06128 -0.082922 0)
(3.06501 -0.0843638 0)
(3.06962 -0.0852037 0)
(2.63388 -0.0854555 0)
(2.64317 -0.081809 0)
(2.65098 -0.0764508 0)
(2.65617 -0.0728506 0)
(2.65773 -0.0743065 0)
(2.65361 -0.0853332 0)
(2.64733 -0.0963422 0)
(2.64611 -0.0979656 0)
(2.65199 -0.0947602 0)
(2.659 -0.0923136 0)
(2.66666 -0.0906987 0)
(2.67723 -0.0878903 0)
(2.68908 -0.0825332 0)
(2.6953 -0.081297 0)
(2.70427 -0.0818018 0)
(2.71264 -0.0844346 0)
(2.71745 -0.0878264 0)
(2.71059 -0.0917028 0)
(2.69907 -0.0929932 0)
(2.70145 -0.0906295 0)
(2.70839 -0.0881984 0)
(2.71467 -0.0849347 0)
(2.72048 -0.0808039 0)
(2.72801 -0.0802855 0)
(2.7368 -0.0807187 0)
(2.74542 -0.0821871 0)
(2.75247 -0.0851561 0)
(2.75571 -0.0890818 0)
(2.74902 -0.0920729 0)
(2.74299 -0.0919307 0)
(2.74969 -0.0893245 0)
(2.75701 -0.0877466 0)
(2.76425 -0.086336 0)
(2.77222 -0.0846872 0)
(2.77954 -0.0842997 0)
(2.78678 -0.0844553 0)
(2.79364 -0.0848216 0)
(2.79983 -0.0864726 0)
(2.80086 -0.08883 0)
(2.7938 -0.0889382 0)
(2.78854 -0.0854766 0)
(2.79229 -0.083081 0)
(2.79937 -0.0817497 0)
(2.80717 -0.0810162 0)
(2.81451 -0.0809543 0)
(2.82096 -0.0817295 0)
(2.82665 -0.0841669 0)
(2.82974 -0.087153 0)
(2.82607 -0.0884838 0)
(2.82105 -0.0874133 0)
(2.82719 -0.0867985 0)
(2.83464 -0.0865126 0)
(2.8414 -0.0852506 0)
(2.84805 -0.083487 0)
(2.8547 -0.083424 0)
(2.86162 -0.0842198 0)
(2.86765 -0.0856115 0)
(2.87023 -0.0859854 0)
(2.86361 -0.0832309 0)
(2.85417 -0.0793313 0)
(2.85515 -0.0778135 0)
(2.86138 -0.0771372 0)
(2.86761 -0.0771265 0)
(2.87394 -0.0773793 0)
(2.88042 -0.0778122 0)
(2.88685 -0.0783281 0)
(2.89304 -0.078584 0)
(2.89794 -0.0789017 0)
(2.89951 -0.0813973 0)
(2.8983 -0.0844572 0)
(2.89797 -0.0824393 0)
(2.90095 -0.0777556 0)
(2.90557 -0.0745688 0)
(2.91071 -0.0740793 0)
(2.91486 -0.0751649 0)
(2.9185 -0.0765829 0)
(2.92151 -0.0794473 0)
(2.92245 -0.0818332 0)
(2.92228 -0.0822879 0)
(2.92544 -0.0813357 0)
(2.93017 -0.0793984 0)
(2.93465 -0.0777502 0)
(2.93876 -0.076299 0)
(2.94158 -0.0762678 0)
(2.9445 -0.0766952 0)
(2.94965 -0.0773177 0)
(2.95527 -0.0776005 0)
(2.95972 -0.0776714 0)
(2.9644 -0.0786188 0)
(2.96424 -0.0781582 0)
(2.95773 -0.073194 0)
(2.95733 -0.069624 0)
(2.96302 -0.0693018 0)
(2.97096 -0.0703489 0)
(2.97776 -0.0714721 0)
(2.98294 -0.0730593 0)
(2.98638 -0.0753935 0)
(2.98814 -0.077622 0)
(2.98768 -0.0791694 0)
(2.98633 -0.0797466 0)
(2.98654 -0.0799604 0)
(2.9892 -0.0783955 0)
(2.99278 -0.074864 0)
(2.99554 -0.0717163 0)
(2.99845 -0.0713086 0)
(3.00181 -0.0724896 0)
(3.00574 -0.0734495 0)
(3.00924 -0.0739912 0)
(3.00879 -0.0757276 0)
(3.00922 -0.0773758 0)
(3.01446 -0.0775697 0)
(3.01979 -0.0765573 0)
(3.02389 -0.0734839 0)
(3.02685 -0.0698863 0)
(3.03038 -0.0678364 0)
(3.03494 -0.0679039 0)
(3.04007 -0.0685669 0)
(3.04503 -0.0687356 0)
(3.04487 -0.070699 0)
(3.03747 -0.0757713 0)
(3.03769 -0.0774641 0)
(3.04117 -0.0765743 0)
(3.0451 -0.0742217 0)
(3.05007 -0.0715179 0)
(3.05585 -0.0710117 0)
(3.06124 -0.0703466 0)
(3.06603 -0.0700415 0)
(3.06949 -0.0714999 0)
(3.07434 -0.072299 0)
(2.63574 -0.0632144 0)
(2.64428 -0.0624829 0)
(2.65257 -0.0619038 0)
(2.65546 -0.0633098 0)
(2.64526 -0.0728008 0)
(2.63825 -0.0829467 0)
(2.64422 -0.0866712 0)
(2.65329 -0.0868656 0)
(2.66044 -0.0837125 0)
(2.66734 -0.0777421 0)
(2.6734 -0.0700861 0)
(2.67822 -0.0634286 0)
(2.68595 -0.0615968 0)
(2.69498 -0.0620259 0)
(2.70301 -0.0620166 0)
(2.70836 -0.0630046 0)
(2.70768 -0.0723459 0)
(2.70175 -0.0829062 0)
(2.70166 -0.0828751 0)
(2.70627 -0.0766901 0)
(2.71111 -0.0702458 0)
(2.71665 -0.0656935 0)
(2.72325 -0.063811 0)
(2.73052 -0.063037 0)
(2.73832 -0.0631486 0)
(2.746 -0.0642068 0)
(2.75234 -0.0664948 0)
(2.7534 -0.0721718 0)
(2.74824 -0.079331 0)
(2.74481 -0.076593 0)
(2.74748 -0.0714155 0)
(2.75333 -0.0679855 0)
(2.76058 -0.0659301 0)
(2.76827 -0.0650245 0)
(2.77648 -0.0651904 0)
(2.78456 -0.0662231 0)
(2.79201 -0.0680768 0)
(2.7959 -0.0701082 0)
(2.79448 -0.0718612 0)
(2.79018 -0.0737757 0)
(2.79161 -0.073021 0)
(2.79719 -0.0702079 0)
(2.8037 -0.0667555 0)
(2.80979 -0.0641012 0)
(2.8155 -0.06303 0)
(2.82063 -0.0639618 0)
(2.82404 -0.0656587 0)
(2.82477 -0.0709242 0)
(2.8258 -0.0761376 0)
(2.829 -0.0759297 0)
(2.83213 -0.0716221 0)
(2.83476 -0.068317 0)
(2.83935 -0.0672317 0)
(2.84597 -0.0672022 0)
(2.85288 -0.0677516 0)
(2.85874 -0.0688734 0)
(2.86298 -0.0709011 0)
(2.8656 -0.0724043 0)
(2.86495 -0.0732957 0)
(2.85984 -0.0699986 0)
(2.85648 -0.0641945 0)
(2.85998 -0.0609435 0)
(2.86587 -0.0598622 0)
(2.87224 -0.0599675 0)
(2.87836 -0.06045 0)
(2.88416 -0.0616777 0)
(2.88915 -0.0636294 0)
(2.89184 -0.0659453 0)
(2.89084 -0.0689368 0)
(2.89479 -0.0691454 0)
(2.90065 -0.0681362 0)
(2.90602 -0.0659738 0)
(2.91161 -0.0632868 0)
(2.91622 -0.0610241 0)
(2.91791 -0.0593041 0)
(2.91561 -0.0601727 0)
(2.91582 -0.0640046 0)
(2.92099 -0.0668271 0)
(2.92575 -0.0674622 0)
(2.93139 -0.0657317 0)
(2.93751 -0.0648145 0)
(2.94345 -0.0650169 0)
(2.94687 -0.065093 0)
(2.94466 -0.0631755 0)
(2.94482 -0.0619266 0)
(2.9505 -0.0606521 0)
(2.95534 -0.0604573 0)
(2.95872 -0.0626547 0)
(2.96139 -0.065619 0)
(2.9629 -0.0676414 0)
(2.96219 -0.0664899 0)
(2.96091 -0.0610893 0)
(2.96326 -0.0567923 0)
(2.96802 -0.0554084 0)
(2.97238 -0.0565586 0)
(2.97593 -0.0583035 0)
(2.97932 -0.0600488 0)
(2.98397 -0.0619552 0)
(2.9881 -0.0642121 0)
(2.99028 -0.0651834 0)
(2.99178 -0.0642417 0)
(2.99326 -0.0630432 0)
(2.99329 -0.0615693 0)
(2.99338 -0.0594638 0)
(2.99463 -0.0567574 0)
(2.99798 -0.0559092 0)
(3.00193 -0.0581919 0)
(3.0044 -0.0618517 0)
(3.00543 -0.0642847 0)
(3.00963 -0.0635014 0)
(3.01447 -0.0611994 0)
(3.01834 -0.0587511 0)
(3.0225 -0.0563552 0)
(3.02576 -0.0555449 0)
(3.02761 -0.0542632 0)
(3.03052 -0.0549035 0)
(3.03446 -0.0571353 0)
(3.03778 -0.0581719 0)
(3.03782 -0.0600206 0)
(3.03496 -0.0607501 0)
(3.03516 -0.0602182 0)
(3.03792 -0.0607787 0)
(3.04279 -0.0604801 0)
(3.04846 -0.0593334 0)
(3.05311 -0.0596412 0)
(3.05697 -0.0590724 0)
(3.06047 -0.0578909 0)
(3.06354 -0.0586841 0)
(3.06744 -0.0583248 0)
(2.63714 -0.0438673 0)
(2.64705 -0.0447708 0)
(2.65135 -0.0476624 0)
(2.64217 -0.0556518 0)
(2.6297 -0.0650625 0)
(2.63086 -0.0666822 0)
(2.63952 -0.0653884 0)
(2.64775 -0.0626509 0)
(2.65784 -0.0585816 0)
(2.66856 -0.0530287 0)
(2.67693 -0.049055 0)
(2.68477 -0.047711 0)
(2.6912 -0.0466199 0)
(2.69684 -0.0475248 0)
(2.70088 -0.0490133 0)
(2.69737 -0.0558568 0)
(2.69261 -0.0641363 0)
(2.69972 -0.0663994 0)
(2.70732 -0.066207 0)
(2.71459 -0.0645637 0)
(2.72075 -0.0603148 0)
(2.72473 -0.0543627 0)
(2.72927 -0.0497368 0)
(2.73488 -0.0474781 0)
(2.74104 -0.0486446 0)
(2.74766 -0.0497354 0)
(2.74908 -0.0525754 0)
(2.74239 -0.0595994 0)
(2.74382 -0.0631815 0)
(2.75023 -0.0638619 0)
(2.75638 -0.0619886 0)
(2.76177 -0.0570839 0)
(2.76764 -0.052256 0)
(2.77434 -0.049639 0)
(2.78047 -0.0499303 0)
(2.78734 -0.0520452 0)
(2.79419 -0.0527677 0)
(2.79544 -0.0540992 0)
(2.78928 -0.0594782 0)
(2.79083 -0.0610411 0)
(2.79798 -0.0594609 0)
(2.80373 -0.0557653 0)
(2.80819 -0.0511869 0)
(2.81331 -0.0500736 0)
(2.81895 -0.0503911 0)
(2.82146 -0.0506736 0)
(2.81783 -0.0551564 0)
(2.81722 -0.0592241 0)
(2.82413 -0.0593291 0)
(2.83219 -0.0587271 0)
(2.83948 -0.058169 0)
(2.84527 -0.0563359 0)
(2.84808 -0.0530549 0)
(2.8507 -0.0511154 0)
(2.85488 -0.0520698 0)
(2.86025 -0.0525323 0)
(2.86472 -0.0534266 0)
(2.86485 -0.0572878 0)
(2.86431 -0.061494 0)
(2.86457 -0.0625793 0)
(2.86372 -0.0574083 0)
(2.86488 -0.0503683 0)
(2.86927 -0.046156 0)
(2.8743 -0.045749 0)
(2.88025 -0.0466001 0)
(2.88636 -0.0471833 0)
(2.88865 -0.0491959 0)
(2.88622 -0.0528819 0)
(2.88845 -0.0532025 0)
(2.8932 -0.0518066 0)
(2.89843 -0.0508551 0)
(2.90436 -0.0501353 0)
(2.90939 -0.0486539 0)
(2.91203 -0.0464988 0)
(2.91084 -0.0457406 0)
(2.90727 -0.0487985 0)
(2.9087 -0.0520006 0)
(2.91477 -0.052837 0)
(2.92152 -0.0527276 0)
(2.9282 -0.0525459 0)
(2.93521 -0.0526783 0)
(2.94122 -0.0526176 0)
(2.94552 -0.0519131 0)
(2.9482 -0.0513249 0)
(2.948 -0.0496467 0)
(2.94618 -0.0500668 0)
(2.94755 -0.0515537 0)
(2.95139 -0.0520656 0)
(2.95555 -0.0521344 0)
(2.95964 -0.0520103 0)
(2.9636 -0.0515141 0)
(2.96536 -0.0495728 0)
(2.9631 -0.0459491 0)
(2.96188 -0.0437379 0)
(2.96658 -0.0434569 0)
(2.97237 -0.0441067 0)
(2.97744 -0.0454091 0)
(2.98098 -0.0477192 0)
(2.98314 -0.0502561 0)
(2.98538 -0.0509393 0)
(2.98827 -0.0503803 0)
(2.99178 -0.0495403 0)
(2.99493 -0.0487722 0)
(2.99531 -0.0467335 0)
(2.99318 -0.0447301 0)
(2.99282 -0.046241 0)
(2.9968 -0.0493735 0)
(3.00374 -0.0514173 0)
(3.0106 -0.0523375 0)
(3.01549 -0.0518372 0)
(3.02033 -0.0501314 0)
(3.02571 -0.0485961 0)
(3.03006 -0.0460969 0)
(3.03065 -0.0429905 0)
(3.0295 -0.0394695 0)
(3.03182 -0.0384443 0)
(3.03489 -0.0394227 0)
(3.03614 -0.040869 0)
(3.03655 -0.045178 0)
(3.03753 -0.0474018 0)
(3.04059 -0.0486759 0)
(3.04493 -0.0510047 0)
(3.0492 -0.051049 0)
(3.05209 -0.0482797 0)
(3.05375 -0.046293 0)
(3.05582 -0.0438377 0)
(3.05825 -0.0418119 0)
(3.06094 -0.0439645 0)
(3.06373 -0.0457788 0)
(2.63192 -0.0262507 0)
(2.63664 -0.0314618 0)
(2.63707 -0.0391325 0)
(2.6305 -0.0466408 0)
(2.62815 -0.0510419 0)
(2.63625 -0.0525057 0)
(2.64414 -0.051229 0)
(2.65367 -0.0486883 0)
(2.66504 -0.0436947 0)
(2.6739 -0.0376324 0)
(2.68214 -0.0330941 0)
(2.6886 -0.0287676 0)
(2.69054 -0.0277475 0)
(2.68904 -0.031631 0)
(2.68702 -0.0392633 0)
(2.68419 -0.0453591 0)
(2.68728 -0.0466155 0)
(2.69624 -0.0459601 0)
(2.70468 -0.0446432 0)
(2.71415 -0.0427996 0)
(2.7229 -0.0406831 0)
(2.73052 -0.0377432 0)
(2.73539 -0.0321016 0)
(2.73541 -0.0284118 0)
(2.73395 -0.0302783 0)
(2.73562 -0.0355061 0)
(2.73625 -0.0409281 0)
(2.7367 -0.0432543 0)
(2.74198 -0.0435917 0)
(2.75029 -0.0427458 0)
(2.75889 -0.0417955 0)
(2.767 -0.0395116 0)
(2.77347 -0.0349976 0)
(2.7762 -0.0310991 0)
(2.77588 -0.0319132 0)
(2.77978 -0.0358198 0)
(2.78407 -0.0399987 0)
(2.78608 -0.0433397 0)
(2.78709 -0.0444199 0)
(2.79366 -0.0426557 0)
(2.79905 -0.0385557 0)
(2.8046 -0.0343546 0)
(2.80923 -0.0323944 0)
(2.8099 -0.0334164 0)
(2.8105 -0.0368421 0)
(2.81113 -0.040623 0)
(2.81201 -0.04248 0)
(2.81739 -0.0430976 0)
(2.82488 -0.0419395 0)
(2.83116 -0.0400772 0)
(2.83814 -0.0377602 0)
(2.84503 -0.0355143 0)
(2.84964 -0.0333883 0)
(2.84968 -0.033154 0)
(2.8483 -0.0362049 0)
(2.851 -0.0399004 0)
(2.8543 -0.0431068 0)
(2.8574 -0.045458 0)
(2.86019 -0.0463361 0)
(2.86414 -0.0451833 0)
(2.8692 -0.0419321 0)
(2.87176 -0.0357534 0)
(2.86974 -0.030551 0)
(2.86825 -0.031347 0)
(2.87246 -0.0340944 0)
(2.87731 -0.0355278 0)
(2.88146 -0.0364326 0)
(2.885 -0.0377884 0)
(2.89068 -0.0378258 0)
(2.89705 -0.0373234 0)
(2.90379 -0.0369333 0)
(2.90932 -0.0359315 0)
(2.91234 -0.0338207 0)
(2.91135 -0.0317881 0)
(2.90646 -0.0324408 0)
(2.90414 -0.0347258 0)
(2.90855 -0.0360737 0)
(2.91448 -0.0362936 0)
(2.92047 -0.0362766 0)
(2.9269 -0.0364035 0)
(2.93312 -0.036515 0)
(2.93833 -0.0361964 0)
(2.94196 -0.035259 0)
(2.94366 -0.034456 0)
(2.94331 -0.034763 0)
(2.94227 -0.0357453 0)
(2.94427 -0.0360635 0)
(2.94865 -0.0356741 0)
(2.9537 -0.0349887 0)
(2.95836 -0.0340008 0)
(2.96196 -0.0329846 0)
(2.96383 -0.0322023 0)
(2.96261 -0.0310408 0)
(2.96148 -0.0296622 0)
(2.96428 -0.0295249 0)
(2.96929 -0.030415 0)
(2.9747 -0.0315056 0)
(2.97978 -0.0326504 0)
(2.98391 -0.0337465 0)
(2.98752 -0.0345438 0)
(2.99136 -0.0348973 0)
(2.99506 -0.0345795 0)
(2.99737 -0.0334684 0)
(2.99671 -0.0321715 0)
(2.99313 -0.031967 0)
(2.99213 -0.0332922 0)
(2.99664 -0.0346997 0)
(3.00256 -0.0350566 0)
(3.00728 -0.0346086 0)
(3.0124 -0.0333341 0)
(3.01834 -0.0324453 0)
(3.02467 -0.031486 0)
(3.03044 -0.0305159 0)
(3.03441 -0.0303773 0)
(3.03432 -0.0284418 0)
(3.02985 -0.0277052 0)
(3.02655 -0.0311855 0)
(3.02786 -0.032054 0)
(3.03142 -0.0335977 0)
(3.03562 -0.0343909 0)
(3.03971 -0.0348471 0)
(3.04383 -0.0357458 0)
(3.04826 -0.0357905 0)
(3.05315 -0.0356608 0)
(3.05792 -0.0356071 0)
(3.06142 -0.0328435 0)
(3.06249 -0.0291063 0)
(3.06239 -0.0298423 0)
(3.06259 -0.031279 0)
(2.62768 -0.00705371 0)
(2.62446 -0.0149582 0)
(2.62207 -0.0239944 0)
(2.62353 -0.0303246 0)
(2.63077 -0.0312364 0)
(2.63807 -0.0290196 0)
(2.64702 -0.0266772 0)
(2.65724 -0.0240451 0)
(2.66747 -0.0206385 0)
(2.67663 -0.0189306 0)
(2.68648 -0.0175826 0)
(2.69497 -0.0151939 0)
(2.69684 -0.010754 0)
(2.68665 -0.00980398 0)
(2.6774 -0.0207447 0)
(2.68203 -0.0290415 0)
(2.68946 -0.030059 0)
(2.69774 -0.0299314 0)
(2.70753 -0.0295802 0)
(2.71845 -0.026595 0)
(2.7267 -0.0226447 0)
(2.73499 -0.0202285 0)
(2.74244 -0.0176553 0)
(2.74261 -0.0128617 0)
(2.73201 -0.00914146 0)
(2.72623 -0.0164244 0)
(2.73147 -0.0247368 0)
(2.7381 -0.0285776 0)
(2.74602 -0.028779 0)
(2.75432 -0.0274281 0)
(2.76277 -0.0241602 0)
(2.77085 -0.0219491 0)
(2.77899 -0.0202443 0)
(2.78279 -0.0172816 0)
(2.77739 -0.0128289 0)
(2.77275 -0.0153001 0)
(2.77698 -0.0221209 0)
(2.78254 -0.0269902 0)
(2.78862 -0.0275262 0)
(2.79534 -0.0247989 0)
(2.80296 -0.0228242 0)
(2.81129 -0.0211295 0)
(2.8165 -0.0177321 0)
(2.81274 -0.0132899 0)
(2.80475 -0.0170981 0)
(2.80693 -0.0246303 0)
(2.81265 -0.0275899 0)
(2.81938 -0.0270104 0)
(2.8264 -0.0257379 0)
(2.83431 -0.0247967 0)
(2.8425 -0.0237384 0)
(2.85031 -0.0223645 0)
(2.85631 -0.0204605 0)
(2.85579 -0.0172314 0)
(2.84898 -0.0145863 0)
(2.84727 -0.0185829 0)
(2.85078 -0.0240341 0)
(2.85457 -0.0282782 0)
(2.85992 -0.0292834 0)
(2.86672 -0.026695 0)
(2.87278 -0.0229573 0)
(2.87789 -0.0204353 0)
(2.87647 -0.017417 0)
(2.86942 -0.0133704 0)
(2.87027 -0.0144998 0)
(2.87534 -0.0187272 0)
(2.88009 -0.0226614 0)
(2.8864 -0.0237321 0)
(2.89296 -0.023389 0)
(2.9 -0.0227288 0)
(2.90693 -0.0217057 0)
(2.91308 -0.0204546 0)
(2.91742 -0.0187763 0)
(2.91636 -0.0175592 0)
(2.90785 -0.0194332 0)
(2.9066 -0.02221 0)
(2.91165 -0.0225895 0)
(2.91667 -0.0227293 0)
(2.9226 -0.0229875 0)
(2.92883 -0.0229706 0)
(2.93475 -0.0225445 0)
(2.94024 -0.0218886 0)
(2.94516 -0.0213804 0)
(2.94811 -0.0213286 0)
(2.94665 -0.021996 0)
(2.94385 -0.0229539 0)
(2.94598 -0.0228332 0)
(2.95062 -0.0219046 0)
(2.956 -0.0209212 0)
(2.96173 -0.0204054 0)
(2.96664 -0.0204703 0)
(2.96892 -0.0203271 0)
(2.96788 -0.0191509 0)
(2.96597 -0.0175197 0)
(2.967 -0.0171644 0)
(2.97121 -0.0181322 0)
(2.97648 -0.0194612 0)
(2.9818 -0.0207796 0)
(2.9868 -0.0218318 0)
(2.99138 -0.0222737 0)
(2.99574 -0.0219827 0)
(2.99986 -0.0211041 0)
(3.00306 -0.0199899 0)
(3.00257 -0.0195358 0)
(2.9965 -0.0205825 0)
(2.9954 -0.0217349 0)
(3.0002 -0.0217272 0)
(3.00456 -0.0215093 0)
(3.01005 -0.0212967 0)
(3.01601 -0.0211736 0)
(3.02194 -0.0209051 0)
(3.02787 -0.0198888 0)
(3.03348 -0.0180299 0)
(3.03831 -0.0164957 0)
(3.04012 -0.0150203 0)
(3.03546 -0.0123387 0)
(3.02682 -0.0122722 0)
(3.0286 -0.0181546 0)
(3.03263 -0.0209015 0)
(3.03685 -0.021645 0)
(3.04141 -0.022298 0)
(3.04593 -0.0228616 0)
(3.05066 -0.0223701 0)
(3.05532 -0.0211177 0)
(3.06063 -0.0199477 0)
(3.0656 -0.018011 0)
(3.06805 -0.0161819 0)
(3.0675 -0.0177271 0)
(3.06563 -0.0193282 0)
(2.61796 -0.0121372 0)
(2.61008 -0.0154278 0)
(2.60836 -0.0146816 0)
(2.61532 -0.014533 0)
(2.62376 -0.0145383 0)
(2.6321 -0.013832 0)
(2.64173 -0.013093 0)
(2.65253 -0.0121232 0)
(2.6627 -0.0110566 0)
(2.67181 -0.0106838 0)
(2.68118 -0.0104019 0)
(2.68889 -0.0100983 0)
(2.68956 -0.0107135 0)
(2.67574 -0.0136688 0)
(2.66693 -0.0162077 0)
(2.67394 -0.0167201 0)
(2.6815 -0.0166111 0)
(2.68971 -0.0159075 0)
(2.7 -0.014482 0)
(2.71289 -0.0122765 0)
(2.72049 -0.0110769 0)
(2.72969 -0.0107607 0)
(2.73716 -0.0104055 0)
(2.73649 -0.0104688 0)
(2.72311 -0.0124264 0)
(2.71658 -0.0147665 0)
(2.72309 -0.0155513 0)
(2.73092 -0.0157086 0)
(2.73834 -0.0152436 0)
(2.74771 -0.0138731 0)
(2.75634 -0.012459 0)
(2.76476 -0.0120803 0)
(2.77251 -0.0115494 0)
(2.77536 -0.0112532 0)
(2.76883 -0.0122575 0)
(2.76289 -0.0141544 0)
(2.76752 -0.0147897 0)
(2.7744 -0.014905 0)
(2.78126 -0.0144801 0)
(2.78916 -0.0130594 0)
(2.79697 -0.0125685 0)
(2.80461 -0.0118699 0)
(2.80884 -0.0113007 0)
(2.80324 -0.012197 0)
(2.79461 -0.01443 0)
(2.79907 -0.0152422 0)
(2.80602 -0.0153298 0)
(2.81275 -0.0150206 0)
(2.82065 -0.0142776 0)
(2.82861 -0.0135402 0)
(2.83647 -0.0130742 0)
(2.84392 -0.0124874 0)
(2.84909 -0.0119796 0)
(2.84782 -0.0121717 0)
(2.84 -0.0135668 0)
(2.83702 -0.0147529 0)
(2.84005 -0.0149684 0)
(2.8456 -0.0147935 0)
(2.8522 -0.0142875 0)
(2.85902 -0.0123474 0)
(2.86656 -0.0108986 0)
(2.87241 -0.00992122 0)
(2.87145 -0.00972413 0)
(2.8644 -0.0106603 0)
(2.86307 -0.0122727 0)
(2.86781 -0.013305 0)
(2.87418 -0.0137232 0)
(2.88034 -0.0136103 0)
(2.88682 -0.0128183 0)
(2.89364 -0.0118155 0)
(2.90077 -0.0110072 0)
(2.9074 -0.0103193 0)
(2.91134 -0.00963052 0)
(2.90795 -0.0099267 0)
(2.89979 -0.0122168 0)
(2.90147 -0.0135706 0)
(2.90604 -0.0137298 0)
(2.91099 -0.0136678 0)
(2.9168 -0.0133289 0)
(2.92283 -0.0127856 0)
(2.9289 -0.0121966 0)
(2.93488 -0.0117635 0)
(2.93988 -0.0116386 0)
(2.94165 -0.0120013 0)
(2.93845 -0.012877 0)
(2.93632 -0.0132582 0)
(2.93961 -0.012638 0)
(2.94456 -0.0119156 0)
(2.9503 -0.0112585 0)
(2.95607 -0.010754 0)
(2.96051 -0.0104248 0)
(2.96237 -0.0101698 0)
(2.96165 -0.0099599 0)
(2.96071 -0.0101298 0)
(2.96237 -0.0109777 0)
(2.96647 -0.0119506 0)
(2.97126 -0.0125744 0)
(2.976 -0.0128495 0)
(2.98068 -0.0128087 0)
(2.98537 -0.0124668 0)
(2.99001 -0.0119101 0)
(2.99435 -0.0112356 0)
(2.9971 -0.0107143 0)
(2.99487 -0.0110527 0)
(2.9894 -0.0123986 0)
(2.99089 -0.0129325 0)
(2.99526 -0.0129317 0)
(3.00059 -0.0129502 0)
(3.00601 -0.0129671 0)
(3.01134 -0.0126681 0)
(3.01671 -0.0115791 0)
(3.02199 -0.010467 0)
(3.02787 -0.00958156 0)
(3.03325 -0.00920567 0)
(3.03466 -0.00883353 0)
(3.02856 -0.00884479 0)
(3.02032 -0.0110643 0)
(3.02392 -0.0129296 0)
(3.02826 -0.0133321 0)
(3.03201 -0.0133218 0)
(3.03596 -0.0130775 0)
(3.04032 -0.0126843 0)
(3.04487 -0.0118145 0)
(3.04967 -0.0109501 0)
(3.05558 -0.0102956 0)
(3.06078 -0.0092921 0)
(3.06286 -0.0087094 0)
(3.06155 -0.0104739 0)
(3.05925 -0.0117275 0)
)
;

boundaryField
{
    inlet
    {
        type            fixedValue;
        value           nonuniform 0();
    }
    outlet
    {
        type            inletOutlet;
        inletValue      uniform (3 0 0);
        value           nonuniform List<vector> 
32
(
(3.04218 -0.414287 0)
(3.04799 -0.399708 0)
(3.04673 -0.380626 0)
(3.04958 -0.36836 0)
(3.04648 -0.357306 0)
(3.04805 -0.343656 0)
(3.05218 -0.332434 0)
(3.04916 -0.315857 0)
(3.054 -0.303061 0)
(3.05639 -0.289381 0)
(3.05239 -0.276603 0)
(3.05658 -0.261118 0)
(3.06059 -0.250363 0)
(3.05357 -0.238552 0)
(3.05342 -0.223977 0)
(3.05708 -0.211268 0)
(3.05729 -0.196547 0)
(3.0619 -0.185865 0)
(3.06178 -0.171896 0)
(3.06737 -0.159624 0)
(3.07092 -0.148559 0)
(3.07032 -0.136471 0)
(3.07455 -0.124394 0)
(3.07852 -0.113472 0)
(3.07132 -0.0999412 0)
(3.06962 -0.0852037 0)
(3.07434 -0.072299 0)
(3.06744 -0.0583248 0)
(3.06373 -0.0457788 0)
(3.06259 -0.031279 0)
(3.06563 -0.0193282 0)
(3.05925 -0.0117275 0)
)
;
    }
    bottom
    {
        type            slip;
    }
    top
    {
        type            slip;
    }
    obstacle
    {
        type            slip;
    }
    defaultFaces
    {
        type            empty;
    }
    procBoundary15to11
    {
        type            processor;
        value           nonuniform List<vector> 
129
(
(2.56343 -0.506672 0)
(2.5683 -0.508378 0)
(2.57162 -0.511587 0)
(2.57502 -0.515421 0)
(2.57893 -0.517515 0)
(2.58462 -0.515561 0)
(2.59189 -0.511765 0)
(2.5993 -0.508061 0)
(2.60572 -0.504265 0)
(2.60974 -0.500565 0)
(2.61214 -0.498288 0)
(2.61433 -0.49908 0)
(2.61497 -0.504215 0)
(2.61743 -0.509645 0)
(2.62373 -0.511995 0)
(2.62932 -0.511796 0)
(2.63733 -0.510434 0)
(2.6465 -0.507522 0)
(2.65358 -0.507682 0)
(2.66216 -0.509576 0)
(2.67038 -0.511397 0)
(2.67563 -0.511801 0)
(2.66939 -0.51043 0)
(2.65779 -0.50961 0)
(2.66062 -0.507954 0)
(2.66632 -0.505764 0)
(2.67231 -0.502217 0)
(2.67897 -0.497026 0)
(2.68737 -0.49269 0)
(2.69641 -0.492072 0)
(2.70504 -0.49449 0)
(2.71318 -0.497132 0)
(2.71995 -0.501344 0)
(2.72405 -0.507607 0)
(2.72405 -0.512118 0)
(2.72102 -0.509867 0)
(2.72234 -0.502459 0)
(2.72613 -0.493543 0)
(2.73013 -0.485904 0)
(2.73617 -0.482617 0)
(2.74314 -0.483162 0)
(2.74937 -0.483759 0)
(2.75631 -0.4844 0)
(2.76292 -0.485915 0)
(2.76641 -0.49034 0)
(2.7663 -0.494148 0)
(2.76619 -0.49291 0)
(2.76985 -0.490997 0)
(2.77514 -0.489492 0)
(2.78122 -0.488342 0)
(2.78692 -0.486262 0)
(2.79119 -0.481837 0)
(2.7943 -0.477406 0)
(2.80001 -0.476978 0)
(2.80749 -0.479082 0)
(2.81491 -0.48006 0)
(2.81715 -0.481221 0)
(2.81417 -0.484212 0)
(2.81447 -0.485069 0)
(2.81797 -0.482187 0)
(2.82175 -0.476901 0)
(2.82456 -0.473636 0)
(2.82868 -0.47368 0)
(2.83392 -0.473948 0)
(2.84007 -0.472967 0)
(2.84673 -0.471841 0)
(2.85232 -0.473423 0)
(2.85652 -0.476565 0)
(2.85905 -0.479509 0)
(2.85692 -0.47806 0)
(2.84918 -0.469891 0)
(2.84712 -0.464056 0)
(2.85218 -0.462713 0)
(2.85849 -0.462943 0)
(2.86483 -0.463714 0)
(2.87214 -0.46422 0)
(2.8799 -0.463569 0)
(2.88688 -0.462592 0)
(2.89291 -0.462277 0)
(2.89792 -0.463231 0)
(2.90206 -0.4656 0)
(2.90509 -0.467916 0)
(2.90683 -0.466625 0)
(2.90865 -0.462553 0)
(2.91073 -0.457587 0)
(2.91168 -0.452254 0)
(2.91104 -0.447873 0)
(2.91043 -0.446446 0)
(2.91126 -0.446232 0)
(2.9135 -0.44622 0)
(2.91859 -0.447373 0)
(2.92541 -0.449168 0)
(2.93194 -0.451058 0)
(2.93775 -0.451539 0)
(2.94312 -0.450732 0)
(2.94817 -0.449409 0)
(2.95209 -0.449005 0)
(2.95675 -0.448826 0)
(2.9616 -0.448497 0)
(2.96526 -0.447323 0)
(2.96355 -0.443033 0)
(2.95563 -0.437058 0)
(2.9526 -0.433502 0)
(2.95553 -0.432559 0)
(2.95911 -0.432535 0)
(2.9617 -0.432481 0)
(2.96392 -0.432872 0)
(2.97011 -0.433884 0)
(2.97494 -0.434639 0)
(2.98201 -0.43547 0)
(2.9892 -0.434932 0)
(2.99514 -0.435248 0)
(3.0037 -0.435217 0)
(3.01022 -0.433644 0)
(3.00725 -0.429507 0)
(2.99693 -0.42504 0)
(2.99735 -0.421011 0)
(3.00065 -0.420268 0)
(3.00574 -0.420423 0)
(3.01217 -0.421434 0)
(3.01803 -0.422529 0)
(3.02326 -0.423687 0)
(3.02911 -0.424017 0)
(3.0352 -0.425056 0)
(3.04025 -0.426759 0)
(3.04347 -0.428653 0)
(3.04532 -0.427936 0)
(3.04129 -0.428205 0)
(3.03561 -0.420489 0)
)
;
    }
    procBoundary15to14
    {
        type            processor;
        value           nonuniform List<vector> 
32
(
(2.55938 -0.493878 0)
(2.56476 -0.486493 0)
(2.56768 -0.468679 0)
(2.57164 -0.453946 0)
(2.57472 -0.438178 0)
(2.57649 -0.417019 0)
(2.57711 -0.395897 0)
(2.58148 -0.379214 0)
(2.57358 -0.365416 0)
(2.57202 -0.351007 0)
(2.57788 -0.336335 0)
(2.58923 -0.327684 0)
(2.59986 -0.319976 0)
(2.60484 -0.303125 0)
(2.60963 -0.283154 0)
(2.61479 -0.26279 0)
(2.61781 -0.239927 0)
(2.61393 -0.219925 0)
(2.61702 -0.202469 0)
(2.6168 -0.187585 0)
(2.61002 -0.180403 0)
(2.60251 -0.173903 0)
(2.60031 -0.163316 0)
(2.60628 -0.149484 0)
(2.61233 -0.12977 0)
(2.61891 -0.108908 0)
(2.62662 -0.0873255 0)
(2.62435 -0.0636281 0)
(2.62978 -0.0431123 0)
(2.62806 -0.0237441 0)
(2.63234 -0.00849816 0)
(2.62811 -0.0101251 0)
)
;
    }
}


// ************************************************************************* //
