/*--------------------------------*- C++ -*----------------------------------*\
  =========                 |
  \\      /  F ield         | OpenFOAM: The Open Source CFD Toolbox
   \\    /   O peration     | Website:  https://openfoam.org
    \\  /    A nd           | Version:  7
     \\/     M anipulation  |
\*---------------------------------------------------------------------------*/
FoamFile
{
    version     2.0;
    format      ascii;
    class       volVectorField;
    location    "3.6";
    object      U;
}
// * * * * * * * * * * * * * * * * * * * * * * * * * * * * * * * * * * * * * //

dimensions      [0 1 -1 0 0 0 0];

internalField   nonuniform List<vector> 
4128
(
(2.46343 -0.437097 0)
(2.47107 -0.440366 0)
(2.47845 -0.444336 0)
(2.48419 -0.448887 0)
(2.48766 -0.452486 0)
(2.48886 -0.45135 0)
(2.49055 -0.444305 0)
(2.49175 -0.434264 0)
(2.49269 -0.426575 0)
(2.49694 -0.424677 0)
(2.50357 -0.425268 0)
(2.50967 -0.426677 0)
(2.51536 -0.429553 0)
(2.52116 -0.433282 0)
(2.5258 -0.438418 0)
(2.52773 -0.443131 0)
(2.53078 -0.443107 0)
(2.53711 -0.440363 0)
(2.54361 -0.436938 0)
(2.54948 -0.432799 0)
(2.55414 -0.428629 0)
(2.5585 -0.4254 0)
(2.5636 -0.423712 0)
(2.56872 -0.422841 0)
(2.57327 -0.42595 0)
(2.57557 -0.432419 0)
(2.57413 -0.437951 0)
(2.57244 -0.438227 0)
(2.57626 -0.435014 0)
(2.58277 -0.431492 0)
(2.58942 -0.428115 0)
(2.59505 -0.425639 0)
(2.59961 -0.424842 0)
(2.60335 -0.425166 0)
(2.60661 -0.425731 0)
(2.60915 -0.426524 0)
(2.61182 -0.427907 0)
(2.61647 -0.428812 0)
(2.62166 -0.429048 0)
(2.62576 -0.427189 0)
(2.62753 -0.42171 0)
(2.62868 -0.416103 0)
(2.63172 -0.413374 0)
(2.63528 -0.412266 0)
(2.63893 -0.412496 0)
(2.64297 -0.414734 0)
(2.64755 -0.416719 0)
(2.65201 -0.41776 0)
(2.65662 -0.418176 0)
(2.66127 -0.418596 0)
(2.66466 -0.417727 0)
(2.66677 -0.415725 0)
(2.66847 -0.412687 0)
(2.67001 -0.409139 0)
(2.67116 -0.406939 0)
(2.67289 -0.406506 0)
(2.67321 -0.408117 0)
(2.67486 -0.411676 0)
(2.6823 -0.414065 0)
(2.68856 -0.41584 0)
(2.69382 -0.416099 0)
(2.6988 -0.413861 0)
(2.70333 -0.411316 0)
(2.70798 -0.409636 0)
(2.712 -0.407968 0)
(2.71421 -0.404921 0)
(2.71399 -0.401385 0)
(2.71029 -0.399307 0)
(2.70657 -0.398024 0)
(2.70881 -0.397548 0)
(2.71363 -0.397402 0)
(2.72011 -0.397192 0)
(2.72644 -0.397385 0)
(2.73232 -0.397688 0)
(2.73704 -0.396329 0)
(2.73985 -0.39361 0)
(2.74165 -0.392393 0)
(2.7429 -0.393598 0)
(2.74318 -0.394707 0)
(2.74192 -0.393836 0)
(2.74127 -0.391008 0)
(2.74447 -0.388667 0)
(2.74969 -0.387755 0)
(2.75448 -0.387198 0)
(2.7586 -0.386607 0)
(2.76164 -0.385045 0)
(2.76276 -0.382233 0)
(2.76385 -0.38076 0)
(2.76585 -0.38035 0)
(2.76836 -0.380518 0)
(2.77026 -0.381645 0)
(2.77005 -0.383301 0)
(2.77045 -0.383647 0)
(2.77651 -0.38313 0)
(2.78208 -0.382853 0)
(2.78721 -0.381273 0)
(2.79171 -0.378948 0)
(2.79561 -0.375687 0)
(2.79887 -0.373345 0)
(2.80172 -0.372733 0)
(2.80386 -0.373554 0)
(2.80215 -0.375777 0)
(2.79738 -0.376566 0)
(2.79819 -0.376341 0)
(2.80236 -0.374715 0)
(2.80587 -0.373177 0)
(2.80953 -0.370438 0)
(2.81056 -0.362624 0)
(2.80947 -0.347151 0)
(2.80035 -0.311596 0)
(2.77231 -0.235994 0)
(2.74958 -0.137071 0)
(2.70271 0.0143073 0)
(2.66896 0.0903535 0)
(2.67365 0.106831 0)
(2.64332 0.159199 0)
(2.61827 0.213076 0)
(2.5988 0.245919 0)
(2.59258 0.246927 0)
(2.59383 0.247977 0)
(2.59452 0.243632 0)
(2.59567 0.237123 0)
(2.59948 0.232912 0)
(2.60334 0.233494 0)
(2.6043 0.235823 0)
(2.6029 0.240861 0)
(2.60057 0.249021 0)
(2.59792 0.258416 0)
(2.59736 0.265811 0)
(2.46106 -0.419817 0)
(2.4676 -0.422688 0)
(2.47404 -0.425689 0)
(2.48072 -0.429873 0)
(2.48748 -0.433797 0)
(2.49371 -0.436162 0)
(2.49939 -0.43512 0)
(2.50456 -0.430611 0)
(2.50762 -0.422696 0)
(2.50648 -0.413118 0)
(2.50517 -0.408882 0)
(2.50698 -0.410619 0)
(2.50971 -0.414701 0)
(2.51367 -0.418888 0)
(2.52028 -0.421772 0)
(2.52768 -0.423515 0)
(2.53541 -0.425432 0)
(2.54254 -0.425585 0)
(2.54959 -0.424473 0)
(2.55701 -0.421798 0)
(2.56362 -0.418168 0)
(2.56723 -0.41371 0)
(2.56721 -0.410651 0)
(2.56614 -0.410327 0)
(2.56558 -0.411908 0)
(2.56845 -0.416579 0)
(2.57299 -0.420717 0)
(2.57698 -0.422668 0)
(2.58102 -0.421458 0)
(2.58584 -0.417927 0)
(2.59029 -0.413343 0)
(2.59429 -0.409904 0)
(2.59842 -0.408679 0)
(2.6025 -0.409149 0)
(2.60621 -0.410553 0)
(2.60962 -0.411895 0)
(2.6127 -0.412488 0)
(2.61625 -0.412623 0)
(2.62131 -0.412442 0)
(2.6274 -0.411557 0)
(2.63257 -0.408425 0)
(2.63421 -0.402438 0)
(2.63377 -0.398676 0)
(2.63685 -0.39886 0)
(2.64105 -0.399208 0)
(2.64625 -0.400175 0)
(2.65075 -0.401622 0)
(2.65411 -0.403099 0)
(2.65757 -0.40419 0)
(2.66292 -0.404486 0)
(2.6685 -0.403856 0)
(2.67294 -0.401516 0)
(2.67496 -0.397646 0)
(2.67261 -0.394033 0)
(2.66787 -0.393329 0)
(2.66631 -0.395058 0)
(2.66906 -0.396481 0)
(2.67505 -0.397617 0)
(2.6807 -0.39766 0)
(2.68616 -0.397404 0)
(2.69295 -0.397083 0)
(2.70029 -0.39621 0)
(2.70625 -0.396179 0)
(2.71219 -0.396296 0)
(2.71683 -0.395436 0)
(2.71845 -0.392787 0)
(2.71401 -0.389153 0)
(2.70581 -0.38649 0)
(2.70507 -0.385415 0)
(2.70877 -0.384918 0)
(2.71293 -0.384377 0)
(2.71751 -0.383701 0)
(2.72322 -0.382889 0)
(2.73031 -0.381799 0)
(2.73745 -0.380007 0)
(2.7434 -0.379656 0)
(2.74832 -0.380345 0)
(2.75019 -0.381588 0)
(2.74679 -0.382695 0)
(2.74332 -0.383126 0)
(2.7453 -0.38157 0)
(2.74848 -0.379073 0)
(2.75114 -0.376551 0)
(2.75314 -0.374463 0)
(2.75571 -0.372819 0)
(2.75987 -0.37168 0)
(2.76408 -0.370555 0)
(2.76711 -0.36957 0)
(2.76956 -0.369741 0)
(2.7719 -0.370361 0)
(2.77356 -0.371588 0)
(2.77381 -0.373594 0)
(2.77281 -0.37272 0)
(2.77363 -0.370321 0)
(2.77785 -0.368383 0)
(2.78396 -0.366495 0)
(2.79066 -0.363997 0)
(2.79649 -0.361718 0)
(2.80145 -0.360802 0)
(2.80441 -0.359204 0)
(2.80338 -0.360141 0)
(2.80174 -0.363152 0)
(2.80043 -0.365136 0)
(2.79901 -0.364993 0)
(2.80182 -0.363708 0)
(2.8062 -0.363043 0)
(2.8109 -0.362102 0)
(2.81523 -0.358691 0)
(2.81716 -0.3578 0)
(2.81925 -0.350454 0)
(2.81712 -0.341476 0)
(2.81039 -0.316028 0)
(2.79584 -0.269194 0)
(2.76298 -0.176563 0)
(2.74404 -0.0770833 0)
(2.68268 0.0796276 0)
(2.65752 0.131622 0)
(2.66349 0.145932 0)
(2.63753 0.184637 0)
(2.61712 0.240285 0)
(2.60454 0.252869 0)
(2.59874 0.248727 0)
(2.60237 0.24805 0)
(2.60342 0.246271 0)
(2.60371 0.248918 0)
(2.60383 0.251826 0)
(2.60427 0.255912 0)
(2.60423 0.260471 0)
(2.60253 0.265762 0)
(2.46172 -0.403565 0)
(2.46648 -0.407642 0)
(2.47101 -0.411454 0)
(2.47733 -0.414303 0)
(2.48604 -0.416151 0)
(2.49425 -0.417457 0)
(2.50314 -0.418399 0)
(2.51126 -0.418795 0)
(2.51832 -0.416579 0)
(2.52053 -0.410313 0)
(2.51623 -0.401984 0)
(2.51163 -0.398878 0)
(2.51119 -0.400637 0)
(2.5155 -0.403142 0)
(2.52259 -0.404433 0)
(2.529 -0.405267 0)
(2.53568 -0.406188 0)
(2.54431 -0.407156 0)
(2.55355 -0.407874 0)
(2.5609 -0.40851 0)
(2.56892 -0.408979 0)
(2.57511 -0.407 0)
(2.57572 -0.403208 0)
(2.56928 -0.400625 0)
(2.56328 -0.400719 0)
(2.56689 -0.401809 0)
(2.57427 -0.402968 0)
(2.58064 -0.404481 0)
(2.58673 -0.406615 0)
(2.59295 -0.407709 0)
(2.59766 -0.405623 0)
(2.60067 -0.401267 0)
(2.60272 -0.398152 0)
(2.60576 -0.397357 0)
(2.60943 -0.397897 0)
(2.61297 -0.399051 0)
(2.61692 -0.399612 0)
(2.62191 -0.399592 0)
(2.62743 -0.398942 0)
(2.63265 -0.397671 0)
(2.63695 -0.396309 0)
(2.63976 -0.393844 0)
(2.63848 -0.38842 0)
(2.63628 -0.386095 0)
(2.6419 -0.38791 0)
(2.6477 -0.388541 0)
(2.65365 -0.389605 0)
(2.659 -0.390782 0)
(2.6615 -0.390048 0)
(2.66377 -0.38841 0)
(2.66973 -0.387971 0)
(2.67651 -0.387945 0)
(2.6821 -0.387224 0)
(2.6819 -0.384416 0)
(2.67193 -0.381005 0)
(2.66887 -0.382103 0)
(2.67373 -0.383572 0)
(2.6783 -0.383467 0)
(2.68364 -0.382935 0)
(2.68901 -0.38165 0)
(2.69351 -0.380749 0)
(2.69783 -0.380252 0)
(2.703 -0.379922 0)
(2.70955 -0.379788 0)
(2.71646 -0.380244 0)
(2.72181 -0.381151 0)
(2.72037 -0.380247 0)
(2.71067 -0.376578 0)
(2.70812 -0.373614 0)
(2.71171 -0.372828 0)
(2.71659 -0.372737 0)
(2.72245 -0.372245 0)
(2.72772 -0.370853 0)
(2.73162 -0.368501 0)
(2.73539 -0.365761 0)
(2.74035 -0.365096 0)
(2.745 -0.366129 0)
(2.74711 -0.368219 0)
(2.74505 -0.370718 0)
(2.74414 -0.371181 0)
(2.74835 -0.37055 0)
(2.7529 -0.369938 0)
(2.75715 -0.36845 0)
(2.76028 -0.36532 0)
(2.76209 -0.361211 0)
(2.76275 -0.357863 0)
(2.76295 -0.356832 0)
(2.76357 -0.357308 0)
(2.76479 -0.358487 0)
(2.76677 -0.359879 0)
(2.76865 -0.360275 0)
(2.77085 -0.359891 0)
(2.7755 -0.360572 0)
(2.77973 -0.360601 0)
(2.78432 -0.359649 0)
(2.78884 -0.356824 0)
(2.79217 -0.352291 0)
(2.79515 -0.348732 0)
(2.7995 -0.347595 0)
(2.80386 -0.347676 0)
(2.80553 -0.347972 0)
(2.80075 -0.351011 0)
(2.80091 -0.353059 0)
(2.80458 -0.35434 0)
(2.8084 -0.353624 0)
(2.81116 -0.352641 0)
(2.81348 -0.350141 0)
(2.81473 -0.348062 0)
(2.81632 -0.346079 0)
(2.81793 -0.344041 0)
(2.81943 -0.344637 0)
(2.82197 -0.342576 0)
(2.82204 -0.337553 0)
(2.82095 -0.325528 0)
(2.81172 -0.29234 0)
(2.7889 -0.227815 0)
(2.74669 -0.111562 0)
(2.72621 -0.00795249 0)
(2.66465 0.140322 0)
(2.64578 0.174551 0)
(2.656 0.175867 0)
(2.6418 0.211699 0)
(2.62422 0.249485 0)
(2.60972 0.252674 0)
(2.60934 0.253031 0)
(2.6105 0.257165 0)
(2.60955 0.263645 0)
(2.60791 0.267775 0)
(2.60583 0.273177 0)
(2.4641 -0.387103 0)
(2.46855 -0.391462 0)
(2.47211 -0.397311 0)
(2.4799 -0.400546 0)
(2.48724 -0.401489 0)
(2.49492 -0.401551 0)
(2.5041 -0.400935 0)
(2.51272 -0.400844 0)
(2.52186 -0.401307 0)
(2.52887 -0.399721 0)
(2.52631 -0.394352 0)
(2.51274 -0.389254 0)
(2.50941 -0.389493 0)
(2.51649 -0.389991 0)
(2.52325 -0.389708 0)
(2.53022 -0.38953 0)
(2.53722 -0.389453 0)
(2.54487 -0.389385 0)
(2.55324 -0.389979 0)
(2.56053 -0.391132 0)
(2.56811 -0.392389 0)
(2.57606 -0.393439 0)
(2.58065 -0.393246 0)
(2.57489 -0.391753 0)
(2.56667 -0.390386 0)
(2.56906 -0.388998 0)
(2.57452 -0.387975 0)
(2.58045 -0.387599 0)
(2.5871 -0.387781 0)
(2.59375 -0.388037 0)
(2.60026 -0.387744 0)
(2.60558 -0.386521 0)
(2.60623 -0.383808 0)
(2.60264 -0.383045 0)
(2.60286 -0.383458 0)
(2.60759 -0.383305 0)
(2.61366 -0.383002 0)
(2.61975 -0.382957 0)
(2.62556 -0.382573 0)
(2.63099 -0.381201 0)
(2.63583 -0.37955 0)
(2.64014 -0.37874 0)
(2.64323 -0.377672 0)
(2.64357 -0.373798 0)
(2.64119 -0.373567 0)
(2.64205 -0.37648 0)
(2.64747 -0.376845 0)
(2.65452 -0.376106 0)
(2.66176 -0.375984 0)
(2.66812 -0.376339 0)
(2.67438 -0.376182 0)
(2.68043 -0.37548 0)
(2.6857 -0.374911 0)
(2.68717 -0.374027 0)
(2.67868 -0.37078 0)
(2.67019 -0.367743 0)
(2.67289 -0.36778 0)
(2.67702 -0.368072 0)
(2.6823 -0.367982 0)
(2.68853 -0.367615 0)
(2.69492 -0.367624 0)
(2.70175 -0.368017 0)
(2.70824 -0.368672 0)
(2.7139 -0.369411 0)
(2.72022 -0.370242 0)
(2.7258 -0.371831 0)
(2.72478 -0.372241 0)
(2.71507 -0.367986 0)
(2.71232 -0.363091 0)
(2.71662 -0.360816 0)
(2.72079 -0.359442 0)
(2.72392 -0.357583 0)
(2.72823 -0.355174 0)
(2.73365 -0.353735 0)
(2.73803 -0.353245 0)
(2.74273 -0.35366 0)
(2.74721 -0.354592 0)
(2.74925 -0.35697 0)
(2.74761 -0.360253 0)
(2.74557 -0.359306 0)
(2.74827 -0.356911 0)
(2.75277 -0.354831 0)
(2.75778 -0.352586 0)
(2.76247 -0.350407 0)
(2.76661 -0.348653 0)
(2.7694 -0.347056 0)
(2.76963 -0.345739 0)
(2.76697 -0.344748 0)
(2.76547 -0.34599 0)
(2.76679 -0.347794 0)
(2.76935 -0.34804 0)
(2.77265 -0.346436 0)
(2.77553 -0.344783 0)
(2.7788 -0.343607 0)
(2.78419 -0.34274 0)
(2.78986 -0.342382 0)
(2.79499 -0.341678 0)
(2.79948 -0.339474 0)
(2.80146 -0.336385 0)
(2.80006 -0.336761 0)
(2.79804 -0.339195 0)
(2.79862 -0.339324 0)
(2.80196 -0.338357 0)
(2.80529 -0.337166 0)
(2.80885 -0.336227 0)
(2.81244 -0.336803 0)
(2.816 -0.337082 0)
(2.81907 -0.337408 0)
(2.82083 -0.336569 0)
(2.8213 -0.33451 0)
(2.82174 -0.333354 0)
(2.82271 -0.332317 0)
(2.82429 -0.332138 0)
(2.82852 -0.33211 0)
(2.83068 -0.330392 0)
(2.83018 -0.321399 0)
(2.82313 -0.297454 0)
(2.8071 -0.246066 0)
(2.7685 -0.149834 0)
(2.73286 -0.052662 0)
(2.6963 0.0746944 0)
(2.65776 0.207021 0)
(2.65174 0.200415 0)
(2.65214 0.204487 0)
(2.64077 0.229139 0)
(2.63051 0.245853 0)
(2.62363 0.257145 0)
(2.61985 0.265825 0)
(2.61546 0.276015 0)
(2.46142 -0.374139 0)
(2.46425 -0.378646 0)
(2.47269 -0.382001 0)
(2.48013 -0.383588 0)
(2.48851 -0.38497 0)
(2.49823 -0.386257 0)
(2.50915 -0.387026 0)
(2.51641 -0.387028 0)
(2.52512 -0.387513 0)
(2.53389 -0.387367 0)
(2.53605 -0.386257 0)
(2.52215 -0.382455 0)
(2.51249 -0.378187 0)
(2.51703 -0.376113 0)
(2.52372 -0.375258 0)
(2.53155 -0.374882 0)
(2.54002 -0.374767 0)
(2.54937 -0.37476 0)
(2.55808 -0.375132 0)
(2.56529 -0.376366 0)
(2.57213 -0.37782 0)
(2.57897 -0.379383 0)
(2.58327 -0.381435 0)
(2.57778 -0.383342 0)
(2.56979 -0.381981 0)
(2.57207 -0.379136 0)
(2.57772 -0.376953 0)
(2.58345 -0.374983 0)
(2.58862 -0.373198 0)
(2.59386 -0.371879 0)
(2.59996 -0.371034 0)
(2.60604 -0.370588 0)
(2.60966 -0.370672 0)
(2.60868 -0.371902 0)
(2.6078 -0.372808 0)
(2.61191 -0.372717 0)
(2.61795 -0.372487 0)
(2.62415 -0.372352 0)
(2.63017 -0.371837 0)
(2.63604 -0.370463 0)
(2.64124 -0.367823 0)
(2.6453 -0.364091 0)
(2.64646 -0.361319 0)
(2.64196 -0.360504 0)
(2.63719 -0.360873 0)
(2.6422 -0.362146 0)
(2.64785 -0.362883 0)
(2.6529 -0.362281 0)
(2.65754 -0.360408 0)
(2.66392 -0.35997 0)
(2.67223 -0.361413 0)
(2.68041 -0.363426 0)
(2.68783 -0.365018 0)
(2.69141 -0.364122 0)
(2.68405 -0.359803 0)
(2.67322 -0.355353 0)
(2.67465 -0.35446 0)
(2.67855 -0.354654 0)
(2.68276 -0.35461 0)
(2.6876 -0.35391 0)
(2.69339 -0.353286 0)
(2.69948 -0.35313 0)
(2.70584 -0.35402 0)
(2.71229 -0.355413 0)
(2.71866 -0.35728 0)
(2.72344 -0.359176 0)
(2.72419 -0.360498 0)
(2.71972 -0.358101 0)
(2.71474 -0.351915 0)
(2.71509 -0.347133 0)
(2.71962 -0.344959 0)
(2.72493 -0.343536 0)
(2.72931 -0.341312 0)
(2.73293 -0.338937 0)
(2.73671 -0.338773 0)
(2.7391 -0.341026 0)
(2.74005 -0.343671 0)
(2.73907 -0.346473 0)
(2.74324 -0.34844 0)
(2.74897 -0.349302 0)
(2.75343 -0.347756 0)
(2.75791 -0.343686 0)
(2.76202 -0.339778 0)
(2.76547 -0.336503 0)
(2.7675 -0.333819 0)
(2.76803 -0.332225 0)
(2.76784 -0.331768 0)
(2.76799 -0.332419 0)
(2.76646 -0.333814 0)
(2.76665 -0.335813 0)
(2.77187 -0.336181 0)
(2.77635 -0.336096 0)
(2.78129 -0.336073 0)
(2.78611 -0.335024 0)
(2.78988 -0.332355 0)
(2.7925 -0.329189 0)
(2.79488 -0.326992 0)
(2.79706 -0.326077 0)
(2.79738 -0.325825 0)
(2.79432 -0.325661 0)
(2.79553 -0.327229 0)
(2.79964 -0.327408 0)
(2.80388 -0.326919 0)
(2.80872 -0.326473 0)
(2.81367 -0.326089 0)
(2.81823 -0.326007 0)
(2.82051 -0.32501 0)
(2.82081 -0.324512 0)
(2.82211 -0.325209 0)
(2.82453 -0.325183 0)
(2.82584 -0.323821 0)
(2.82591 -0.321923 0)
(2.82687 -0.322996 0)
(2.83055 -0.321793 0)
(2.83447 -0.320772 0)
(2.83777 -0.318082 0)
(2.83954 -0.315899 0)
(2.83768 -0.310309 0)
(2.82995 -0.289865 0)
(2.81697 -0.254267 0)
(2.78849 -0.188016 0)
(2.7497 -0.0808984 0)
(2.73303 0.00228002 0)
(2.67701 0.164401 0)
(2.65481 0.238485 0)
(2.65907 0.213432 0)
(2.65245 0.228067 0)
(2.64216 0.247692 0)
(2.62982 0.264372 0)
(2.46493 -0.362592 0)
(2.46637 -0.363406 0)
(2.47316 -0.364227 0)
(2.47998 -0.365232 0)
(2.48747 -0.365925 0)
(2.49704 -0.366019 0)
(2.50876 -0.367894 0)
(2.51885 -0.371614 0)
(2.52722 -0.375487 0)
(2.53559 -0.378672 0)
(2.54007 -0.380067 0)
(2.53118 -0.375456 0)
(2.51759 -0.366244 0)
(2.52041 -0.362704 0)
(2.52729 -0.361573 0)
(2.53357 -0.360287 0)
(2.54044 -0.358521 0)
(2.54872 -0.356741 0)
(2.5567 -0.356859 0)
(2.56471 -0.358283 0)
(2.57223 -0.360942 0)
(2.57787 -0.365828 0)
(2.5802 -0.370502 0)
(2.57605 -0.372686 0)
(2.572 -0.371452 0)
(2.57568 -0.368413 0)
(2.58188 -0.365697 0)
(2.58798 -0.363218 0)
(2.59346 -0.361161 0)
(2.5984 -0.359378 0)
(2.60285 -0.357692 0)
(2.60632 -0.357277 0)
(2.60733 -0.358587 0)
(2.60595 -0.359601 0)
(2.608 -0.36032 0)
(2.61362 -0.360396 0)
(2.61968 -0.359895 0)
(2.62624 -0.358625 0)
(2.63333 -0.357013 0)
(2.63968 -0.355516 0)
(2.64552 -0.354655 0)
(2.65085 -0.353471 0)
(2.65313 -0.351631 0)
(2.64721 -0.350598 0)
(2.6398 -0.349378 0)
(2.64286 -0.348357 0)
(2.64848 -0.348439 0)
(2.65428 -0.348806 0)
(2.66148 -0.348651 0)
(2.6685 -0.348841 0)
(2.67575 -0.349422 0)
(2.68229 -0.350499 0)
(2.68847 -0.352128 0)
(2.69232 -0.353584 0)
(2.68692 -0.351006 0)
(2.6744 -0.34442 0)
(2.67401 -0.341269 0)
(2.67966 -0.340763 0)
(2.6852 -0.340709 0)
(2.69166 -0.340169 0)
(2.6983 -0.339882 0)
(2.70565 -0.340773 0)
(2.71233 -0.341386 0)
(2.71801 -0.342062 0)
(2.72285 -0.343226 0)
(2.72602 -0.344059 0)
(2.72581 -0.344446 0)
(2.72287 -0.345981 0)
(2.72115 -0.346165 0)
(2.72259 -0.342451 0)
(2.7258 -0.337097 0)
(2.72925 -0.332341 0)
(2.73311 -0.329477 0)
(2.73695 -0.327385 0)
(2.74 -0.32552 0)
(2.7415 -0.324928 0)
(2.73853 -0.329431 0)
(2.73596 -0.332621 0)
(2.74131 -0.332975 0)
(2.74651 -0.332452 0)
(2.75362 -0.330951 0)
(2.76076 -0.328606 0)
(2.76641 -0.327494 0)
(2.77165 -0.326489 0)
(2.77455 -0.325235 0)
(2.77475 -0.323167 0)
(2.773 -0.320276 0)
(2.7676 -0.319497 0)
(2.76194 -0.322307 0)
(2.76347 -0.32303 0)
(2.76758 -0.322468 0)
(2.77267 -0.321644 0)
(2.77861 -0.32051 0)
(2.78523 -0.319709 0)
(2.79172 -0.319066 0)
(2.79685 -0.318835 0)
(2.80146 -0.318405 0)
(2.80429 -0.316812 0)
(2.8028 -0.314613 0)
(2.79541 -0.313829 0)
(2.79167 -0.315417 0)
(2.79551 -0.315834 0)
(2.80007 -0.315662 0)
(2.80511 -0.315184 0)
(2.81002 -0.313966 0)
(2.81408 -0.312504 0)
(2.8178 -0.311685 0)
(2.82126 -0.311285 0)
(2.82389 -0.310459 0)
(2.82598 -0.308901 0)
(2.82589 -0.308164 0)
(2.82379 -0.309249 0)
(2.82343 -0.31032 0)
(2.82638 -0.310762 0)
(2.83062 -0.310596 0)
(2.83535 -0.309308 0)
(2.83919 -0.308812 0)
(2.84211 -0.306805 0)
(2.84112 -0.303741 0)
(2.83675 -0.295283 0)
(2.8337 -0.282905 0)
(2.82675 -0.263057 0)
(2.81131 -0.217601 0)
(2.7754 -0.117455 0)
(2.75092 -0.0248984 0)
(2.72832 0.0665302 0)
(2.66907 0.228705 0)
(2.66116 0.244666 0)
(2.64898 0.251421 0)
(2.46983 -0.352767 0)
(2.46834 -0.348492 0)
(2.47618 -0.347858 0)
(2.48415 -0.348541 0)
(2.49168 -0.349325 0)
(2.50337 -0.350207 0)
(2.51345 -0.351024 0)
(2.52215 -0.353063 0)
(2.53044 -0.356953 0)
(2.53607 -0.361907 0)
(2.53878 -0.36647 0)
(2.53571 -0.367437 0)
(2.52786 -0.360285 0)
(2.5248 -0.349932 0)
(2.53044 -0.34515 0)
(2.53823 -0.344224 0)
(2.545 -0.343251 0)
(2.55242 -0.34216 0)
(2.55967 -0.342949 0)
(2.56847 -0.344646 0)
(2.57619 -0.347187 0)
(2.581 -0.350863 0)
(2.57953 -0.356141 0)
(2.57332 -0.359481 0)
(2.57252 -0.358381 0)
(2.57784 -0.355294 0)
(2.58405 -0.351812 0)
(2.58998 -0.348284 0)
(2.5957 -0.346069 0)
(2.60147 -0.345544 0)
(2.60688 -0.345731 0)
(2.61117 -0.346408 0)
(2.61152 -0.347455 0)
(2.60919 -0.347964 0)
(2.60932 -0.346234 0)
(2.61347 -0.344789 0)
(2.61954 -0.343895 0)
(2.6263 -0.342724 0)
(2.63351 -0.34113 0)
(2.64075 -0.340224 0)
(2.64731 -0.340271 0)
(2.65267 -0.340457 0)
(2.65445 -0.341025 0)
(2.64972 -0.341364 0)
(2.64188 -0.338303 0)
(2.64111 -0.335 0)
(2.64678 -0.333683 0)
(2.65229 -0.333563 0)
(2.65829 -0.334057 0)
(2.66516 -0.334592 0)
(2.67263 -0.335592 0)
(2.67984 -0.337323 0)
(2.68558 -0.339469 0)
(2.68848 -0.34175 0)
(2.68655 -0.34298 0)
(2.67925 -0.338099 0)
(2.6748 -0.330782 0)
(2.67883 -0.327236 0)
(2.68408 -0.324977 0)
(2.68903 -0.323556 0)
(2.6956 -0.323831 0)
(2.7023 -0.324847 0)
(2.70881 -0.325415 0)
(2.7148 -0.325947 0)
(2.71867 -0.327503 0)
(2.72084 -0.329392 0)
(2.72134 -0.331093 0)
(2.72123 -0.332237 0)
(2.72423 -0.332825 0)
(2.72897 -0.331931 0)
(2.73347 -0.328218 0)
(2.73647 -0.321733 0)
(2.73726 -0.315998 0)
(2.7369 -0.313688 0)
(2.736 -0.313569 0)
(2.73277 -0.314872 0)
(2.73618 -0.318478 0)
(2.74249 -0.320277 0)
(2.74692 -0.320336 0)
(2.75153 -0.318801 0)
(2.75556 -0.316472 0)
(2.76063 -0.314718 0)
(2.76652 -0.313376 0)
(2.77216 -0.311814 0)
(2.77654 -0.310247 0)
(2.77778 -0.308992 0)
(2.77375 -0.308201 0)
(2.76446 -0.308785 0)
(2.76219 -0.309442 0)
(2.76687 -0.310053 0)
(2.77153 -0.310205 0)
(2.77644 -0.309994 0)
(2.78129 -0.308691 0)
(2.78594 -0.307239 0)
(2.79111 -0.305471 0)
(2.79592 -0.30478 0)
(2.80058 -0.30502 0)
(2.8049 -0.305239 0)
(2.80678 -0.304483 0)
(2.80201 -0.3033 0)
(2.79601 -0.303559 0)
(2.7982 -0.303673 0)
(2.8025 -0.303448 0)
(2.80745 -0.302977 0)
(2.81246 -0.302057 0)
(2.81691 -0.300911 0)
(2.8212 -0.300417 0)
(2.82556 -0.300225 0)
(2.82943 -0.299701 0)
(2.83201 -0.29883 0)
(2.83253 -0.298262 0)
(2.82966 -0.297957 0)
(2.82755 -0.297781 0)
(2.82985 -0.298529 0)
(2.83381 -0.298498 0)
(2.83773 -0.297788 0)
(2.84127 -0.297302 0)
(2.84446 -0.29642 0)
(2.84588 -0.295002 0)
(2.8423 -0.290594 0)
(2.83857 -0.284065 0)
(2.83934 -0.280731 0)
(2.83946 -0.278224 0)
(2.83646 -0.264885 0)
(2.82681 -0.229093 0)
(2.80072 -0.153905 0)
(2.77011 -0.0562123 0)
(2.74775 0.0374886 0)
(2.69078 0.192432 0)
(2.47822 -0.347103 0)
(2.47495 -0.339583 0)
(2.48059 -0.334983 0)
(2.48808 -0.332556 0)
(2.49466 -0.331584 0)
(2.50166 -0.332733 0)
(2.50918 -0.335147 0)
(2.51709 -0.337903 0)
(2.52438 -0.3408 0)
(2.53022 -0.343442 0)
(2.534 -0.347273 0)
(2.53547 -0.352304 0)
(2.53559 -0.353551 0)
(2.53707 -0.347195 0)
(2.5403 -0.337288 0)
(2.54301 -0.328595 0)
(2.54657 -0.325243 0)
(2.55173 -0.326537 0)
(2.55752 -0.329268 0)
(2.56374 -0.331732 0)
(2.56975 -0.333463 0)
(2.57236 -0.335773 0)
(2.57156 -0.341718 0)
(2.5727 -0.345869 0)
(2.57628 -0.345589 0)
(2.58107 -0.343012 0)
(2.58645 -0.339434 0)
(2.59212 -0.335384 0)
(2.59736 -0.331706 0)
(2.60175 -0.330013 0)
(2.60467 -0.33119 0)
(2.60558 -0.332917 0)
(2.6049 -0.333275 0)
(2.60592 -0.333218 0)
(2.61205 -0.33325 0)
(2.61897 -0.332404 0)
(2.6252 -0.331065 0)
(2.63101 -0.329918 0)
(2.6363 -0.328099 0)
(2.64134 -0.326122 0)
(2.64666 -0.326231 0)
(2.65059 -0.327889 0)
(2.64997 -0.329863 0)
(2.64483 -0.329433 0)
(2.64344 -0.327682 0)
(2.64629 -0.324451 0)
(2.65005 -0.321099 0)
(2.65573 -0.320497 0)
(2.6629 -0.321427 0)
(2.6694 -0.322187 0)
(2.67564 -0.322887 0)
(2.68177 -0.323962 0)
(2.68686 -0.325516 0)
(2.6897 -0.328076 0)
(2.68899 -0.33073 0)
(2.68444 -0.329768 0)
(2.6821 -0.324039 0)
(2.68465 -0.317721 0)
(2.68931 -0.313642 0)
(2.69421 -0.311409 0)
(2.69917 -0.310934 0)
(2.70449 -0.311963 0)
(2.71059 -0.312963 0)
(2.71728 -0.312922 0)
(2.72285 -0.312177 0)
(2.72328 -0.314404 0)
(2.7221 -0.318501 0)
(2.72531 -0.319096 0)
(2.72956 -0.317384 0)
(2.73378 -0.315516 0)
(2.73848 -0.313343 0)
(2.74235 -0.31025 0)
(2.74356 -0.306745 0)
(2.74169 -0.303771 0)
(2.73572 -0.303768 0)
(2.73063 -0.303628 0)
(2.7356 -0.303361 0)
(2.74188 -0.303744 0)
(2.74706 -0.303899 0)
(2.75293 -0.304133 0)
(2.76004 -0.304911 0)
(2.76598 -0.305267 0)
(2.77132 -0.305015 0)
(2.77695 -0.304178 0)
(2.78198 -0.302631 0)
(2.78314 -0.300854 0)
(2.77471 -0.299473 0)
(2.76416 -0.298412 0)
(2.76529 -0.297667 0)
(2.76958 -0.297223 0)
(2.77408 -0.296865 0)
(2.7793 -0.29648 0)
(2.78504 -0.296761 0)
(2.79091 -0.29727 0)
(2.79583 -0.296228 0)
(2.80118 -0.294866 0)
(2.80574 -0.294035 0)
(2.80839 -0.293357 0)
(2.80661 -0.293113 0)
(2.79888 -0.292686 0)
(2.79594 -0.292346 0)
(2.79895 -0.292228 0)
(2.80233 -0.291792 0)
(2.80727 -0.290889 0)
(2.81364 -0.290379 0)
(2.81983 -0.289285 0)
(2.82463 -0.287683 0)
(2.82891 -0.28668 0)
(2.83275 -0.285983 0)
(2.83345 -0.285933 0)
(2.83023 -0.286947 0)
(2.82901 -0.287527 0)
(2.8315 -0.287662 0)
(2.83507 -0.28747 0)
(2.83898 -0.286673 0)
(2.84256 -0.285652 0)
(2.84574 -0.285163 0)
(2.8489 -0.284763 0)
(2.85132 -0.283938 0)
(2.84964 -0.281273 0)
(2.84102 -0.276186 0)
(2.83736 -0.272413 0)
(2.84044 -0.271441 0)
(2.84413 -0.271332 0)
(2.84724 -0.270015 0)
(2.84848 -0.264084 0)
(2.84107 -0.235334 0)
(2.82754 -0.18898 0)
(2.77671 -0.0282362 0)
(2.48375 -0.339444 0)
(2.48386 -0.334239 0)
(2.48814 -0.326138 0)
(2.4932 -0.31934 0)
(2.49928 -0.316467 0)
(2.50677 -0.317004 0)
(2.51396 -0.318699 0)
(2.52079 -0.320756 0)
(2.52628 -0.323367 0)
(2.52806 -0.327639 0)
(2.52718 -0.333195 0)
(2.53119 -0.334803 0)
(2.53854 -0.334322 0)
(2.54512 -0.333164 0)
(2.55078 -0.329593 0)
(2.55436 -0.323292 0)
(2.55565 -0.316145 0)
(2.55701 -0.312078 0)
(2.56071 -0.312385 0)
(2.56475 -0.315353 0)
(2.5673 -0.319235 0)
(2.56622 -0.324464 0)
(2.56814 -0.327657 0)
(2.57596 -0.329081 0)
(2.58221 -0.329641 0)
(2.58812 -0.329368 0)
(2.59279 -0.327153 0)
(2.59689 -0.323856 0)
(2.60149 -0.321197 0)
(2.60628 -0.319618 0)
(2.60938 -0.318746 0)
(2.60832 -0.319593 0)
(2.608 -0.321219 0)
(2.61052 -0.319769 0)
(2.61377 -0.317029 0)
(2.6174 -0.314709 0)
(2.62281 -0.312992 0)
(2.63048 -0.312331 0)
(2.63761 -0.312213 0)
(2.64378 -0.312383 0)
(2.64932 -0.313977 0)
(2.65287 -0.316424 0)
(2.65133 -0.317696 0)
(2.64511 -0.317398 0)
(2.64463 -0.315026 0)
(2.64952 -0.313372 0)
(2.65564 -0.311209 0)
(2.66075 -0.307973 0)
(2.66411 -0.305957 0)
(2.66738 -0.306364 0)
(2.67143 -0.308294 0)
(2.67601 -0.310387 0)
(2.67996 -0.312268 0)
(2.68207 -0.314417 0)
(2.68392 -0.315746 0)
(2.68737 -0.314474 0)
(2.69094 -0.310724 0)
(2.69256 -0.305116 0)
(2.69154 -0.30026 0)
(2.69273 -0.298276 0)
(2.69644 -0.29731 0)
(2.70021 -0.29778 0)
(2.70417 -0.299859 0)
(2.70856 -0.301302 0)
(2.71244 -0.3018 0)
(2.71444 -0.30215 0)
(2.72022 -0.302553 0)
(2.72594 -0.302766 0)
(2.7325 -0.302115 0)
(2.73854 -0.301027 0)
(2.74382 -0.299855 0)
(2.74801 -0.297532 0)
(2.74838 -0.295115 0)
(2.74086 -0.294219 0)
(2.73201 -0.293912 0)
(2.73202 -0.293093 0)
(2.73561 -0.291707 0)
(2.74224 -0.291111 0)
(2.74776 -0.290746 0)
(2.75284 -0.290692 0)
(2.75804 -0.291095 0)
(2.76413 -0.291355 0)
(2.76976 -0.291166 0)
(2.77507 -0.291194 0)
(2.78115 -0.290673 0)
(2.78439 -0.28997 0)
(2.77782 -0.288547 0)
(2.76358 -0.286195 0)
(2.76155 -0.285075 0)
(2.76651 -0.284884 0)
(2.7712 -0.28498 0)
(2.77664 -0.284837 0)
(2.7828 -0.284183 0)
(2.78966 -0.283326 0)
(2.79781 -0.282549 0)
(2.80294 -0.282069 0)
(2.80918 -0.282297 0)
(2.81417 -0.282936 0)
(2.81289 -0.284268 0)
(2.80179 -0.283379 0)
(2.79743 -0.281414 0)
(2.80127 -0.280161 0)
(2.80473 -0.279245 0)
(2.80837 -0.27784 0)
(2.81296 -0.275872 0)
(2.81805 -0.274246 0)
(2.82328 -0.273844 0)
(2.82815 -0.274404 0)
(2.83157 -0.275608 0)
(2.83065 -0.277262 0)
(2.82803 -0.278219 0)
(2.8319 -0.27789 0)
(2.83517 -0.277028 0)
(2.83843 -0.276176 0)
(2.84199 -0.274824 0)
(2.84559 -0.273171 0)
(2.84893 -0.271861 0)
(2.85216 -0.271042 0)
(2.85493 -0.27046 0)
(2.85514 -0.269771 0)
(2.84924 -0.266887 0)
(2.84283 -0.262004 0)
(2.8443 -0.26024 0)
(2.8486 -0.260625 0)
(2.85191 -0.26079 0)
(2.85429 -0.261634 0)
(2.85907 -0.261949 0)
(2.86125 -0.258615 0)
(2.85138 -0.213753 0)
(2.48332 -0.323508 0)
(2.48953 -0.322359 0)
(2.4955 -0.317226 0)
(2.49917 -0.309825 0)
(2.49988 -0.303247 0)
(2.5024 -0.301185 0)
(2.50816 -0.301926 0)
(2.51486 -0.304042 0)
(2.52076 -0.307533 0)
(2.52312 -0.313323 0)
(2.52634 -0.316943 0)
(2.53478 -0.318206 0)
(2.54218 -0.317528 0)
(2.54971 -0.315873 0)
(2.55656 -0.314616 0)
(2.56152 -0.312035 0)
(2.56211 -0.307064 0)
(2.55951 -0.301011 0)
(2.55848 -0.297956 0)
(2.56037 -0.299935 0)
(2.5621 -0.306772 0)
(2.56342 -0.311998 0)
(2.56757 -0.312838 0)
(2.57382 -0.311609 0)
(2.58131 -0.310575 0)
(2.58912 -0.309846 0)
(2.59592 -0.309081 0)
(2.60198 -0.308405 0)
(2.60608 -0.306636 0)
(2.60578 -0.305993 0)
(2.60268 -0.306644 0)
(2.6011 -0.306005 0)
(2.60478 -0.304804 0)
(2.61208 -0.304703 0)
(2.61897 -0.304959 0)
(2.62503 -0.304784 0)
(2.63056 -0.302901 0)
(2.63499 -0.299031 0)
(2.63942 -0.296393 0)
(2.64344 -0.297121 0)
(2.64533 -0.299685 0)
(2.64471 -0.302514 0)
(2.64187 -0.305373 0)
(2.64281 -0.305344 0)
(2.64773 -0.304164 0)
(2.65345 -0.301821 0)
(2.65922 -0.298517 0)
(2.66431 -0.295057 0)
(2.66825 -0.292281 0)
(2.67137 -0.291174 0)
(2.67434 -0.292017 0)
(2.67733 -0.293936 0)
(2.67945 -0.296534 0)
(2.67955 -0.299224 0)
(2.68509 -0.301051 0)
(2.69144 -0.301394 0)
(2.69725 -0.300944 0)
(2.70213 -0.298808 0)
(2.7028 -0.294416 0)
(2.69946 -0.28871 0)
(2.69968 -0.284557 0)
(2.70298 -0.282182 0)
(2.70632 -0.281979 0)
(2.7087 -0.284542 0)
(2.70876 -0.287381 0)
(2.71285 -0.287672 0)
(2.71925 -0.28735 0)
(2.72514 -0.285935 0)
(2.73119 -0.284361 0)
(2.73781 -0.283846 0)
(2.74428 -0.283847 0)
(2.75037 -0.28392 0)
(2.75316 -0.283899 0)
(2.7459 -0.283637 0)
(2.73388 -0.281855 0)
(2.73099 -0.280529 0)
(2.73514 -0.279593 0)
(2.74131 -0.27865 0)
(2.7481 -0.277676 0)
(2.75561 -0.277218 0)
(2.76228 -0.277436 0)
(2.76909 -0.278154 0)
(2.77369 -0.279332 0)
(2.77832 -0.280358 0)
(2.7835 -0.281035 0)
(2.78569 -0.280724 0)
(2.77883 -0.27836 0)
(2.76617 -0.274783 0)
(2.76475 -0.272008 0)
(2.77005 -0.271003 0)
(2.77514 -0.270968 0)
(2.77951 -0.271043 0)
(2.78452 -0.270122 0)
(2.78875 -0.269212 0)
(2.7952 -0.269723 0)
(2.80226 -0.270662 0)
(2.80846 -0.271664 0)
(2.81274 -0.272418 0)
(2.81181 -0.273199 0)
(2.80439 -0.274238 0)
(2.80141 -0.270821 0)
(2.80435 -0.267464 0)
(2.80794 -0.265318 0)
(2.81273 -0.26417 0)
(2.81813 -0.263646 0)
(2.8236 -0.263042 0)
(2.82851 -0.262326 0)
(2.83196 -0.26258 0)
(2.83254 -0.264893 0)
(2.8298 -0.267219 0)
(2.8276 -0.265754 0)
(2.82905 -0.263089 0)
(2.8326 -0.262152 0)
(2.83679 -0.261898 0)
(2.84055 -0.261448 0)
(2.84359 -0.260486 0)
(2.84629 -0.259991 0)
(2.84905 -0.260279 0)
(2.85157 -0.260664 0)
(2.85298 -0.261112 0)
(2.85228 -0.26102 0)
(2.84948 -0.257391 0)
(2.84915 -0.251957 0)
(2.85146 -0.250727 0)
(2.85478 -0.251074 0)
(2.85968 -0.251402 0)
(2.86494 -0.250095 0)
(2.86568 -0.251166 0)
(2.86891 -0.249803 0)
(2.48518 -0.302664 0)
(2.49332 -0.303206 0)
(2.5007 -0.303661 0)
(2.50747 -0.302333 0)
(2.51019 -0.296986 0)
(2.50848 -0.290027 0)
(2.50828 -0.287513 0)
(2.51108 -0.290063 0)
(2.51385 -0.296523 0)
(2.5197 -0.301391 0)
(2.52783 -0.302709 0)
(2.5344 -0.301723 0)
(2.54202 -0.2996 0)
(2.54994 -0.297569 0)
(2.55743 -0.296467 0)
(2.56431 -0.295648 0)
(2.56807 -0.293688 0)
(2.56599 -0.290907 0)
(2.55977 -0.290764 0)
(2.55467 -0.294244 0)
(2.55816 -0.297123 0)
(2.56651 -0.298931 0)
(2.57285 -0.299852 0)
(2.57948 -0.300181 0)
(2.58584 -0.298206 0)
(2.59148 -0.294566 0)
(2.5975 -0.292568 0)
(2.60371 -0.292324 0)
(2.60894 -0.292425 0)
(2.60939 -0.29268 0)
(2.60408 -0.294889 0)
(2.60403 -0.295373 0)
(2.60844 -0.29298 0)
(2.61278 -0.290102 0)
(2.61729 -0.287299 0)
(2.62396 -0.285276 0)
(2.6316 -0.284557 0)
(2.63812 -0.284291 0)
(2.6435 -0.284108 0)
(2.64731 -0.284282 0)
(2.64601 -0.285188 0)
(2.639 -0.290953 0)
(2.64094 -0.293421 0)
(2.64703 -0.292914 0)
(2.65263 -0.291688 0)
(2.65856 -0.290135 0)
(2.6641 -0.288189 0)
(2.6687 -0.285484 0)
(2.67237 -0.281929 0)
(2.675 -0.278714 0)
(2.67783 -0.278402 0)
(2.68094 -0.280423 0)
(2.68409 -0.284282 0)
(2.68602 -0.287814 0)
(2.6877 -0.287653 0)
(2.69242 -0.287197 0)
(2.69851 -0.286995 0)
(2.70484 -0.28674 0)
(2.70952 -0.285062 0)
(2.70884 -0.27959 0)
(2.70252 -0.273126 0)
(2.69713 -0.271419 0)
(2.6966 -0.272581 0)
(2.70144 -0.273612 0)
(2.70946 -0.274531 0)
(2.71536 -0.274794 0)
(2.7214 -0.27382 0)
(2.72907 -0.272859 0)
(2.73512 -0.272769 0)
(2.74208 -0.273148 0)
(2.74879 -0.273688 0)
(2.75507 -0.274456 0)
(2.7578 -0.274974 0)
(2.74913 -0.273432 0)
(2.73291 -0.27074 0)
(2.73234 -0.269174 0)
(2.73943 -0.268463 0)
(2.74487 -0.267523 0)
(2.75036 -0.26601 0)
(2.75722 -0.264076 0)
(2.7649 -0.262908 0)
(2.77178 -0.263344 0)
(2.77684 -0.265122 0)
(2.78134 -0.267231 0)
(2.78567 -0.269316 0)
(2.78743 -0.270919 0)
(2.7802 -0.271077 0)
(2.7695 -0.268079 0)
(2.76806 -0.263184 0)
(2.77102 -0.259198 0)
(2.77582 -0.256424 0)
(2.7815 -0.255435 0)
(2.78716 -0.255678 0)
(2.79323 -0.256603 0)
(2.79954 -0.257587 0)
(2.805 -0.258388 0)
(2.80908 -0.259496 0)
(2.81092 -0.260982 0)
(2.80801 -0.26168 0)
(2.80256 -0.261024 0)
(2.80583 -0.259172 0)
(2.80897 -0.256044 0)
(2.81177 -0.253277 0)
(2.81602 -0.251992 0)
(2.82138 -0.251575 0)
(2.82682 -0.251337 0)
(2.83175 -0.251377 0)
(2.83536 -0.251883 0)
(2.83593 -0.253713 0)
(2.83343 -0.256875 0)
(2.83193 -0.25614 0)
(2.83507 -0.25408 0)
(2.83928 -0.252582 0)
(2.84312 -0.250988 0)
(2.846 -0.248961 0)
(2.84796 -0.2471 0)
(2.8496 -0.246238 0)
(2.85121 -0.246432 0)
(2.85247 -0.246628 0)
(2.85296 -0.246385 0)
(2.85273 -0.244792 0)
(2.85128 -0.242526 0)
(2.84887 -0.240238 0)
(2.84835 -0.239532 0)
(2.85074 -0.239957 0)
(2.85425 -0.240824 0)
(2.85839 -0.240455 0)
(2.86269 -0.241604 0)
(2.86865 -0.241819 0)
(2.48366 -0.28385 0)
(2.49234 -0.284278 0)
(2.50115 -0.285072 0)
(2.50949 -0.285856 0)
(2.51695 -0.285293 0)
(2.51824 -0.280942 0)
(2.51151 -0.277787 0)
(2.5059 -0.280844 0)
(2.50983 -0.283935 0)
(2.51757 -0.285213 0)
(2.52456 -0.285524 0)
(2.53289 -0.285526 0)
(2.54257 -0.284403 0)
(2.55101 -0.282508 0)
(2.55871 -0.281009 0)
(2.56574 -0.279625 0)
(2.57095 -0.2783 0)
(2.56972 -0.277837 0)
(2.55935 -0.280293 0)
(2.5524 -0.28351 0)
(2.5557 -0.283625 0)
(2.56177 -0.282638 0)
(2.56975 -0.282137 0)
(2.57759 -0.282335 0)
(2.58637 -0.2822 0)
(2.59402 -0.281556 0)
(2.60094 -0.280528 0)
(2.60665 -0.278516 0)
(2.6085 -0.279143 0)
(2.60483 -0.281268 0)
(2.60129 -0.281421 0)
(2.60589 -0.280823 0)
(2.61245 -0.280565 0)
(2.61905 -0.280137 0)
(2.62566 -0.278491 0)
(2.63175 -0.274757 0)
(2.63656 -0.270151 0)
(2.64048 -0.267879 0)
(2.64237 -0.269141 0)
(2.64191 -0.271479 0)
(2.63767 -0.275963 0)
(2.63736 -0.27915 0)
(2.64385 -0.279924 0)
(2.64978 -0.279196 0)
(2.65643 -0.278123 0)
(2.66319 -0.277174 0)
(2.66917 -0.274859 0)
(2.6732 -0.27093 0)
(2.67422 -0.267214 0)
(2.67293 -0.265915 0)
(2.67212 -0.266227 0)
(2.67307 -0.269343 0)
(2.67721 -0.272807 0)
(2.68489 -0.273954 0)
(2.69145 -0.27516 0)
(2.69733 -0.275841 0)
(2.7027 -0.275045 0)
(2.70754 -0.272646 0)
(2.71207 -0.269574 0)
(2.71446 -0.265552 0)
(2.70948 -0.261158 0)
(2.69889 -0.258564 0)
(2.69663 -0.258365 0)
(2.70168 -0.259036 0)
(2.70673 -0.259318 0)
(2.71266 -0.25958 0)
(2.71972 -0.259943 0)
(2.72696 -0.259827 0)
(2.7342 -0.259757 0)
(2.74036 -0.26037 0)
(2.74676 -0.261335 0)
(2.75304 -0.262934 0)
(2.75767 -0.26525 0)
(2.75418 -0.266596 0)
(2.73995 -0.262773 0)
(2.73321 -0.256845 0)
(2.73587 -0.253342 0)
(2.74179 -0.251388 0)
(2.74857 -0.25062 0)
(2.75491 -0.250369 0)
(2.76117 -0.250256 0)
(2.7673 -0.250779 0)
(2.77305 -0.251804 0)
(2.77776 -0.253724 0)
(2.781 -0.256209 0)
(2.78203 -0.25843 0)
(2.77738 -0.259195 0)
(2.77026 -0.257253 0)
(2.77137 -0.253875 0)
(2.77548 -0.250548 0)
(2.77951 -0.24665 0)
(2.78407 -0.243785 0)
(2.79029 -0.244082 0)
(2.79607 -0.245128 0)
(2.80194 -0.245778 0)
(2.80753 -0.246137 0)
(2.81228 -0.247217 0)
(2.81432 -0.249448 0)
(2.81085 -0.250175 0)
(2.80673 -0.245807 0)
(2.80528 -0.241216 0)
(2.80737 -0.239393 0)
(2.81089 -0.239339 0)
(2.81469 -0.239877 0)
(2.81884 -0.240381 0)
(2.82337 -0.240828 0)
(2.82765 -0.241516 0)
(2.82995 -0.242841 0)
(2.82859 -0.243994 0)
(2.82998 -0.243525 0)
(2.83398 -0.243476 0)
(2.83738 -0.242586 0)
(2.84152 -0.241239 0)
(2.84579 -0.239587 0)
(2.84926 -0.2378 0)
(2.85164 -0.236377 0)
(2.85322 -0.235688 0)
(2.85442 -0.235569 0)
(2.85547 -0.234998 0)
(2.85641 -0.234577 0)
(2.85727 -0.234326 0)
(2.85703 -0.234173 0)
(2.85408 -0.231682 0)
(2.85075 -0.227362 0)
(2.85242 -0.226129 0)
(2.85668 -0.227038 0)
(2.86093 -0.227128 0)
(2.86493 -0.228072 0)
(2.8706 -0.22867 0)
(2.48461 -0.267728 0)
(2.49359 -0.268014 0)
(2.50213 -0.268574 0)
(2.51036 -0.269527 0)
(2.51855 -0.270402 0)
(2.52224 -0.270012 0)
(2.51451 -0.268593 0)
(2.50641 -0.268587 0)
(2.51167 -0.2687 0)
(2.51842 -0.268478 0)
(2.52525 -0.268567 0)
(2.53261 -0.268361 0)
(2.54099 -0.267742 0)
(2.55039 -0.267019 0)
(2.55953 -0.266634 0)
(2.56823 -0.267201 0)
(2.57503 -0.267532 0)
(2.57313 -0.267899 0)
(2.55962 -0.269926 0)
(2.55541 -0.272161 0)
(2.56083 -0.272256 0)
(2.56704 -0.271367 0)
(2.57333 -0.269097 0)
(2.57924 -0.266289 0)
(2.5858 -0.264871 0)
(2.59324 -0.265084 0)
(2.60114 -0.265186 0)
(2.60835 -0.265597 0)
(2.6124 -0.266651 0)
(2.60827 -0.269392 0)
(2.60462 -0.268975 0)
(2.60794 -0.265795 0)
(2.61314 -0.263366 0)
(2.61927 -0.26103 0)
(2.62692 -0.259011 0)
(2.63467 -0.257842 0)
(2.6412 -0.256965 0)
(2.64581 -0.255974 0)
(2.64617 -0.25611 0)
(2.63915 -0.26082 0)
(2.63372 -0.26574 0)
(2.63878 -0.265353 0)
(2.64464 -0.264132 0)
(2.65115 -0.263046 0)
(2.65806 -0.262371 0)
(2.66525 -0.262138 0)
(2.67229 -0.261776 0)
(2.67843 -0.260352 0)
(2.68097 -0.257354 0)
(2.67706 -0.254114 0)
(2.6703 -0.25386 0)
(2.67039 -0.255785 0)
(2.67676 -0.257562 0)
(2.68283 -0.257961 0)
(2.68851 -0.257955 0)
(2.69521 -0.258038 0)
(2.70279 -0.257842 0)
(2.70905 -0.25774 0)
(2.71502 -0.257813 0)
(2.7195 -0.25599 0)
(2.71579 -0.251578 0)
(2.70321 -0.248031 0)
(2.70214 -0.246301 0)
(2.7069 -0.246224 0)
(2.71284 -0.24707 0)
(2.71898 -0.247842 0)
(2.72463 -0.247183 0)
(2.73114 -0.246248 0)
(2.7378 -0.245912 0)
(2.74381 -0.246451 0)
(2.74946 -0.247541 0)
(2.75431 -0.249556 0)
(2.75698 -0.252154 0)
(2.75446 -0.253749 0)
(2.74501 -0.251971 0)
(2.73994 -0.248357 0)
(2.74343 -0.24551 0)
(2.74857 -0.242494 0)
(2.75371 -0.238914 0)
(2.75873 -0.236277 0)
(2.76424 -0.235538 0)
(2.76983 -0.235854 0)
(2.77501 -0.236533 0)
(2.77916 -0.238046 0)
(2.78121 -0.241713 0)
(2.78159 -0.246686 0)
(2.78029 -0.249434 0)
(2.77672 -0.245818 0)
(2.77486 -0.239253 0)
(2.7761 -0.234923 0)
(2.7791 -0.233116 0)
(2.78234 -0.232595 0)
(2.78575 -0.232534 0)
(2.79073 -0.233508 0)
(2.79575 -0.234274 0)
(2.80123 -0.234567 0)
(2.80638 -0.234705 0)
(2.81035 -0.235086 0)
(2.81312 -0.235333 0)
(2.81407 -0.234365 0)
(2.81482 -0.233329 0)
(2.81616 -0.230892 0)
(2.81779 -0.22887 0)
(2.81968 -0.228236 0)
(2.82217 -0.228445 0)
(2.82486 -0.228959 0)
(2.82699 -0.230119 0)
(2.82776 -0.23153 0)
(2.8276 -0.231758 0)
(2.82875 -0.23034 0)
(2.8314 -0.229655 0)
(2.83532 -0.229321 0)
(2.83964 -0.228575 0)
(2.84369 -0.227394 0)
(2.84685 -0.225808 0)
(2.84851 -0.224555 0)
(2.84917 -0.223943 0)
(2.84979 -0.223849 0)
(2.85103 -0.223339 0)
(2.85275 -0.22335 0)
(2.85463 -0.223613 0)
(2.85616 -0.223978 0)
(2.85649 -0.224296 0)
(2.85558 -0.220778 0)
(2.85657 -0.217418 0)
(2.8603 -0.2172 0)
(2.86474 -0.217009 0)
(2.8687 -0.217467 0)
(2.8751 -0.218259 0)
(2.48742 -0.250856 0)
(2.49667 -0.252093 0)
(2.50511 -0.254217 0)
(2.51381 -0.256699 0)
(2.52175 -0.259303 0)
(2.52525 -0.261283 0)
(2.51643 -0.260948 0)
(2.50773 -0.256963 0)
(2.51132 -0.253452 0)
(2.51896 -0.252138 0)
(2.52712 -0.251842 0)
(2.53528 -0.251675 0)
(2.54511 -0.251061 0)
(2.55413 -0.251231 0)
(2.56177 -0.25241 0)
(2.57064 -0.253878 0)
(2.57759 -0.256415 0)
(2.57574 -0.259597 0)
(2.56212 -0.259553 0)
(2.5562 -0.256559 0)
(2.56178 -0.255295 0)
(2.56959 -0.255185 0)
(2.57732 -0.254835 0)
(2.58462 -0.253283 0)
(2.59116 -0.251769 0)
(2.5971 -0.250369 0)
(2.60208 -0.250642 0)
(2.60488 -0.253243 0)
(2.60377 -0.255258 0)
(2.60047 -0.255097 0)
(2.60655 -0.25469 0)
(2.6135 -0.254182 0)
(2.62002 -0.253267 0)
(2.6267 -0.251557 0)
(2.63309 -0.247803 0)
(2.63896 -0.243225 0)
(2.64381 -0.241427 0)
(2.64467 -0.24352 0)
(2.63923 -0.247627 0)
(2.63166 -0.252082 0)
(2.63629 -0.253953 0)
(2.6429 -0.253955 0)
(2.64962 -0.253313 0)
(2.65726 -0.252528 0)
(2.66378 -0.251609 0)
(2.67016 -0.250427 0)
(2.67598 -0.248377 0)
(2.68105 -0.245946 0)
(2.68328 -0.243476 0)
(2.67697 -0.24152 0)
(2.66922 -0.241615 0)
(2.67319 -0.242584 0)
(2.67893 -0.242865 0)
(2.68474 -0.242864 0)
(2.69121 -0.243262 0)
(2.69837 -0.243914 0)
(2.70567 -0.244271 0)
(2.71202 -0.244452 0)
(2.71887 -0.244688 0)
(2.72424 -0.245704 0)
(2.72278 -0.245237 0)
(2.70963 -0.239179 0)
(2.69973 -0.234407 0)
(2.70316 -0.233318 0)
(2.70961 -0.232879 0)
(2.71606 -0.232889 0)
(2.72286 -0.23277 0)
(2.73247 -0.233058 0)
(2.73931 -0.233429 0)
(2.74615 -0.234245 0)
(2.75221 -0.235114 0)
(2.7573 -0.236861 0)
(2.75962 -0.239711 0)
(2.75774 -0.241932 0)
(2.75099 -0.23972 0)
(2.74366 -0.234677 0)
(2.74568 -0.232289 0)
(2.75219 -0.231444 0)
(2.75783 -0.229649 0)
(2.7626 -0.226721 0)
(2.76758 -0.225015 0)
(2.77287 -0.224948 0)
(2.7779 -0.225573 0)
(2.7825 -0.226077 0)
(2.78588 -0.226618 0)
(2.7854 -0.229056 0)
(2.78315 -0.232801 0)
(2.78305 -0.234464 0)
(2.78455 -0.233222 0)
(2.78663 -0.229881 0)
(2.78774 -0.225579 0)
(2.78687 -0.221345 0)
(2.78653 -0.219353 0)
(2.78993 -0.219755 0)
(2.79466 -0.220491 0)
(2.79952 -0.220998 0)
(2.80495 -0.221014 0)
(2.80988 -0.221359 0)
(2.81304 -0.221915 0)
(2.81408 -0.221859 0)
(2.81569 -0.220898 0)
(2.81958 -0.220605 0)
(2.82302 -0.220003 0)
(2.82532 -0.218467 0)
(2.82665 -0.216645 0)
(2.82779 -0.216475 0)
(2.82859 -0.217811 0)
(2.82894 -0.219223 0)
(2.82917 -0.219277 0)
(2.83096 -0.218835 0)
(2.83495 -0.218691 0)
(2.83945 -0.218472 0)
(2.84389 -0.21776 0)
(2.84751 -0.216299 0)
(2.8497 -0.213665 0)
(2.85057 -0.211108 0)
(2.85055 -0.210194 0)
(2.85041 -0.210622 0)
(2.85152 -0.210517 0)
(2.85357 -0.210516 0)
(2.85579 -0.210442 0)
(2.85767 -0.209523 0)
(2.85853 -0.208576 0)
(2.85776 -0.206118 0)
(2.85593 -0.205186 0)
(2.85696 -0.206224 0)
(2.86063 -0.2064 0)
(2.86438 -0.207125 0)
(2.87007 -0.207936 0)
(2.48686 -0.234619 0)
(2.49475 -0.236486 0)
(2.50269 -0.238521 0)
(2.5105 -0.241284 0)
(2.51758 -0.245264 0)
(2.52194 -0.250272 0)
(2.51962 -0.253139 0)
(2.5142 -0.248739 0)
(2.51626 -0.243265 0)
(2.52339 -0.239887 0)
(2.53094 -0.237077 0)
(2.53711 -0.234329 0)
(2.54386 -0.233539 0)
(2.55239 -0.234802 0)
(2.56054 -0.237618 0)
(2.56735 -0.241161 0)
(2.57187 -0.244291 0)
(2.56977 -0.248393 0)
(2.56372 -0.251377 0)
(2.56331 -0.248412 0)
(2.56787 -0.243672 0)
(2.5727 -0.239342 0)
(2.57758 -0.236109 0)
(2.5836 -0.235065 0)
(2.59082 -0.235503 0)
(2.59814 -0.236316 0)
(2.60476 -0.236762 0)
(2.60724 -0.237435 0)
(2.60427 -0.240643 0)
(2.60188 -0.240722 0)
(2.60447 -0.23792 0)
(2.61043 -0.235756 0)
(2.61814 -0.234072 0)
(2.62629 -0.233291 0)
(2.63478 -0.232224 0)
(2.64228 -0.231742 0)
(2.64904 -0.231044 0)
(2.64881 -0.231299 0)
(2.63732 -0.236259 0)
(2.63111 -0.239008 0)
(2.63449 -0.237479 0)
(2.63997 -0.236233 0)
(2.64704 -0.235442 0)
(2.65455 -0.234989 0)
(2.66274 -0.234643 0)
(2.67019 -0.234089 0)
(2.67695 -0.234193 0)
(2.68447 -0.234679 0)
(2.68947 -0.234961 0)
(2.68489 -0.233579 0)
(2.67152 -0.229889 0)
(2.66953 -0.228141 0)
(2.6761 -0.227604 0)
(2.68259 -0.227902 0)
(2.6893 -0.228336 0)
(2.69642 -0.22889 0)
(2.70404 -0.23056 0)
(2.70962 -0.232424 0)
(2.71609 -0.233782 0)
(2.72245 -0.235237 0)
(2.72613 -0.236201 0)
(2.72074 -0.23284 0)
(2.70837 -0.224593 0)
(2.70774 -0.220211 0)
(2.71252 -0.218658 0)
(2.71718 -0.21797 0)
(2.72256 -0.218378 0)
(2.72869 -0.219484 0)
(2.73521 -0.220769 0)
(2.74132 -0.221836 0)
(2.74741 -0.22275 0)
(2.75288 -0.22394 0)
(2.75623 -0.225336 0)
(2.75644 -0.227434 0)
(2.75481 -0.230409 0)
(2.75312 -0.229832 0)
(2.75432 -0.224238 0)
(2.7559 -0.218855 0)
(2.75751 -0.215662 0)
(2.76024 -0.214256 0)
(2.76345 -0.213391 0)
(2.76696 -0.213476 0)
(2.77087 -0.214608 0)
(2.77475 -0.216255 0)
(2.77757 -0.217901 0)
(2.77811 -0.219633 0)
(2.77935 -0.220534 0)
(2.78485 -0.220453 0)
(2.79025 -0.220541 0)
(2.79468 -0.220122 0)
(2.79666 -0.218037 0)
(2.79579 -0.214128 0)
(2.79379 -0.209644 0)
(2.79314 -0.206862 0)
(2.79689 -0.207068 0)
(2.80163 -0.208151 0)
(2.80619 -0.209718 0)
(2.81135 -0.210416 0)
(2.81538 -0.212129 0)
(2.81708 -0.212723 0)
(2.81709 -0.209816 0)
(2.81756 -0.206883 0)
(2.82044 -0.205846 0)
(2.82484 -0.205841 0)
(2.82856 -0.205193 0)
(2.83077 -0.205016 0)
(2.83142 -0.20646 0)
(2.83167 -0.20827 0)
(2.83316 -0.20941 0)
(2.83661 -0.209538 0)
(2.83983 -0.208473 0)
(2.84173 -0.206868 0)
(2.84322 -0.204966 0)
(2.84652 -0.203336 0)
(2.85071 -0.20202 0)
(2.85358 -0.200394 0)
(2.85424 -0.199132 0)
(2.85302 -0.199995 0)
(2.85321 -0.2005 0)
(2.8557 -0.200214 0)
(2.85888 -0.199588 0)
(2.86213 -0.198833 0)
(2.86517 -0.199055 0)
(2.8662 -0.19813 0)
(2.86288 -0.195811 0)
(2.85965 -0.194499 0)
(2.86151 -0.194693 0)
(2.86462 -0.194993 0)
(2.86967 -0.195471 0)
(2.49521 -0.221352 0)
(2.49952 -0.219702 0)
(2.50619 -0.220274 0)
(2.51294 -0.221691 0)
(2.5175 -0.225703 0)
(2.51824 -0.233307 0)
(2.51816 -0.239062 0)
(2.52 -0.23912 0)
(2.52479 -0.23475 0)
(2.53097 -0.228731 0)
(2.53673 -0.223245 0)
(2.5431 -0.220214 0)
(2.55033 -0.219636 0)
(2.55694 -0.220525 0)
(2.56367 -0.222107 0)
(2.56854 -0.224036 0)
(2.56762 -0.229069 0)
(2.56234 -0.234436 0)
(2.56118 -0.234643 0)
(2.56587 -0.232354 0)
(2.57177 -0.229157 0)
(2.57798 -0.225847 0)
(2.58437 -0.223247 0)
(2.59053 -0.222087 0)
(2.59679 -0.222629 0)
(2.60212 -0.223401 0)
(2.60403 -0.224096 0)
(2.6021 -0.225541 0)
(2.60135 -0.226847 0)
(2.60667 -0.228196 0)
(2.61297 -0.228214 0)
(2.61958 -0.227134 0)
(2.62606 -0.223983 0)
(2.63165 -0.219814 0)
(2.6376 -0.217877 0)
(2.64312 -0.218883 0)
(2.64594 -0.221315 0)
(2.64207 -0.223846 0)
(2.63398 -0.225799 0)
(2.6364 -0.226255 0)
(2.64208 -0.225642 0)
(2.64779 -0.225217 0)
(2.6535 -0.22397 0)
(2.65962 -0.22152 0)
(2.66644 -0.220124 0)
(2.67335 -0.220254 0)
(2.67972 -0.221102 0)
(2.68675 -0.221926 0)
(2.69261 -0.222876 0)
(2.69117 -0.223002 0)
(2.67916 -0.219874 0)
(2.67333 -0.215428 0)
(2.67879 -0.213832 0)
(2.68607 -0.213858 0)
(2.69268 -0.214305 0)
(2.69911 -0.215023 0)
(2.70627 -0.216254 0)
(2.71329 -0.218073 0)
(2.71859 -0.219745 0)
(2.72393 -0.221534 0)
(2.72786 -0.223568 0)
(2.72718 -0.225314 0)
(2.71901 -0.21984 0)
(2.71445 -0.211068 0)
(2.71683 -0.206928 0)
(2.72091 -0.205259 0)
(2.72575 -0.20479 0)
(2.73121 -0.205226 0)
(2.73659 -0.206017 0)
(2.7424 -0.207088 0)
(2.74854 -0.208426 0)
(2.7545 -0.209824 0)
(2.75935 -0.211189 0)
(2.75968 -0.212466 0)
(2.7563 -0.213592 0)
(2.75784 -0.213553 0)
(2.76142 -0.21266 0)
(2.76456 -0.210783 0)
(2.76578 -0.207581 0)
(2.76481 -0.203877 0)
(2.76432 -0.201313 0)
(2.76603 -0.200172 0)
(2.7695 -0.201028 0)
(2.77232 -0.203963 0)
(2.77464 -0.206684 0)
(2.77652 -0.20844 0)
(2.77995 -0.208656 0)
(2.78486 -0.207497 0)
(2.7899 -0.206148 0)
(2.79511 -0.204724 0)
(2.79953 -0.203175 0)
(2.80131 -0.201342 0)
(2.80005 -0.199475 0)
(2.79999 -0.197131 0)
(2.80193 -0.195348 0)
(2.80472 -0.195193 0)
(2.80651 -0.197012 0)
(2.8064 -0.200111 0)
(2.80888 -0.200729 0)
(2.81393 -0.200171 0)
(2.81881 -0.200392 0)
(2.82335 -0.199305 0)
(2.82639 -0.195896 0)
(2.82741 -0.19347 0)
(2.82693 -0.193237 0)
(2.82597 -0.193629 0)
(2.82578 -0.195145 0)
(2.82674 -0.196787 0)
(2.82949 -0.196655 0)
(2.83397 -0.195286 0)
(2.8385 -0.194589 0)
(2.84293 -0.194523 0)
(2.84707 -0.193929 0)
(2.8504 -0.191632 0)
(2.85236 -0.18882 0)
(2.85266 -0.187864 0)
(2.85042 -0.187955 0)
(2.84735 -0.189136 0)
(2.84847 -0.189314 0)
(2.85209 -0.188948 0)
(2.85617 -0.188733 0)
(2.86059 -0.188253 0)
(2.86476 -0.188283 0)
(2.86818 -0.188416 0)
(2.86875 -0.187634 0)
(2.86577 -0.184167 0)
(2.86515 -0.183528 0)
(2.86792 -0.184073 0)
(2.87281 -0.183945 0)
(2.50481 -0.212626 0)
(2.50388 -0.205535 0)
(2.50353 -0.204656 0)
(2.5051 -0.209213 0)
(2.5075 -0.215453 0)
(2.51029 -0.220363 0)
(2.51698 -0.222716 0)
(2.52544 -0.223773 0)
(2.53268 -0.222146 0)
(2.53933 -0.21706 0)
(2.54479 -0.211011 0)
(2.54772 -0.205724 0)
(2.54962 -0.204124 0)
(2.55273 -0.205613 0)
(2.55621 -0.208119 0)
(2.55861 -0.21153 0)
(2.55817 -0.217671 0)
(2.56017 -0.22202 0)
(2.56633 -0.221742 0)
(2.57234 -0.219072 0)
(2.57786 -0.214756 0)
(2.58204 -0.209746 0)
(2.58496 -0.206076 0)
(2.58895 -0.205207 0)
(2.59464 -0.206228 0)
(2.60111 -0.208119 0)
(2.60593 -0.210824 0)
(2.60591 -0.214351 0)
(2.6044 -0.213277 0)
(2.60739 -0.21051 0)
(2.61332 -0.208773 0)
(2.62072 -0.207804 0)
(2.6286 -0.206902 0)
(2.63598 -0.206121 0)
(2.64258 -0.206116 0)
(2.64743 -0.207584 0)
(2.6471 -0.210026 0)
(2.63909 -0.214202 0)
(2.63436 -0.213802 0)
(2.63615 -0.210452 0)
(2.64069 -0.208089 0)
(2.6478 -0.206715 0)
(2.65474 -0.206437 0)
(2.66207 -0.204964 0)
(2.66872 -0.203466 0)
(2.6753 -0.204207 0)
(2.68219 -0.206348 0)
(2.68845 -0.20896 0)
(2.69405 -0.211642 0)
(2.69433 -0.214158 0)
(2.68598 -0.213305 0)
(2.67985 -0.207864 0)
(2.68199 -0.203025 0)
(2.68746 -0.200581 0)
(2.69376 -0.199687 0)
(2.69987 -0.199807 0)
(2.70575 -0.200945 0)
(2.71165 -0.202871 0)
(2.71747 -0.204446 0)
(2.72263 -0.207197 0)
(2.72551 -0.210652 0)
(2.72547 -0.212579 0)
(2.7241 -0.211228 0)
(2.72242 -0.204803 0)
(2.72133 -0.198043 0)
(2.7231 -0.194614 0)
(2.72647 -0.192735 0)
(2.73047 -0.191779 0)
(2.73602 -0.192179 0)
(2.74142 -0.193164 0)
(2.74633 -0.194739 0)
(2.75021 -0.197318 0)
(2.7535 -0.199299 0)
(2.7556 -0.200735 0)
(2.75742 -0.200811 0)
(2.76057 -0.199273 0)
(2.76472 -0.198024 0)
(2.76883 -0.196841 0)
(2.77142 -0.194747 0)
(2.77056 -0.191542 0)
(2.76858 -0.189924 0)
(2.77029 -0.190282 0)
(2.7735 -0.190385 0)
(2.77702 -0.191202 0)
(2.77848 -0.195125 0)
(2.78048 -0.197811 0)
(2.78406 -0.197595 0)
(2.788 -0.196361 0)
(2.79238 -0.194598 0)
(2.79693 -0.192862 0)
(2.80114 -0.191356 0)
(2.80413 -0.189084 0)
(2.80458 -0.185016 0)
(2.80261 -0.1813 0)
(2.80078 -0.181462 0)
(2.80166 -0.183398 0)
(2.80277 -0.186555 0)
(2.80465 -0.188227 0)
(2.80959 -0.188288 0)
(2.81414 -0.187413 0)
(2.8185 -0.186177 0)
(2.82363 -0.184982 0)
(2.82895 -0.183893 0)
(2.83209 -0.182988 0)
(2.83132 -0.182102 0)
(2.82772 -0.181554 0)
(2.82636 -0.183104 0)
(2.82783 -0.18432 0)
(2.83304 -0.184655 0)
(2.8384 -0.184793 0)
(2.84258 -0.18367 0)
(2.84629 -0.181672 0)
(2.84991 -0.180005 0)
(2.85376 -0.17848 0)
(2.85695 -0.176662 0)
(2.85731 -0.175317 0)
(2.85263 -0.175379 0)
(2.84724 -0.177378 0)
(2.84898 -0.177976 0)
(2.85376 -0.177748 0)
(2.85833 -0.177806 0)
(2.86284 -0.177615 0)
(2.86664 -0.17721 0)
(2.86888 -0.176244 0)
(2.86945 -0.175271 0)
(2.86848 -0.173262 0)
(2.86747 -0.173328 0)
(2.87012 -0.173776 0)
(2.87575 -0.173517 0)
(2.51179 -0.199432 0)
(2.5106 -0.194537 0)
(2.50255 -0.194755 0)
(2.49853 -0.201114 0)
(2.50264 -0.204442 0)
(2.51132 -0.20536 0)
(2.52018 -0.205475 0)
(2.52842 -0.204469 0)
(2.53797 -0.203341 0)
(2.54578 -0.202667 0)
(2.55349 -0.201639 0)
(2.55779 -0.198094 0)
(2.55714 -0.193348 0)
(2.55606 -0.190421 0)
(2.55615 -0.192195 0)
(2.55471 -0.199613 0)
(2.55512 -0.204326 0)
(2.56221 -0.205496 0)
(2.56975 -0.204888 0)
(2.57739 -0.203388 0)
(2.58477 -0.202362 0)
(2.59073 -0.200635 0)
(2.59396 -0.19737 0)
(2.59622 -0.193915 0)
(2.59894 -0.192261 0)
(2.60035 -0.194305 0)
(2.6004 -0.199813 0)
(2.6034 -0.20273 0)
(2.60987 -0.203585 0)
(2.61661 -0.202269 0)
(2.62304 -0.199217 0)
(2.6287 -0.195364 0)
(2.63375 -0.192127 0)
(2.63844 -0.190549 0)
(2.64229 -0.191833 0)
(2.64309 -0.195593 0)
(2.6401 -0.199733 0)
(2.63537 -0.203467 0)
(2.63758 -0.204189 0)
(2.64347 -0.2029 0)
(2.64976 -0.200058 0)
(2.65499 -0.195315 0)
(2.65865 -0.190719 0)
(2.6625 -0.188797 0)
(2.66751 -0.188808 0)
(2.6733 -0.189555 0)
(2.6792 -0.191552 0)
(2.68434 -0.194839 0)
(2.68862 -0.198239 0)
(2.69018 -0.201777 0)
(2.68831 -0.204403 0)
(2.68668 -0.201569 0)
(2.68791 -0.195534 0)
(2.6918 -0.18961 0)
(2.6975 -0.185866 0)
(2.70266 -0.184718 0)
(2.70897 -0.186154 0)
(2.71507 -0.189323 0)
(2.72086 -0.191797 0)
(2.72626 -0.19357 0)
(2.72902 -0.194886 0)
(2.72872 -0.196145 0)
(2.72915 -0.197565 0)
(2.73026 -0.196791 0)
(2.73015 -0.191995 0)
(2.72775 -0.184724 0)
(2.7287 -0.180374 0)
(2.73318 -0.178992 0)
(2.73784 -0.17944 0)
(2.74324 -0.180813 0)
(2.74837 -0.182018 0)
(2.75206 -0.183797 0)
(2.75271 -0.187992 0)
(2.75459 -0.191148 0)
(2.76023 -0.191427 0)
(2.76537 -0.19006 0)
(2.76989 -0.187262 0)
(2.77337 -0.18387 0)
(2.7752 -0.181133 0)
(2.7755 -0.178914 0)
(2.77468 -0.176201 0)
(2.77318 -0.175223 0)
(2.77094 -0.178658 0)
(2.76996 -0.182325 0)
(2.77351 -0.183027 0)
(2.77926 -0.183168 0)
(2.78466 -0.183071 0)
(2.7906 -0.182786 0)
(2.79591 -0.182831 0)
(2.80118 -0.182474 0)
(2.80501 -0.180767 0)
(2.8075 -0.177674 0)
(2.80889 -0.174283 0)
(2.80754 -0.171557 0)
(2.80226 -0.171085 0)
(2.79894 -0.17455 0)
(2.80406 -0.176799 0)
(2.80935 -0.177805 0)
(2.81335 -0.17742 0)
(2.81721 -0.175496 0)
(2.82125 -0.173874 0)
(2.82581 -0.173022 0)
(2.83047 -0.172218 0)
(2.8338 -0.171239 0)
(2.83054 -0.170831 0)
(2.82554 -0.171698 0)
(2.82748 -0.173758 0)
(2.83085 -0.174082 0)
(2.8367 -0.173767 0)
(2.84208 -0.173299 0)
(2.84704 -0.171717 0)
(2.85166 -0.170481 0)
(2.85643 -0.169859 0)
(2.8607 -0.168865 0)
(2.86334 -0.167024 0)
(2.86296 -0.165328 0)
(2.85859 -0.165701 0)
(2.85295 -0.167869 0)
(2.85173 -0.168126 0)
(2.85466 -0.167514 0)
(2.85853 -0.167167 0)
(2.86276 -0.16659 0)
(2.86715 -0.165826 0)
(2.87107 -0.164555 0)
(2.87279 -0.162896 0)
(2.86969 -0.161641 0)
(2.86432 -0.162307 0)
(2.86657 -0.16273 0)
(2.87197 -0.162866 0)
(2.51696 -0.187816 0)
(2.51464 -0.186565 0)
(2.50194 -0.187714 0)
(2.49854 -0.18983 0)
(2.50558 -0.190788 0)
(2.51351 -0.190544 0)
(2.52201 -0.189542 0)
(2.53185 -0.187173 0)
(2.5405 -0.184957 0)
(2.5485 -0.184689 0)
(2.5562 -0.184871 0)
(2.56243 -0.184349 0)
(2.56372 -0.182333 0)
(2.55759 -0.182293 0)
(2.55061 -0.185973 0)
(2.55327 -0.189177 0)
(2.56111 -0.190555 0)
(2.5669 -0.189562 0)
(2.57234 -0.187152 0)
(2.57845 -0.185115 0)
(2.58519 -0.183682 0)
(2.59172 -0.181984 0)
(2.59706 -0.179585 0)
(2.59889 -0.178084 0)
(2.59721 -0.179818 0)
(2.59543 -0.184715 0)
(2.59981 -0.187392 0)
(2.6071 -0.187646 0)
(2.61289 -0.185598 0)
(2.61905 -0.182684 0)
(2.62615 -0.180653 0)
(2.63353 -0.179793 0)
(2.64017 -0.179623 0)
(2.64526 -0.179191 0)
(2.64763 -0.178197 0)
(2.64603 -0.17976 0)
(2.63834 -0.187844 0)
(2.63568 -0.191374 0)
(2.64207 -0.189882 0)
(2.64855 -0.18728 0)
(2.65511 -0.183993 0)
(2.66167 -0.18122 0)
(2.66749 -0.178638 0)
(2.6711 -0.176004 0)
(2.67314 -0.174307 0)
(2.67665 -0.173997 0)
(2.68196 -0.174441 0)
(2.68643 -0.176514 0)
(2.68707 -0.182665 0)
(2.68508 -0.188426 0)
(2.68712 -0.189181 0)
(2.69253 -0.187675 0)
(2.69771 -0.183736 0)
(2.7006 -0.177033 0)
(2.69947 -0.171475 0)
(2.69941 -0.170616 0)
(2.70377 -0.171927 0)
(2.71044 -0.173743 0)
(2.71548 -0.177074 0)
(2.71933 -0.180044 0)
(2.72222 -0.181971 0)
(2.72448 -0.182669 0)
(2.72844 -0.182546 0)
(2.7335 -0.182351 0)
(2.73709 -0.180795 0)
(2.73757 -0.175147 0)
(2.73526 -0.167741 0)
(2.73391 -0.165207 0)
(2.73544 -0.166655 0)
(2.73817 -0.168677 0)
(2.741 -0.17114 0)
(2.74325 -0.17515 0)
(2.74893 -0.177461 0)
(2.75558 -0.178219 0)
(2.76161 -0.177846 0)
(2.76783 -0.176654 0)
(2.77373 -0.176374 0)
(2.77924 -0.175497 0)
(2.78261 -0.171747 0)
(2.7831 -0.166502 0)
(2.77938 -0.163715 0)
(2.77096 -0.165623 0)
(2.76571 -0.168804 0)
(2.76999 -0.169775 0)
(2.77496 -0.169934 0)
(2.7789 -0.169654 0)
(2.78303 -0.169292 0)
(2.78799 -0.168953 0)
(2.7935 -0.168366 0)
(2.79884 -0.167418 0)
(2.80402 -0.166349 0)
(2.80891 -0.164609 0)
(2.81177 -0.16177 0)
(2.80774 -0.160548 0)
(2.79858 -0.162224 0)
(2.79912 -0.163267 0)
(2.8041 -0.163365 0)
(2.8083 -0.162883 0)
(2.81345 -0.162079 0)
(2.81931 -0.16077 0)
(2.8243 -0.160051 0)
(2.82928 -0.159727 0)
(2.83328 -0.159361 0)
(2.8336 -0.159416 0)
(2.82781 -0.160031 0)
(2.82167 -0.162319 0)
(2.82234 -0.16258 0)
(2.82723 -0.161338 0)
(2.83323 -0.160976 0)
(2.83879 -0.160388 0)
(2.84442 -0.15884 0)
(2.84955 -0.157423 0)
(2.85451 -0.156293 0)
(2.85903 -0.155132 0)
(2.86263 -0.154164 0)
(2.86259 -0.153993 0)
(2.85569 -0.154826 0)
(2.85059 -0.156489 0)
(2.85361 -0.157038 0)
(2.85754 -0.1568 0)
(2.86117 -0.156206 0)
(2.86444 -0.155233 0)
(2.86773 -0.153815 0)
(2.87133 -0.152011 0)
(2.87417 -0.150641 0)
(2.87282 -0.149373 0)
(2.86767 -0.149236 0)
(2.86958 -0.149857 0)
(2.87386 -0.150297 0)
(2.52028 -0.17948 0)
(2.51857 -0.181166 0)
(2.50497 -0.180024 0)
(2.50162 -0.176423 0)
(2.50717 -0.173884 0)
(2.51412 -0.172333 0)
(2.52155 -0.170906 0)
(2.5298 -0.168836 0)
(2.53894 -0.167443 0)
(2.5481 -0.167191 0)
(2.55617 -0.167617 0)
(2.56342 -0.168297 0)
(2.56616 -0.169441 0)
(2.55759 -0.172809 0)
(2.54879 -0.175771 0)
(2.55384 -0.174578 0)
(2.56134 -0.172692 0)
(2.56963 -0.172129 0)
(2.57837 -0.172192 0)
(2.5863 -0.171733 0)
(2.59309 -0.170787 0)
(2.59894 -0.168649 0)
(2.60296 -0.166249 0)
(2.60217 -0.166147 0)
(2.59457 -0.170551 0)
(2.59608 -0.173772 0)
(2.60402 -0.174401 0)
(2.6109 -0.173615 0)
(2.61928 -0.172298 0)
(2.62656 -0.171302 0)
(2.63372 -0.170182 0)
(2.63999 -0.16735 0)
(2.64473 -0.164141 0)
(2.64734 -0.163294 0)
(2.64539 -0.166454 0)
(2.6378 -0.171648 0)
(2.6347 -0.177278 0)
(2.64196 -0.179264 0)
(2.6482 -0.178722 0)
(2.65524 -0.176684 0)
(2.66236 -0.174617 0)
(2.66926 -0.172765 0)
(2.67501 -0.170365 0)
(2.67881 -0.166806 0)
(2.68033 -0.16263 0)
(2.68055 -0.160819 0)
(2.68031 -0.162632 0)
(2.67988 -0.166815 0)
(2.68119 -0.171244 0)
(2.68785 -0.173264 0)
(2.69346 -0.173415 0)
(2.6994 -0.171546 0)
(2.70579 -0.170467 0)
(2.71095 -0.167968 0)
(2.70977 -0.162957 0)
(2.70334 -0.157745 0)
(2.70251 -0.156214 0)
(2.70772 -0.158719 0)
(2.71359 -0.162524 0)
(2.71905 -0.165415 0)
(2.7235 -0.168499 0)
(2.72666 -0.170055 0)
(2.72972 -0.16866 0)
(2.7332 -0.166144 0)
(2.73743 -0.163935 0)
(2.74133 -0.162182 0)
(2.74265 -0.159378 0)
(2.74083 -0.155207 0)
(2.73876 -0.152498 0)
(2.73808 -0.154175 0)
(2.73701 -0.15905 0)
(2.74101 -0.161744 0)
(2.74668 -0.16256 0)
(2.75161 -0.163019 0)
(2.75789 -0.162577 0)
(2.76413 -0.161087 0)
(2.77077 -0.159931 0)
(2.77803 -0.158782 0)
(2.78489 -0.157844 0)
(2.78983 -0.155763 0)
(2.7873 -0.153853 0)
(2.77392 -0.154845 0)
(2.76767 -0.15558 0)
(2.77119 -0.155394 0)
(2.77605 -0.1553 0)
(2.78147 -0.155578 0)
(2.7869 -0.156067 0)
(2.79225 -0.156414 0)
(2.79746 -0.15582 0)
(2.80222 -0.154314 0)
(2.80678 -0.153295 0)
(2.81095 -0.152505 0)
(2.81131 -0.151957 0)
(2.80334 -0.151692 0)
(2.79752 -0.151736 0)
(2.80165 -0.151837 0)
(2.80576 -0.151399 0)
(2.81073 -0.15079 0)
(2.81683 -0.149722 0)
(2.8224 -0.148797 0)
(2.8285 -0.148821 0)
(2.83441 -0.14918 0)
(2.83914 -0.149697 0)
(2.83846 -0.149676 0)
(2.82853 -0.149983 0)
(2.82281 -0.150918 0)
(2.82469 -0.150537 0)
(2.82915 -0.149835 0)
(2.83422 -0.149152 0)
(2.84033 -0.148289 0)
(2.84666 -0.147221 0)
(2.85247 -0.145742 0)
(2.85726 -0.14496 0)
(2.86186 -0.144526 0)
(2.8651 -0.14412 0)
(2.86361 -0.143424 0)
(2.85548 -0.143039 0)
(2.85203 -0.144133 0)
(2.85506 -0.143962 0)
(2.85919 -0.143116 0)
(2.86344 -0.142282 0)
(2.86716 -0.142317 0)
(2.87094 -0.142671 0)
(2.87498 -0.142805 0)
(2.87785 -0.142706 0)
(2.87647 -0.140797 0)
(2.87178 -0.140632 0)
(2.8733 -0.140409 0)
(2.87811 -0.139684 0)
(2.51827 -0.168717 0)
(2.51375 -0.176326 0)
(2.50833 -0.176597 0)
(2.51003 -0.169057 0)
(2.51393 -0.161062 0)
(2.51938 -0.155683 0)
(2.52693 -0.153433 0)
(2.53471 -0.151947 0)
(2.54307 -0.15047 0)
(2.55035 -0.151106 0)
(2.55864 -0.153288 0)
(2.56618 -0.155435 0)
(2.56439 -0.159886 0)
(2.55268 -0.165523 0)
(2.5523 -0.166689 0)
(2.55877 -0.164079 0)
(2.56583 -0.161052 0)
(2.57369 -0.157489 0)
(2.58116 -0.15403 0)
(2.58866 -0.151521 0)
(2.59596 -0.150424 0)
(2.60265 -0.150364 0)
(2.60563 -0.151865 0)
(2.59877 -0.155649 0)
(2.5924 -0.159522 0)
(2.5978 -0.159323 0)
(2.60376 -0.157591 0)
(2.61016 -0.155721 0)
(2.61763 -0.154296 0)
(2.6264 -0.153549 0)
(2.63511 -0.153255 0)
(2.64299 -0.153242 0)
(2.65026 -0.152874 0)
(2.65438 -0.15166 0)
(2.64843 -0.15358 0)
(2.63446 -0.160747 0)
(2.6344 -0.162132 0)
(2.64006 -0.160679 0)
(2.6466 -0.159556 0)
(2.65418 -0.158229 0)
(2.66184 -0.157066 0)
(2.66933 -0.155714 0)
(2.67608 -0.154071 0)
(2.68164 -0.152238 0)
(2.68527 -0.149279 0)
(2.68525 -0.146328 0)
(2.68072 -0.149408 0)
(2.67705 -0.155149 0)
(2.68148 -0.156805 0)
(2.68711 -0.156377 0)
(2.69267 -0.155684 0)
(2.6995 -0.155242 0)
(2.7066 -0.155026 0)
(2.71337 -0.154998 0)
(2.71734 -0.153884 0)
(2.71392 -0.149287 0)
(2.70955 -0.145199 0)
(2.71111 -0.144615 0)
(2.71486 -0.146988 0)
(2.71661 -0.152202 0)
(2.72147 -0.155121 0)
(2.72712 -0.155797 0)
(2.73269 -0.156383 0)
(2.73838 -0.156255 0)
(2.74334 -0.153539 0)
(2.74631 -0.148858 0)
(2.74663 -0.144963 0)
(2.74172 -0.143178 0)
(2.73368 -0.144234 0)
(2.73157 -0.146987 0)
(2.73764 -0.14807 0)
(2.74402 -0.148369 0)
(2.74998 -0.148676 0)
(2.75597 -0.149502 0)
(2.76284 -0.15067 0)
(2.77168 -0.15054 0)
(2.77654 -0.148997 0)
(2.78346 -0.147196 0)
(2.78969 -0.145703 0)
(2.79362 -0.144344 0)
(2.78722 -0.143885 0)
(2.77309 -0.143246 0)
(2.76989 -0.142647 0)
(2.77423 -0.142919 0)
(2.77963 -0.143232 0)
(2.78486 -0.143337 0)
(2.78991 -0.143067 0)
(2.79548 -0.142141 0)
(2.7999 -0.141195 0)
(2.80545 -0.141039 0)
(2.81176 -0.141062 0)
(2.81713 -0.141221 0)
(2.81683 -0.14178 0)
(2.80522 -0.141277 0)
(2.79516 -0.139601 0)
(2.79811 -0.13856 0)
(2.8031 -0.138283 0)
(2.80809 -0.138056 0)
(2.81423 -0.137734 0)
(2.82035 -0.137873 0)
(2.82637 -0.138276 0)
(2.83216 -0.138831 0)
(2.83684 -0.139623 0)
(2.83759 -0.140096 0)
(2.83013 -0.139225 0)
(2.82486 -0.138039 0)
(2.82985 -0.137969 0)
(2.83372 -0.137775 0)
(2.83724 -0.137352 0)
(2.84251 -0.136288 0)
(2.84761 -0.134713 0)
(2.85387 -0.133632 0)
(2.8595 -0.133305 0)
(2.86447 -0.133248 0)
(2.86739 -0.133556 0)
(2.86442 -0.133768 0)
(2.85579 -0.133385 0)
(2.85424 -0.133172 0)
(2.85775 -0.133134 0)
(2.86219 -0.132579 0)
(2.86746 -0.131766 0)
(2.87289 -0.131137 0)
(2.87714 -0.130588 0)
(2.87998 -0.12989 0)
(2.88006 -0.130082 0)
(2.87513 -0.129634 0)
(2.86774 -0.129992 0)
(2.86876 -0.12925 0)
(2.87388 -0.128034 0)
(2.50958 -0.157319 0)
(2.50827 -0.16615 0)
(2.51237 -0.16701 0)
(2.51912 -0.163366 0)
(2.52538 -0.156119 0)
(2.52963 -0.146023 0)
(2.53215 -0.137053 0)
(2.53583 -0.132901 0)
(2.54174 -0.132815 0)
(2.54829 -0.134245 0)
(2.55441 -0.136485 0)
(2.55796 -0.141301 0)
(2.55494 -0.150482 0)
(2.54982 -0.154144 0)
(2.55342 -0.151035 0)
(2.56151 -0.14862 0)
(2.57033 -0.147195 0)
(2.57921 -0.14454 0)
(2.58768 -0.140429 0)
(2.59481 -0.137821 0)
(2.6025 -0.137456 0)
(2.60855 -0.139066 0)
(2.60693 -0.142088 0)
(2.59567 -0.144988 0)
(2.59759 -0.145062 0)
(2.60374 -0.144363 0)
(2.61062 -0.143693 0)
(2.61775 -0.143886 0)
(2.62512 -0.144271 0)
(2.63213 -0.1427 0)
(2.63934 -0.139667 0)
(2.64692 -0.138489 0)
(2.6531 -0.139317 0)
(2.65305 -0.142382 0)
(2.64097 -0.14596 0)
(2.63406 -0.148864 0)
(2.64015 -0.149403 0)
(2.64613 -0.148911 0)
(2.65331 -0.148045 0)
(2.66122 -0.147113 0)
(2.66809 -0.146388 0)
(2.67421 -0.14425 0)
(2.67987 -0.140381 0)
(2.68558 -0.13734 0)
(2.68865 -0.136484 0)
(2.68388 -0.138121 0)
(2.67565 -0.140359 0)
(2.68026 -0.142126 0)
(2.686 -0.142447 0)
(2.69163 -0.142807 0)
(2.69802 -0.143498 0)
(2.70429 -0.143814 0)
(2.70988 -0.142841 0)
(2.71446 -0.140809 0)
(2.71854 -0.138911 0)
(2.71947 -0.135888 0)
(2.71377 -0.131886 0)
(2.70762 -0.133034 0)
(2.7093 -0.136825 0)
(2.71556 -0.138723 0)
(2.72026 -0.139523 0)
(2.72446 -0.140289 0)
(2.72914 -0.140227 0)
(2.73525 -0.139111 0)
(2.74209 -0.137477 0)
(2.74913 -0.137159 0)
(2.75328 -0.136054 0)
(2.74636 -0.134147 0)
(2.73058 -0.133962 0)
(2.72985 -0.134936 0)
(2.73585 -0.135288 0)
(2.74125 -0.135232 0)
(2.74737 -0.134844 0)
(2.75449 -0.133801 0)
(2.76177 -0.132878 0)
(2.77089 -0.132235 0)
(2.77698 -0.132134 0)
(2.78395 -0.132466 0)
(2.79116 -0.133067 0)
(2.79597 -0.133932 0)
(2.78983 -0.133594 0)
(2.77248 -0.130971 0)
(2.76646 -0.12946 0)
(2.77047 -0.129052 0)
(2.77542 -0.129136 0)
(2.78031 -0.129063 0)
(2.78566 -0.128399 0)
(2.79193 -0.127691 0)
(2.79721 -0.128062 0)
(2.80313 -0.128919 0)
(2.80927 -0.129803 0)
(2.81497 -0.130163 0)
(2.81692 -0.130122 0)
(2.81009 -0.131194 0)
(2.8009 -0.129322 0)
(2.80117 -0.126297 0)
(2.80664 -0.125343 0)
(2.81172 -0.125141 0)
(2.81687 -0.125274 0)
(2.82221 -0.125711 0)
(2.82747 -0.126426 0)
(2.83242 -0.127439 0)
(2.83638 -0.129249 0)
(2.83732 -0.131931 0)
(2.83317 -0.133107 0)
(2.82861 -0.127752 0)
(2.82828 -0.122128 0)
(2.83194 -0.119773 0)
(2.83685 -0.119637 0)
(2.84141 -0.120659 0)
(2.84584 -0.12215 0)
(2.85124 -0.122409 0)
(2.85659 -0.122084 0)
(2.86053 -0.121899 0)
(2.86196 -0.12221 0)
(2.85935 -0.121838 0)
(2.85308 -0.121078 0)
(2.85149 -0.121256 0)
(2.85506 -0.121503 0)
(2.85913 -0.121427 0)
(2.86436 -0.120631 0)
(2.86954 -0.11855 0)
(2.87435 -0.116996 0)
(2.87872 -0.116727 0)
(2.88135 -0.118005 0)
(2.87836 -0.118457 0)
(2.87018 -0.118046 0)
(2.87046 -0.117024 0)
(2.87658 -0.11685 0)
(2.50033 -0.147695 0)
(2.5091 -0.150294 0)
(2.51689 -0.150583 0)
(2.52555 -0.147343 0)
(2.53342 -0.14132 0)
(2.53982 -0.135508 0)
(2.54427 -0.129331 0)
(2.54608 -0.123464 0)
(2.54772 -0.119967 0)
(2.5505 -0.118885 0)
(2.55167 -0.122359 0)
(2.54791 -0.133193 0)
(2.54698 -0.141958 0)
(2.55397 -0.143585 0)
(2.56059 -0.141494 0)
(2.56752 -0.135867 0)
(2.57475 -0.12954 0)
(2.58184 -0.125496 0)
(2.58891 -0.123886 0)
(2.59544 -0.123851 0)
(2.60091 -0.124147 0)
(2.60384 -0.125551 0)
(2.60061 -0.129837 0)
(2.59417 -0.131827 0)
(2.59446 -0.128801 0)
(2.60152 -0.127199 0)
(2.6097 -0.126886 0)
(2.61751 -0.126857 0)
(2.62573 -0.126688 0)
(2.63616 -0.12681 0)
(2.64297 -0.12733 0)
(2.65152 -0.127981 0)
(2.6586 -0.129221 0)
(2.65574 -0.130972 0)
(2.63897 -0.133764 0)
(2.63268 -0.132905 0)
(2.63754 -0.13146 0)
(2.64381 -0.13065 0)
(2.651 -0.129839 0)
(2.65853 -0.129011 0)
(2.66623 -0.128297 0)
(2.67594 -0.127243 0)
(2.68256 -0.126691 0)
(2.69004 -0.126572 0)
(2.69482 -0.126875 0)
(2.68712 -0.127582 0)
(2.67429 -0.126803 0)
(2.67643 -0.125926 0)
(2.68266 -0.126041 0)
(2.68903 -0.126549 0)
(2.69551 -0.127071 0)
(2.70255 -0.127626 0)
(2.70989 -0.128076 0)
(2.71668 -0.128312 0)
(2.72297 -0.127521 0)
(2.7255 -0.125065 0)
(2.71805 -0.122427 0)
(2.70728 -0.122035 0)
(2.70968 -0.122786 0)
(2.7151 -0.12326 0)
(2.72012 -0.123674 0)
(2.72595 -0.124416 0)
(2.73455 -0.125131 0)
(2.74112 -0.124433 0)
(2.74624 -0.124004 0)
(2.75276 -0.123399 0)
(2.75656 -0.122848 0)
(2.74972 -0.122083 0)
(2.73308 -0.121447 0)
(2.73208 -0.121496 0)
(2.73783 -0.121727 0)
(2.74312 -0.12212 0)
(2.74876 -0.122321 0)
(2.75737 -0.121404 0)
(2.76792 -0.119995 0)
(2.77472 -0.119869 0)
(2.78191 -0.120652 0)
(2.78853 -0.121406 0)
(2.79462 -0.122778 0)
(2.79796 -0.124603 0)
(2.79263 -0.124996 0)
(2.77765 -0.120762 0)
(2.77109 -0.115455 0)
(2.77474 -0.113016 0)
(2.78007 -0.112207 0)
(2.78505 -0.112185 0)
(2.79035 -0.112214 0)
(2.796 -0.112277 0)
(2.80152 -0.112847 0)
(2.80738 -0.114218 0)
(2.81229 -0.116439 0)
(2.81641 -0.118789 0)
(2.81841 -0.119904 0)
(2.81387 -0.12087 0)
(2.80603 -0.119553 0)
(2.8064 -0.11691 0)
(2.81156 -0.115187 0)
(2.81648 -0.114128 0)
(2.82064 -0.113347 0)
(2.82417 -0.113063 0)
(2.82729 -0.113814 0)
(2.83003 -0.115593 0)
(2.83189 -0.118227 0)
(2.83118 -0.12049 0)
(2.82916 -0.119584 0)
(2.83101 -0.116579 0)
(2.83438 -0.112753 0)
(2.8382 -0.109699 0)
(2.84265 -0.108401 0)
(2.84694 -0.108366 0)
(2.85146 -0.108931 0)
(2.8549 -0.109214 0)
(2.85773 -0.108923 0)
(2.8607 -0.108776 0)
(2.86283 -0.109862 0)
(2.86249 -0.11124 0)
(2.85849 -0.110841 0)
(2.85493 -0.109666 0)
(2.85705 -0.109999 0)
(2.86134 -0.110042 0)
(2.8667 -0.110016 0)
(2.87181 -0.108748 0)
(2.87665 -0.107853 0)
(2.88165 -0.107593 0)
(2.8843 -0.109187 0)
(2.88212 -0.109961 0)
(2.87508 -0.109468 0)
(2.87425 -0.107046 0)
(2.87871 -0.105525 0)
(2.5001 -0.129237 0)
(2.50733 -0.130727 0)
(2.51841 -0.131397 0)
(2.53134 -0.129132 0)
(2.53974 -0.125596 0)
(2.54898 -0.122371 0)
(2.55588 -0.117939 0)
(2.55803 -0.111587 0)
(2.55524 -0.10702 0)
(2.54958 -0.109668 0)
(2.54358 -0.117776 0)
(2.54238 -0.12342 0)
(2.54879 -0.124263 0)
(2.55598 -0.12372 0)
(2.56543 -0.122087 0)
(2.57469 -0.119689 0)
(2.58294 -0.118804 0)
(2.59102 -0.117542 0)
(2.59623 -0.115157 0)
(2.59843 -0.113251 0)
(2.59924 -0.113391 0)
(2.59809 -0.115785 0)
(2.59443 -0.11843 0)
(2.59526 -0.120067 0)
(2.60004 -0.119581 0)
(2.60613 -0.116744 0)
(2.61324 -0.113507 0)
(2.62096 -0.111537 0)
(2.62871 -0.11029 0)
(2.63595 -0.110724 0)
(2.64399 -0.112731 0)
(2.65087 -0.116332 0)
(2.65466 -0.119209 0)
(2.64917 -0.121458 0)
(2.63735 -0.122632 0)
(2.63762 -0.121603 0)
(2.64421 -0.120246 0)
(2.65115 -0.119205 0)
(2.65821 -0.117957 0)
(2.66499 -0.115645 0)
(2.67097 -0.112821 0)
(2.6771 -0.112225 0)
(2.68434 -0.113055 0)
(2.69034 -0.114932 0)
(2.69157 -0.116414 0)
(2.68374 -0.116058 0)
(2.67662 -0.114002 0)
(2.68082 -0.111709 0)
(2.68662 -0.111535 0)
(2.69274 -0.111909 0)
(2.69902 -0.112236 0)
(2.70589 -0.112665 0)
(2.71286 -0.113601 0)
(2.71922 -0.114079 0)
(2.7264 -0.114494 0)
(2.73067 -0.115214 0)
(2.72381 -0.114267 0)
(2.71126 -0.110469 0)
(2.71207 -0.107394 0)
(2.7173 -0.106269 0)
(2.72257 -0.10605 0)
(2.72767 -0.105983 0)
(2.73546 -0.106184 0)
(2.74322 -0.107859 0)
(2.75003 -0.109803 0)
(2.75681 -0.111478 0)
(2.76167 -0.113779 0)
(2.7568 -0.115295 0)
(2.74077 -0.112114 0)
(2.73496 -0.10818 0)
(2.73969 -0.10696 0)
(2.74494 -0.106634 0)
(2.75022 -0.106454 0)
(2.75678 -0.106661 0)
(2.76462 -0.107555 0)
(2.77136 -0.108801 0)
(2.77858 -0.109349 0)
(2.78557 -0.109686 0)
(2.79153 -0.110521 0)
(2.79396 -0.112708 0)
(2.78922 -0.116066 0)
(2.78102 -0.116659 0)
(2.77874 -0.111177 0)
(2.78232 -0.105259 0)
(2.78656 -0.100563 0)
(2.79096 -0.0989768 0)
(2.79599 -0.0994891 0)
(2.80116 -0.100696 0)
(2.80655 -0.101769 0)
(2.81175 -0.102636 0)
(2.81627 -0.103517 0)
(2.81803 -0.104897 0)
(2.81441 -0.107303 0)
(2.80919 -0.10951 0)
(2.80838 -0.110562 0)
(2.81029 -0.108151 0)
(2.81197 -0.10448 0)
(2.81388 -0.101527 0)
(2.81764 -0.0999385 0)
(2.82183 -0.0993716 0)
(2.82596 -0.0998611 0)
(2.82931 -0.101848 0)
(2.83157 -0.104499 0)
(2.8324 -0.106464 0)
(2.83341 -0.104893 0)
(2.8348 -0.101503 0)
(2.8361 -0.098807 0)
(2.83735 -0.0980401 0)
(2.839 -0.0980202 0)
(2.84161 -0.0977885 0)
(2.84665 -0.0967397 0)
(2.85245 -0.0964432 0)
(2.85769 -0.0969054 0)
(2.86226 -0.0979885 0)
(2.86598 -0.0991687 0)
(2.86635 -0.100371 0)
(2.86363 -0.100885 0)
(2.86197 -0.101721 0)
(2.86321 -0.101597 0)
(2.86559 -0.100015 0)
(2.86791 -0.098251 0)
(2.87052 -0.0982689 0)
(2.87365 -0.0984158 0)
(2.87639 -0.0983315 0)
(2.87735 -0.0999847 0)
(2.87621 -0.0993475 0)
(2.87455 -0.0995526 0)
(2.87674 -0.0967858 0)
(2.88063 -0.0944568 0)
(2.50105 -0.110014 0)
(2.51093 -0.111053 0)
(2.52729 -0.111973 0)
(2.53978 -0.110999 0)
(2.54585 -0.108916 0)
(2.55568 -0.105912 0)
(2.56427 -0.102641 0)
(2.56863 -0.0987398 0)
(2.56205 -0.0972539 0)
(2.54677 -0.102924 0)
(2.53996 -0.10893 0)
(2.54488 -0.109433 0)
(2.55196 -0.107489 0)
(2.55885 -0.105132 0)
(2.56764 -0.102992 0)
(2.57698 -0.101893 0)
(2.58584 -0.101695 0)
(2.59401 -0.101574 0)
(2.60076 -0.10144 0)
(2.6035 -0.101153 0)
(2.60141 -0.101876 0)
(2.59605 -0.10485 0)
(2.59155 -0.106636 0)
(2.59397 -0.10544 0)
(2.60163 -0.104116 0)
(2.60956 -0.103082 0)
(2.61752 -0.0999517 0)
(2.62529 -0.0961797 0)
(2.63304 -0.0961702 0)
(2.64146 -0.0981079 0)
(2.64861 -0.100446 0)
(2.65415 -0.102851 0)
(2.65417 -0.106459 0)
(2.64558 -0.110813 0)
(2.6382 -0.111243 0)
(2.63912 -0.108004 0)
(2.64429 -0.104944 0)
(2.65047 -0.102227 0)
(2.65627 -0.099259 0)
(2.66276 -0.0965827 0)
(2.67048 -0.0960894 0)
(2.6777 -0.0971149 0)
(2.68398 -0.0990748 0)
(2.68869 -0.101397 0)
(2.68989 -0.103632 0)
(2.68509 -0.103695 0)
(2.67837 -0.100065 0)
(2.67872 -0.0979101 0)
(2.68366 -0.0968895 0)
(2.69004 -0.0962848 0)
(2.69668 -0.0964093 0)
(2.70324 -0.0971033 0)
(2.71014 -0.0987538 0)
(2.7167 -0.101006 0)
(2.72341 -0.10285 0)
(2.72804 -0.105648 0)
(2.72566 -0.108932 0)
(2.7181 -0.104746 0)
(2.71821 -0.0971041 0)
(2.72328 -0.0924853 0)
(2.72774 -0.0903231 0)
(2.73332 -0.09055 0)
(2.74066 -0.0920388 0)
(2.74775 -0.0942108 0)
(2.75441 -0.096244 0)
(2.76017 -0.0988339 0)
(2.76381 -0.101835 0)
(2.76068 -0.103389 0)
(2.74829 -0.101374 0)
(2.74173 -0.0972607 0)
(2.74516 -0.094892 0)
(2.75067 -0.0938532 0)
(2.75558 -0.093365 0)
(2.76049 -0.0932996 0)
(2.766 -0.0939347 0)
(2.77193 -0.0956796 0)
(2.77769 -0.0972339 0)
(2.78359 -0.0984672 0)
(2.78805 -0.10037 0)
(2.78843 -0.103072 0)
(2.78472 -0.103667 0)
(2.7827 -0.100691 0)
(2.78404 -0.0956391 0)
(2.78518 -0.0905426 0)
(2.7857 -0.0870624 0)
(2.78751 -0.0856398 0)
(2.79251 -0.0858375 0)
(2.79735 -0.0869125 0)
(2.8017 -0.088461 0)
(2.80592 -0.09002 0)
(2.80949 -0.0915539 0)
(2.81127 -0.0932408 0)
(2.80964 -0.0955558 0)
(2.80548 -0.0974644 0)
(2.80625 -0.0967611 0)
(2.81055 -0.0952628 0)
(2.81449 -0.0934113 0)
(2.81721 -0.0904606 0)
(2.81982 -0.0886197 0)
(2.82402 -0.0884221 0)
(2.82898 -0.0886883 0)
(2.83367 -0.0900888 0)
(2.83615 -0.0919959 0)
(2.83698 -0.0921176 0)
(2.83738 -0.0908804 0)
(2.83807 -0.089515 0)
(2.83857 -0.0876525 0)
(2.83936 -0.0857009 0)
(2.84068 -0.0843594 0)
(2.84342 -0.0841437 0)
(2.84697 -0.0840495 0)
(2.85068 -0.084548 0)
(2.8544 -0.0864601 0)
(2.85806 -0.0878801 0)
(2.86066 -0.0886272 0)
(2.86093 -0.0897027 0)
(2.85926 -0.0886617 0)
(2.85992 -0.0871875 0)
(2.86363 -0.0882424 0)
(2.86781 -0.0880959 0)
(2.87151 -0.0871928 0)
(2.87338 -0.0865908 0)
(2.8744 -0.0853715 0)
(2.87518 -0.0847858 0)
(2.87553 -0.0860236 0)
(2.8751 -0.0855743 0)
(2.874 -0.0856948 0)
(2.87478 -0.0852259 0)
(2.87811 -0.0836133 0)
(2.49969 -0.0900669 0)
(2.50827 -0.0881716 0)
(2.52405 -0.0870075 0)
(2.54086 -0.0889335 0)
(2.55346 -0.0911689 0)
(2.55915 -0.0914874 0)
(2.56915 -0.0917704 0)
(2.57496 -0.0922431 0)
(2.56417 -0.0939514 0)
(2.54607 -0.0969409 0)
(2.54666 -0.0980425 0)
(2.55346 -0.0969657 0)
(2.55983 -0.0933883 0)
(2.56685 -0.0901516 0)
(2.57378 -0.0881609 0)
(2.58068 -0.0867946 0)
(2.58704 -0.0855334 0)
(2.59294 -0.0847918 0)
(2.59862 -0.0851068 0)
(2.60245 -0.0870505 0)
(2.59966 -0.0909815 0)
(2.59312 -0.0965369 0)
(2.59538 -0.0975909 0)
(2.60154 -0.0945994 0)
(2.60665 -0.0892601 0)
(2.61167 -0.0839087 0)
(2.61769 -0.0813058 0)
(2.62427 -0.0812875 0)
(2.63028 -0.0822084 0)
(2.63672 -0.0841604 0)
(2.64275 -0.0860744 0)
(2.64759 -0.0884161 0)
(2.64844 -0.0929768 0)
(2.64434 -0.0983023 0)
(2.64142 -0.0990672 0)
(2.64427 -0.0971155 0)
(2.65073 -0.0944651 0)
(2.6576 -0.0914192 0)
(2.66389 -0.0875282 0)
(2.66974 -0.0840767 0)
(2.67583 -0.0827163 0)
(2.682 -0.0832527 0)
(2.68687 -0.0851397 0)
(2.69012 -0.0877004 0)
(2.69074 -0.0906829 0)
(2.68821 -0.0929992 0)
(2.68484 -0.0918237 0)
(2.68513 -0.0874005 0)
(2.68857 -0.0831769 0)
(2.69415 -0.0809516 0)
(2.70167 -0.0804449 0)
(2.70813 -0.0807077 0)
(2.71422 -0.0813743 0)
(2.71915 -0.083267 0)
(2.7213 -0.0886586 0)
(2.72177 -0.0936125 0)
(2.72297 -0.0940423 0)
(2.72491 -0.0907644 0)
(2.72562 -0.0837461 0)
(2.72446 -0.0778233 0)
(2.72635 -0.0761547 0)
(2.73189 -0.0759972 0)
(2.7382 -0.0768904 0)
(2.74399 -0.0799017 0)
(2.74993 -0.0828898 0)
(2.75529 -0.0852194 0)
(2.75845 -0.0869652 0)
(2.75758 -0.0890135 0)
(2.75353 -0.0898127 0)
(2.74928 -0.0859758 0)
(2.74925 -0.081163 0)
(2.75274 -0.0786224 0)
(2.7575 -0.0779285 0)
(2.76238 -0.078113 0)
(2.76751 -0.0793647 0)
(2.77256 -0.0819802 0)
(2.7772 -0.0849651 0)
(2.78154 -0.0877165 0)
(2.78467 -0.090007 0)
(2.7852 -0.09118 0)
(2.78573 -0.0896052 0)
(2.78724 -0.0859651 0)
(2.79022 -0.0841951 0)
(2.79276 -0.0821897 0)
(2.79197 -0.0777142 0)
(2.78965 -0.0730795 0)
(2.79188 -0.0716721 0)
(2.79733 -0.0723765 0)
(2.80214 -0.0734328 0)
(2.80667 -0.0745188 0)
(2.81063 -0.0758443 0)
(2.81164 -0.0789105 0)
(2.80838 -0.0843023 0)
(2.80705 -0.0863073 0)
(2.80989 -0.0837617 0)
(2.81246 -0.0804512 0)
(2.81481 -0.0776236 0)
(2.81655 -0.0763575 0)
(2.81714 -0.0764464 0)
(2.81978 -0.0771124 0)
(2.82368 -0.0772818 0)
(2.8279 -0.0766572 0)
(2.83149 -0.0771285 0)
(2.83394 -0.0787144 0)
(2.83511 -0.080445 0)
(2.83623 -0.0796749 0)
(2.83971 -0.0783766 0)
(2.84359 -0.0773491 0)
(2.84654 -0.0752342 0)
(2.84884 -0.0735745 0)
(2.85106 -0.0732683 0)
(2.85352 -0.0734017 0)
(2.85617 -0.073156 0)
(2.8581 -0.0737234 0)
(2.85897 -0.0765337 0)
(2.85907 -0.0785736 0)
(2.86159 -0.0783938 0)
(2.86532 -0.0776127 0)
(2.86864 -0.0778218 0)
(2.87165 -0.0770179 0)
(2.8744 -0.0757776 0)
(2.87655 -0.0756767 0)
(2.87781 -0.0746704 0)
(2.87877 -0.0743231 0)
(2.87936 -0.075018 0)
(2.87985 -0.0754235 0)
(2.88055 -0.0769658 0)
(2.88035 -0.0754119 0)
(2.88075 -0.0719523 0)
(2.5046 -0.0715096 0)
(2.51462 -0.0698759 0)
(2.5329 -0.0676455 0)
(2.54482 -0.0655462 0)
(2.55384 -0.0664864 0)
(2.56245 -0.0715209 0)
(2.56842 -0.0776078 0)
(2.56925 -0.0845503 0)
(2.55741 -0.0902089 0)
(2.54566 -0.0874943 0)
(2.54984 -0.0802186 0)
(2.55565 -0.0757861 0)
(2.56249 -0.0727046 0)
(2.57009 -0.0709464 0)
(2.57824 -0.0706051 0)
(2.58613 -0.0709345 0)
(2.59387 -0.0710961 0)
(2.60034 -0.0707527 0)
(2.60386 -0.0711258 0)
(2.60243 -0.0746602 0)
(2.5955 -0.082805 0)
(2.59376 -0.0844106 0)
(2.5999 -0.0814667 0)
(2.60643 -0.078099 0)
(2.61379 -0.0752529 0)
(2.62107 -0.0730112 0)
(2.62711 -0.0707969 0)
(2.62974 -0.0680646 0)
(2.63053 -0.0662831 0)
(2.63496 -0.0680818 0)
(2.64049 -0.0708739 0)
(2.64429 -0.0745707 0)
(2.64347 -0.0815285 0)
(2.64214 -0.0861621 0)
(2.64607 -0.0859518 0)
(2.65176 -0.0832462 0)
(2.65693 -0.078717 0)
(2.66145 -0.0734634 0)
(2.66579 -0.0696162 0)
(2.67011 -0.0682561 0)
(2.67406 -0.0684533 0)
(2.67769 -0.0691442 0)
(2.68116 -0.0706471 0)
(2.68402 -0.0728012 0)
(2.68475 -0.07605 0)
(2.685 -0.0808922 0)
(2.68795 -0.0846391 0)
(2.69214 -0.0839717 0)
(2.69663 -0.0791814 0)
(2.69959 -0.0722389 0)
(2.7002 -0.0668166 0)
(2.70332 -0.0665521 0)
(2.70785 -0.0693287 0)
(2.7117 -0.0715348 0)
(2.71562 -0.0739695 0)
(2.72088 -0.0763819 0)
(2.72496 -0.0764916 0)
(2.7304 -0.0753905 0)
(2.73422 -0.074627 0)
(2.7334 -0.0708504 0)
(2.73169 -0.0648636 0)
(2.73431 -0.0617591 0)
(2.7409 -0.0612735 0)
(2.74742 -0.0619177 0)
(2.75241 -0.0643764 0)
(2.75598 -0.0674384 0)
(2.75586 -0.0715733 0)
(2.75249 -0.0757903 0)
(2.75176 -0.0771011 0)
(2.75361 -0.0761578 0)
(2.75604 -0.0722471 0)
(2.75874 -0.0676454 0)
(2.76257 -0.0660521 0)
(2.76771 -0.066312 0)
(2.77343 -0.0667618 0)
(2.77916 -0.0678141 0)
(2.78364 -0.0699837 0)
(2.78661 -0.0731374 0)
(2.78793 -0.0758963 0)
(2.78719 -0.0767549 0)
(2.78504 -0.0758011 0)
(2.78595 -0.0744534 0)
(2.78939 -0.0725001 0)
(2.79358 -0.070883 0)
(2.79655 -0.0691921 0)
(2.79658 -0.0653862 0)
(2.79478 -0.0603301 0)
(2.79565 -0.0585888 0)
(2.79975 -0.0603445 0)
(2.80403 -0.0625716 0)
(2.8075 -0.0650812 0)
(2.80687 -0.0701446 0)
(2.80661 -0.0734781 0)
(2.81184 -0.0740395 0)
(2.81602 -0.0726103 0)
(2.81963 -0.0700529 0)
(2.82261 -0.0679837 0)
(2.82309 -0.0661474 0)
(2.81918 -0.0634215 0)
(2.8202 -0.0632257 0)
(2.82452 -0.0642046 0)
(2.82859 -0.0654417 0)
(2.83362 -0.0661555 0)
(2.83748 -0.0680863 0)
(2.83758 -0.069946 0)
(2.83775 -0.0679173 0)
(2.84015 -0.0648695 0)
(2.8429 -0.0628572 0)
(2.84604 -0.0621387 0)
(2.84778 -0.0621319 0)
(2.84803 -0.0616986 0)
(2.84885 -0.0616656 0)
(2.84967 -0.0630971 0)
(2.85052 -0.0649577 0)
(2.85459 -0.0673462 0)
(2.85942 -0.0684574 0)
(2.86405 -0.0673746 0)
(2.86843 -0.066009 0)
(2.87305 -0.0668971 0)
(2.87681 -0.0663789 0)
(2.87769 -0.0633719 0)
(2.87737 -0.0631805 0)
(2.87598 -0.0633105 0)
(2.87478 -0.0640489 0)
(2.87579 -0.0648134 0)
(2.87828 -0.0641951 0)
(2.88118 -0.0647282 0)
(2.8842 -0.0645377 0)
(2.88747 -0.0624208 0)
(2.50921 -0.0499462 0)
(2.5172 -0.0479329 0)
(2.52674 -0.0477637 0)
(2.53632 -0.0488344 0)
(2.54522 -0.0509386 0)
(2.55478 -0.0528538 0)
(2.56041 -0.0590305 0)
(2.55795 -0.0731735 0)
(2.55069 -0.0853257 0)
(2.55176 -0.0841157 0)
(2.55882 -0.0768876 0)
(2.56532 -0.069609 0)
(2.57157 -0.0627224 0)
(2.57855 -0.0572044 0)
(2.58493 -0.0540326 0)
(2.59138 -0.0543175 0)
(2.59847 -0.0553898 0)
(2.60522 -0.0562716 0)
(2.60564 -0.0593658 0)
(2.59606 -0.0681494 0)
(2.59481 -0.0733928 0)
(2.60174 -0.0732678 0)
(2.60713 -0.0686739 0)
(2.61234 -0.0625495 0)
(2.6179 -0.0578019 0)
(2.62324 -0.0547348 0)
(2.62823 -0.0531684 0)
(2.63284 -0.0529854 0)
(2.63618 -0.053029 0)
(2.63873 -0.0526988 0)
(2.63996 -0.0569519 0)
(2.63876 -0.0664595 0)
(2.63856 -0.0718359 0)
(2.64514 -0.0727719 0)
(2.65206 -0.0719482 0)
(2.65859 -0.0686976 0)
(2.66458 -0.0656872 0)
(2.67027 -0.0635035 0)
(2.67459 -0.0605412 0)
(2.67612 -0.0562813 0)
(2.67643 -0.0531723 0)
(2.67824 -0.0522337 0)
(2.68119 -0.053017 0)
(2.68263 -0.0575321 0)
(2.68147 -0.0638459 0)
(2.68224 -0.0664371 0)
(2.68811 -0.0665075 0)
(2.69449 -0.0659411 0)
(2.70052 -0.0643159 0)
(2.70496 -0.06093 0)
(2.7043 -0.0559169 0)
(2.70121 -0.0532172 0)
(2.70633 -0.0549992 0)
(2.71276 -0.0568082 0)
(2.71876 -0.0570334 0)
(2.7244 -0.0563975 0)
(2.72676 -0.0587408 0)
(2.72826 -0.0613155 0)
(2.73194 -0.0626575 0)
(2.73593 -0.0633133 0)
(2.73831 -0.0612333 0)
(2.73825 -0.0556543 0)
(2.73786 -0.0501784 0)
(2.74043 -0.0484052 0)
(2.74456 -0.0515287 0)
(2.7474 -0.055791 0)
(2.74893 -0.0587947 0)
(2.75016 -0.0597648 0)
(2.75229 -0.0595861 0)
(2.75546 -0.0577663 0)
(2.75824 -0.0554783 0)
(2.75936 -0.0537921 0)
(2.75983 -0.0536794 0)
(2.76347 -0.0543622 0)
(2.76857 -0.0545817 0)
(2.77407 -0.0547885 0)
(2.77919 -0.0557322 0)
(2.78284 -0.0569157 0)
(2.78497 -0.0588342 0)
(2.78548 -0.0623172 0)
(2.78601 -0.0642128 0)
(2.78843 -0.0632751 0)
(2.79145 -0.0603182 0)
(2.79342 -0.0564207 0)
(2.79425 -0.0526331 0)
(2.79517 -0.0499405 0)
(2.79709 -0.0487207 0)
(2.79968 -0.047648 0)
(2.80302 -0.0471981 0)
(2.80553 -0.0497219 0)
(2.80531 -0.0555355 0)
(2.80523 -0.0588058 0)
(2.80965 -0.0591489 0)
(2.8131 -0.0574433 0)
(2.81625 -0.0552294 0)
(2.81978 -0.0533235 0)
(2.82268 -0.0522863 0)
(2.82381 -0.0525111 0)
(2.8237 -0.0529482 0)
(2.8242 -0.0510479 0)
(2.82573 -0.0503134 0)
(2.82739 -0.0535139 0)
(2.82878 -0.0571803 0)
(2.83092 -0.058629 0)
(2.83652 -0.0581977 0)
(2.8408 -0.0574123 0)
(2.84535 -0.0559874 0)
(2.84963 -0.0546054 0)
(2.85124 -0.0521199 0)
(2.8501 -0.0494649 0)
(2.8482 -0.0487642 0)
(2.84762 -0.0492984 0)
(2.85 -0.0499558 0)
(2.85324 -0.0515516 0)
(2.85532 -0.0541609 0)
(2.85683 -0.0565826 0)
(2.86053 -0.0561272 0)
(2.86479 -0.0556686 0)
(2.86924 -0.0552821 0)
(2.87462 -0.053727 0)
(2.87918 -0.0527861 0)
(2.88211 -0.0524048 0)
(2.88036 -0.0497666 0)
(2.87648 -0.0499645 0)
(2.87659 -0.0528197 0)
(2.87934 -0.0540021 0)
(2.88322 -0.0542607 0)
(2.88682 -0.0526483 0)
(2.8911 -0.0507448 0)
(2.52029 -0.0372468 0)
(2.5213 -0.0296426 0)
(2.52825 -0.0280537 0)
(2.53615 -0.0284724 0)
(2.54369 -0.0307946 0)
(2.54794 -0.0395887 0)
(2.54569 -0.0549897 0)
(2.54263 -0.0660531 0)
(2.54975 -0.0677165 0)
(2.55742 -0.0667745 0)
(2.56538 -0.0624649 0)
(2.57251 -0.0553285 0)
(2.57847 -0.0473782 0)
(2.58217 -0.040672 0)
(2.58441 -0.0374423 0)
(2.58966 -0.0360832 0)
(2.59614 -0.0366592 0)
(2.60083 -0.0399604 0)
(2.59716 -0.0485998 0)
(2.58986 -0.0561279 0)
(2.59461 -0.056141 0)
(2.60144 -0.0539667 0)
(2.61009 -0.0503778 0)
(2.61835 -0.0483924 0)
(2.6262 -0.0467617 0)
(2.63218 -0.0438349 0)
(2.63572 -0.039928 0)
(2.63791 -0.0377466 0)
(2.63927 -0.0376229 0)
(2.63573 -0.0425472 0)
(2.63061 -0.0524075 0)
(2.63471 -0.0574119 0)
(2.64186 -0.0586131 0)
(2.64727 -0.0579281 0)
(2.65298 -0.0541785 0)
(2.659 -0.0502451 0)
(2.66533 -0.0475846 0)
(2.67107 -0.0456123 0)
(2.6758 -0.0437728 0)
(2.67891 -0.0415357 0)
(2.68035 -0.0403743 0)
(2.68016 -0.0397292 0)
(2.67629 -0.0441392 0)
(2.67529 -0.0510164 0)
(2.68158 -0.0538379 0)
(2.68899 -0.0546901 0)
(2.69479 -0.053425 0)
(2.69977 -0.0512164 0)
(2.70481 -0.0497465 0)
(2.709 -0.0484428 0)
(2.70992 -0.0461773 0)
(2.70752 -0.0417099 0)
(2.70629 -0.039209 0)
(2.70823 -0.0418909 0)
(2.71225 -0.0445138 0)
(2.71624 -0.0464115 0)
(2.72033 -0.0478099 0)
(2.72475 -0.047865 0)
(2.7293 -0.0470015 0)
(2.73446 -0.0453931 0)
(2.73931 -0.0439728 0)
(2.74221 -0.0431873 0)
(2.73992 -0.0416729 0)
(2.73424 -0.0410668 0)
(2.73562 -0.0415519 0)
(2.74199 -0.0425565 0)
(2.74776 -0.0442678 0)
(2.7523 -0.0459343 0)
(2.75704 -0.045805 0)
(2.7621 -0.045418 0)
(2.76656 -0.0452492 0)
(2.76621 -0.0425861 0)
(2.7619 -0.0393425 0)
(2.764 -0.0387873 0)
(2.76906 -0.0392941 0)
(2.77397 -0.0418037 0)
(2.77983 -0.0428005 0)
(2.7817 -0.0449574 0)
(2.77961 -0.0501427 0)
(2.78316 -0.052156 0)
(2.78889 -0.0522582 0)
(2.79354 -0.0515434 0)
(2.79734 -0.0498723 0)
(2.79987 -0.0474414 0)
(2.80072 -0.0433895 0)
(2.80058 -0.0382872 0)
(2.80035 -0.0353838 0)
(2.79931 -0.0357615 0)
(2.79718 -0.0399096 0)
(2.79838 -0.044629 0)
(2.80387 -0.046818 0)
(2.8102 -0.0475026 0)
(2.81475 -0.0464785 0)
(2.81925 -0.0451932 0)
(2.82393 -0.0444471 0)
(2.82787 -0.0436412 0)
(2.82981 -0.0418878 0)
(2.82898 -0.0390191 0)
(2.82655 -0.0374375 0)
(2.82285 -0.0390216 0)
(2.82002 -0.0426089 0)
(2.82141 -0.0449214 0)
(2.82519 -0.0456933 0)
(2.82966 -0.0458551 0)
(2.83398 -0.0459767 0)
(2.8388 -0.045477 0)
(2.84348 -0.0433799 0)
(2.84737 -0.0408194 0)
(2.85085 -0.03933 0)
(2.85258 -0.0384685 0)
(2.85215 -0.0385758 0)
(2.84982 -0.0383755 0)
(2.84661 -0.0403963 0)
(2.84759 -0.0429034 0)
(2.85179 -0.043922 0)
(2.8567 -0.0441529 0)
(2.86173 -0.0437216 0)
(2.86627 -0.0432262 0)
(2.87071 -0.0428829 0)
(2.87469 -0.0417953 0)
(2.87781 -0.0410586 0)
(2.87849 -0.0411274 0)
(2.87447 -0.0396984 0)
(2.86964 -0.0414788 0)
(2.87063 -0.0431163 0)
(2.87469 -0.0435322 0)
(2.87873 -0.0434524 0)
(2.88252 -0.0417902 0)
(2.88741 -0.0403739 0)
(2.53621 -0.0338899 0)
(2.53643 -0.0202872 0)
(2.53356 -0.0110893 0)
(2.53271 -0.0121075 0)
(2.5333 -0.0222045 0)
(2.53129 -0.0375093 0)
(2.53048 -0.0472224 0)
(2.5375 -0.0485487 0)
(2.54528 -0.0476035 0)
(2.55457 -0.0455486 0)
(2.56613 -0.0431934 0)
(2.57573 -0.0409219 0)
(2.58485 -0.0391159 0)
(2.59152 -0.0339509 0)
(2.59119 -0.025384 0)
(2.58763 -0.0215926 0)
(2.58847 -0.026136 0)
(2.58946 -0.0338897 0)
(2.58763 -0.0402812 0)
(2.59101 -0.0434933 0)
(2.59791 -0.0432233 0)
(2.60561 -0.0406921 0)
(2.614 -0.0363297 0)
(2.62186 -0.0322293 0)
(2.62937 -0.0280609 0)
(2.63576 -0.0237589 0)
(2.63896 -0.0210513 0)
(2.63662 -0.0226913 0)
(2.63136 -0.029036 0)
(2.62493 -0.0368075 0)
(2.62481 -0.0399409 0)
(2.63145 -0.0408564 0)
(2.63775 -0.0408123 0)
(2.6457 -0.0405618 0)
(2.6564 -0.0396061 0)
(2.66391 -0.038026 0)
(2.67189 -0.0362879 0)
(2.6781 -0.0327702 0)
(2.68157 -0.0273972 0)
(2.68063 -0.0242421 0)
(2.67606 -0.0257974 0)
(2.67172 -0.0312301 0)
(2.66947 -0.0357776 0)
(2.67314 -0.0378635 0)
(2.67989 -0.0382572 0)
(2.68565 -0.0372268 0)
(2.69206 -0.0353359 0)
(2.69887 -0.034321 0)
(2.70523 -0.0334092 0)
(2.70975 -0.0316523 0)
(2.71093 -0.0287368 0)
(2.70694 -0.0262839 0)
(2.70128 -0.0272647 0)
(2.70268 -0.0311608 0)
(2.70594 -0.0337391 0)
(2.71082 -0.0334376 0)
(2.71673 -0.0331418 0)
(2.72363 -0.0326399 0)
(2.73048 -0.0315561 0)
(2.7365 -0.0296229 0)
(2.74183 -0.027875 0)
(2.7452 -0.0275789 0)
(2.74163 -0.0280195 0)
(2.73309 -0.0280644 0)
(2.7319 -0.02896 0)
(2.7368 -0.0304236 0)
(2.74243 -0.0316962 0)
(2.74868 -0.0326173 0)
(2.75493 -0.0326555 0)
(2.76101 -0.0325369 0)
(2.76632 -0.0327165 0)
(2.7703 -0.0336065 0)
(2.77122 -0.0306827 0)
(2.76819 -0.0252944 0)
(2.76483 -0.0256617 0)
(2.76718 -0.0298742 0)
(2.77069 -0.0330193 0)
(2.77296 -0.0351393 0)
(2.775 -0.0366809 0)
(2.77999 -0.0371604 0)
(2.78433 -0.036472 0)
(2.78872 -0.0342201 0)
(2.79352 -0.0310289 0)
(2.79797 -0.0276176 0)
(2.80122 -0.0245864 0)
(2.8011 -0.0235739 0)
(2.79638 -0.0255781 0)
(2.79117 -0.0286945 0)
(2.79021 -0.0307904 0)
(2.79397 -0.0322174 0)
(2.79982 -0.032529 0)
(2.80454 -0.0318097 0)
(2.80993 -0.0302822 0)
(2.81568 -0.0291138 0)
(2.82123 -0.0278419 0)
(2.82594 -0.0260749 0)
(2.82894 -0.024372 0)
(2.82825 -0.0246004 0)
(2.8228 -0.0272091 0)
(2.8178 -0.0300728 0)
(2.81788 -0.0316866 0)
(2.8214 -0.0322319 0)
(2.82627 -0.0324742 0)
(2.83153 -0.0327005 0)
(2.83687 -0.0329132 0)
(2.84213 -0.0324935 0)
(2.84717 -0.0309484 0)
(2.85131 -0.0279961 0)
(2.85363 -0.0249676 0)
(2.85255 -0.0252543 0)
(2.84731 -0.0276513 0)
(2.84313 -0.0290096 0)
(2.84317 -0.0298368 0)
(2.84758 -0.0309134 0)
(2.85335 -0.031402 0)
(2.85819 -0.0315017 0)
(2.86286 -0.0308925 0)
(2.86728 -0.0296939 0)
(2.87193 -0.0290945 0)
(2.87664 -0.0281709 0)
(2.88005 -0.027479 0)
(2.87999 -0.0273359 0)
(2.87479 -0.0268136 0)
(2.86985 -0.0285099 0)
(2.8714 -0.0290026 0)
(2.87511 -0.0291869 0)
(2.87907 -0.0290927 0)
(2.8827 -0.0278772 0)
(2.88771 -0.0270561 0)
(2.54339 -0.015388 0)
(2.54805 -0.0059582 0)
(2.54281 0.000913467 0)
(2.5276 -0.00507861 0)
(2.51803 -0.0195558 0)
(2.52023 -0.027421 0)
(2.52794 -0.0294878 0)
(2.53484 -0.0306439 0)
(2.54537 -0.0309873 0)
(2.55924 -0.0280478 0)
(2.56831 -0.0243562 0)
(2.57733 -0.022078 0)
(2.58624 -0.0197837 0)
(2.59422 -0.0168119 0)
(2.598 -0.0120737 0)
(2.59233 -0.00736972 0)
(2.58063 -0.0110004 0)
(2.57946 -0.0207114 0)
(2.58509 -0.0259379 0)
(2.59079 -0.025829 0)
(2.59812 -0.0247949 0)
(2.60786 -0.0228163 0)
(2.6171 -0.0199842 0)
(2.62597 -0.0178424 0)
(2.635 -0.0160121 0)
(2.64352 -0.0134838 0)
(2.64787 -0.0094 0)
(2.64022 -0.00603281 0)
(2.62313 -0.0133696 0)
(2.62072 -0.0231344 0)
(2.62631 -0.0256091 0)
(2.63209 -0.0254586 0)
(2.63867 -0.0253926 0)
(2.6471 -0.0253474 0)
(2.65966 -0.0242582 0)
(2.66708 -0.0216218 0)
(2.67479 -0.0193245 0)
(2.68221 -0.017372 0)
(2.68863 -0.0146624 0)
(2.68849 -0.0102232 0)
(2.67555 -0.00860883 0)
(2.66516 -0.0172664 0)
(2.66898 -0.0233875 0)
(2.67478 -0.0238342 0)
(2.68046 -0.0234145 0)
(2.68769 -0.0228366 0)
(2.69495 -0.0219073 0)
(2.70194 -0.021185 0)
(2.70871 -0.0201849 0)
(2.71448 -0.0186832 0)
(2.71781 -0.0162785 0)
(2.71495 -0.0135977 0)
(2.70454 -0.0149512 0)
(2.70174 -0.0195313 0)
(2.70806 -0.0203154 0)
(2.71232 -0.021098 0)
(2.71801 -0.0201535 0)
(2.72413 -0.0191878 0)
(2.73181 -0.0179934 0)
(2.73954 -0.0173798 0)
(2.74657 -0.017446 0)
(2.75095 -0.0173144 0)
(2.74762 -0.0173522 0)
(2.73714 -0.0170468 0)
(2.73368 -0.0172763 0)
(2.7381 -0.0184246 0)
(2.74371 -0.0193704 0)
(2.74967 -0.0200046 0)
(2.75574 -0.0203407 0)
(2.7617 -0.0201527 0)
(2.7672 -0.0191358 0)
(2.77186 -0.0175846 0)
(2.77571 -0.0160953 0)
(2.77562 -0.0139265 0)
(2.76893 -0.0101672 0)
(2.764 -0.0106606 0)
(2.76743 -0.0163878 0)
(2.77144 -0.0214159 0)
(2.77562 -0.0230591 0)
(2.77984 -0.0231195 0)
(2.7857 -0.0226634 0)
(2.79074 -0.021387 0)
(2.79687 -0.0192108 0)
(2.80282 -0.0168717 0)
(2.80801 -0.0142081 0)
(2.80794 -0.0108312 0)
(2.79656 -0.0100001 0)
(2.78716 -0.0162017 0)
(2.78996 -0.0199954 0)
(2.79499 -0.0200438 0)
(2.79994 -0.0194101 0)
(2.80577 -0.0190313 0)
(2.8123 -0.0185441 0)
(2.81829 -0.0178638 0)
(2.82437 -0.0169999 0)
(2.83031 -0.0157315 0)
(2.83519 -0.0138755 0)
(2.8351 -0.0113822 0)
(2.82538 -0.0115385 0)
(2.81762 -0.0181555 0)
(2.81987 -0.0208991 0)
(2.82382 -0.0209754 0)
(2.82877 -0.0210438 0)
(2.8343 -0.0212402 0)
(2.83982 -0.0212373 0)
(2.84483 -0.0201603 0)
(2.84972 -0.0183702 0)
(2.855 -0.0162383 0)
(2.85962 -0.013899 0)
(2.8587 -0.011687 0)
(2.84903 -0.0117549 0)
(2.84196 -0.0166576 0)
(2.84526 -0.0199112 0)
(2.85061 -0.0201739 0)
(2.85507 -0.0200893 0)
(2.86004 -0.0197147 0)
(2.86485 -0.0186447 0)
(2.86983 -0.0183004 0)
(2.87554 -0.0181685 0)
(2.8808 -0.0174654 0)
(2.88479 -0.016729 0)
(2.88528 -0.0165309 0)
(2.87888 -0.0166313 0)
(2.8732 -0.0185291 0)
(2.87531 -0.0186364 0)
(2.87878 -0.0186789 0)
(2.88263 -0.0184705 0)
(2.88603 -0.0175177 0)
(2.89122 -0.0169519 0)
(2.54932 -0.00547851 0)
(2.55322 -0.00342843 0)
(2.53793 -0.00377609 0)
(2.51358 -0.00778352 0)
(2.51113 -0.00967296 0)
(2.51813 -0.0102052 0)
(2.52461 -0.0105357 0)
(2.53162 -0.0114306 0)
(2.54146 -0.0130236 0)
(2.5539 -0.0127715 0)
(2.56361 -0.0114774 0)
(2.57255 -0.0103931 0)
(2.5809 -0.00971849 0)
(2.58905 -0.00903428 0)
(2.59349 -0.00853155 0)
(2.58603 -0.00932667 0)
(2.57043 -0.0119009 0)
(2.57072 -0.0132746 0)
(2.57795 -0.0136424 0)
(2.58441 -0.0134896 0)
(2.59214 -0.012722 0)
(2.60276 -0.0112066 0)
(2.61245 -0.00970495 0)
(2.62172 -0.00889229 0)
(2.63077 -0.00858738 0)
(2.63922 -0.00818209 0)
(2.64305 -0.00823522 0)
(2.63207 -0.0101605 0)
(2.61281 -0.0134275 0)
(2.61342 -0.0146768 0)
(2.61956 -0.0148526 0)
(2.62531 -0.0148375 0)
(2.63176 -0.0146948 0)
(2.6411 -0.014079 0)
(2.65413 -0.0122625 0)
(2.66272 -0.0104404 0)
(2.66942 -0.0096795 0)
(2.67713 -0.00934524 0)
(2.68333 -0.00883574 0)
(2.68193 -0.00887262 0)
(2.66597 -0.0109884 0)
(2.6571 -0.013139 0)
(2.66307 -0.0136716 0)
(2.66887 -0.0136852 0)
(2.67486 -0.0135462 0)
(2.6821 -0.0129077 0)
(2.68957 -0.011462 0)
(2.69641 -0.0104946 0)
(2.70339 -0.00991797 0)
(2.7096 -0.00930726 0)
(2.71262 -0.00835122 0)
(2.70771 -0.0073343 0)
(2.69769 -0.00705651 0)
(2.69869 -0.00674174 0)
(2.70262 -0.00738834 0)
(2.70783 -0.00938284 0)
(2.71388 -0.00984099 0)
(2.72056 -0.00974276 0)
(2.72792 -0.00943135 0)
(2.73517 -0.00887304 0)
(2.74152 -0.00803043 0)
(2.74478 -0.00706528 0)
(2.74103 -0.00759044 0)
(2.73092 -0.00909154 0)
(2.72835 -0.0103571 0)
(2.7335 -0.01112 0)
(2.73877 -0.0114773 0)
(2.74414 -0.0115151 0)
(2.75001 -0.0112479 0)
(2.7558 -0.0105965 0)
(2.76144 -0.0096632 0)
(2.76707 -0.00891994 0)
(2.7715 -0.00846702 0)
(2.77186 -0.00854874 0)
(2.76578 -0.00968161 0)
(2.75909 -0.0119073 0)
(2.76073 -0.0132194 0)
(2.76533 -0.0135915 0)
(2.7695 -0.0136313 0)
(2.77383 -0.0133945 0)
(2.78069 -0.0125537 0)
(2.78661 -0.0107334 0)
(2.79157 -0.00946848 0)
(2.79782 -0.00869825 0)
(2.80294 -0.00799114 0)
(2.80133 -0.0079416 0)
(2.7876 -0.00961898 0)
(2.78064 -0.0111873 0)
(2.78552 -0.0114375 0)
(2.79048 -0.0113342 0)
(2.7959 -0.011262 0)
(2.80181 -0.0110651 0)
(2.80846 -0.0103968 0)
(2.8143 -0.00951486 0)
(2.82013 -0.00898529 0)
(2.82599 -0.00846601 0)
(2.83059 -0.00796871 0)
(2.82945 -0.00825166 0)
(2.81825 -0.0103752 0)
(2.81236 -0.012537 0)
(2.81512 -0.0128725 0)
(2.81852 -0.0126759 0)
(2.82349 -0.0125792 0)
(2.82864 -0.0124409 0)
(2.83414 -0.0117324 0)
(2.83926 -0.0103007 0)
(2.84406 -0.00941953 0)
(2.84973 -0.00851789 0)
(2.85438 -0.00770464 0)
(2.85294 -0.00815258 0)
(2.84189 -0.0103272 0)
(2.83642 -0.0117334 0)
(2.84114 -0.0119936 0)
(2.84588 -0.0119731 0)
(2.8505 -0.0119297 0)
(2.85577 -0.0115812 0)
(2.86012 -0.0104899 0)
(2.8654 -0.0100022 0)
(2.87106 -0.00980649 0)
(2.87597 -0.00916439 0)
(2.87954 -0.0086521 0)
(2.87848 -0.00885202 0)
(2.8713 -0.00947711 0)
(2.86784 -0.0109712 0)
(2.87084 -0.0107943 0)
(2.87434 -0.0106082 0)
(2.87821 -0.0102612 0)
(2.8816 -0.0096705 0)
(2.88692 -0.00938643 0)
)
;

boundaryField
{
    inlet
    {
        type            fixedValue;
        value           nonuniform 0();
    }
    outlet
    {
        type            inletOutlet;
        inletValue      uniform (3 0 0);
        value           nonuniform List<vector> 
32
(
(2.59736 0.265811 0)
(2.60253 0.265762 0)
(2.60583 0.273177 0)
(2.61546 0.276015 0)
(2.62982 0.264372 0)
(2.64898 0.251421 0)
(2.69078 0.192432 0)
(2.77671 -0.0282362 0)
(2.85138 -0.213753 0)
(2.86891 -0.249803 0)
(2.86865 -0.241819 0)
(2.8706 -0.22867 0)
(2.8751 -0.218259 0)
(2.87007 -0.207936 0)
(2.86967 -0.195471 0)
(2.87281 -0.183945 0)
(2.87575 -0.173517 0)
(2.87197 -0.162866 0)
(2.87386 -0.150297 0)
(2.87811 -0.139684 0)
(2.87388 -0.128034 0)
(2.87658 -0.11685 0)
(2.87871 -0.105525 0)
(2.88063 -0.0944568 0)
(2.87811 -0.0836133 0)
(2.88075 -0.0719523 0)
(2.88747 -0.0624208 0)
(2.8911 -0.0507448 0)
(2.88741 -0.0403739 0)
(2.88771 -0.0270561 0)
(2.89122 -0.0169519 0)
(2.88692 -0.00938643 0)
)
;
    }
    bottom
    {
        type            slip;
    }
    top
    {
        type            slip;
    }
    obstacle
    {
        type            slip;
    }
    defaultFaces
    {
        type            empty;
    }
    procBoundary15to11
    {
        type            processor;
        value           nonuniform List<vector> 
129
(
(2.46007 -0.456503 0)
(2.46897 -0.460559 0)
(2.47696 -0.464025 0)
(2.48305 -0.466476 0)
(2.48383 -0.465268 0)
(2.47886 -0.457682 0)
(2.47616 -0.446543 0)
(2.47956 -0.440587 0)
(2.48544 -0.438981 0)
(2.49157 -0.438719 0)
(2.49791 -0.439718 0)
(2.50521 -0.44239 0)
(2.51241 -0.446091 0)
(2.51758 -0.451233 0)
(2.52109 -0.45666 0)
(2.52318 -0.458956 0)
(2.52501 -0.455131 0)
(2.5291 -0.449422 0)
(2.53421 -0.444926 0)
(2.53942 -0.440945 0)
(2.54463 -0.437814 0)
(2.55041 -0.436196 0)
(2.55699 -0.43622 0)
(2.5641 -0.438605 0)
(2.57045 -0.443188 0)
(2.57467 -0.448343 0)
(2.57244 -0.451047 0)
(2.56825 -0.448119 0)
(2.57179 -0.443718 0)
(2.57817 -0.440066 0)
(2.58378 -0.436916 0)
(2.58852 -0.435586 0)
(2.59358 -0.436783 0)
(2.59879 -0.438998 0)
(2.60407 -0.440665 0)
(2.60929 -0.441397 0)
(2.61441 -0.442444 0)
(2.61837 -0.444179 0)
(2.61968 -0.442795 0)
(2.61858 -0.436126 0)
(2.61782 -0.429251 0)
(2.61981 -0.426307 0)
(2.62522 -0.426072 0)
(2.63184 -0.426771 0)
(2.63884 -0.427616 0)
(2.64553 -0.428521 0)
(2.65131 -0.429713 0)
(2.65673 -0.431481 0)
(2.65939 -0.432412 0)
(2.65874 -0.431084 0)
(2.65907 -0.42856 0)
(2.66112 -0.424977 0)
(2.66345 -0.420947 0)
(2.66509 -0.418445 0)
(2.66684 -0.41827 0)
(2.66898 -0.419946 0)
(2.67268 -0.422009 0)
(2.67738 -0.423997 0)
(2.68093 -0.426374 0)
(2.68335 -0.427372 0)
(2.68717 -0.426713 0)
(2.6934 -0.425641 0)
(2.6993 -0.424431 0)
(2.70497 -0.422168 0)
(2.70931 -0.418001 0)
(2.71093 -0.41329 0)
(2.70951 -0.410677 0)
(2.70567 -0.410785 0)
(2.70529 -0.411539 0)
(2.7102 -0.412066 0)
(2.71446 -0.412137 0)
(2.71922 -0.411542 0)
(2.72323 -0.409935 0)
(2.72609 -0.407956 0)
(2.72879 -0.406974 0)
(2.73238 -0.407004 0)
(2.73778 -0.407293 0)
(2.74271 -0.406911 0)
(2.74657 -0.405519 0)
(2.74745 -0.403759 0)
(2.74549 -0.403225 0)
(2.74562 -0.403565 0)
(2.7482 -0.402112 0)
(2.75123 -0.399128 0)
(2.75372 -0.395838 0)
(2.75547 -0.394103 0)
(2.75668 -0.39422 0)
(2.75823 -0.394186 0)
(2.76127 -0.393549 0)
(2.76505 -0.392975 0)
(2.76852 -0.392626 0)
(2.77039 -0.392856 0)
(2.77083 -0.393985 0)
(2.77436 -0.39407 0)
(2.77876 -0.392665 0)
(2.78277 -0.390408 0)
(2.78643 -0.388182 0)
(2.79038 -0.385799 0)
(2.79473 -0.386536 0)
(2.79846 -0.386712 0)
(2.80053 -0.387304 0)
(2.79863 -0.388489 0)
(2.79418 -0.385416 0)
(2.79659 -0.383208 0)
(2.79953 -0.380916 0)
(2.80014 -0.371723 0)
(2.79516 -0.348315 0)
(2.77557 -0.293643 0)
(2.7469 -0.200083 0)
(2.71742 -0.0701921 0)
(2.67133 0.0519277 0)
(2.67506 0.0687603 0)
(2.65456 0.127416 0)
(2.62364 0.175158 0)
(2.59474 0.22274 0)
(2.59094 0.236433 0)
(2.58907 0.242481 0)
(2.58747 0.239458 0)
(2.5877 0.233077 0)
(2.59289 0.225898 0)
(2.59805 0.221136 0)
(2.59915 0.21983 0)
(2.59973 0.220694 0)
(2.59923 0.225405 0)
(2.59683 0.232717 0)
(2.5929 0.240933 0)
(2.59093 0.252419 0)
(2.59105 0.26229 0)
(2.59275 0.264857 0)
)
;
    }
    procBoundary15to14
    {
        type            processor;
        value           nonuniform List<vector> 
32
(
(2.45421 -0.432976 0)
(2.45439 -0.416805 0)
(2.45705 -0.401266 0)
(2.4595 -0.385782 0)
(2.4667 -0.37366 0)
(2.47466 -0.364532 0)
(2.48186 -0.358368 0)
(2.48656 -0.351052 0)
(2.4856 -0.336697 0)
(2.47823 -0.320682 0)
(2.47737 -0.301629 0)
(2.47542 -0.284438 0)
(2.47681 -0.268243 0)
(2.47951 -0.251013 0)
(2.48063 -0.2348 0)
(2.49229 -0.226753 0)
(2.50201 -0.219995 0)
(2.50595 -0.203425 0)
(2.50976 -0.189673 0)
(2.51187 -0.177926 0)
(2.51487 -0.161906 0)
(2.50815 -0.145014 0)
(2.49751 -0.138628 0)
(2.49254 -0.126719 0)
(2.49335 -0.109433 0)
(2.49238 -0.0909518 0)
(2.49713 -0.0729571 0)
(2.50266 -0.0568192 0)
(2.51933 -0.0507323 0)
(2.53108 -0.0434075 0)
(2.53426 -0.0228313 0)
(2.53997 -0.00813135 0)
)
;
    }
}


// ************************************************************************* //
