/*--------------------------------*- C++ -*----------------------------------*\
  =========                 |
  \\      /  F ield         | OpenFOAM: The Open Source CFD Toolbox
   \\    /   O peration     | Website:  https://openfoam.org
    \\  /    A nd           | Version:  7
     \\/     M anipulation  |
\*---------------------------------------------------------------------------*/
FoamFile
{
    version     2.0;
    format      ascii;
    class       volVectorField;
    location    "1.9";
    object      U;
}
// * * * * * * * * * * * * * * * * * * * * * * * * * * * * * * * * * * * * * //

dimensions      [0 1 -1 0 0 0 0];

internalField   nonuniform List<vector> 
4128
(
(3 -2.25426e-15 0)
(3 -2.09888e-15 0)
(3 -2.40812e-15 0)
(3 -1.55852e-15 0)
(3 8.00693e-17 0)
(3 1.79426e-15 0)
(3 1.39226e-15 0)
(3 1.10408e-14 0)
(3 1.01027e-10 0)
(3 1.83235e-07 0)
(2.99998 6.51303e-05 0)
(2.99715 0.00675208 0)
(2.92759 0.120079 0)
(2.52656 0.593031 0)
(2.10955 0.960143 0)
(2.05988 0.986466 0)
(2.0721 0.94132 0)
(2.09757 0.912779 0)
(2.12157 0.896598 0)
(2.13047 0.891662 0)
(2.12201 0.903919 0)
(2.10692 0.911103 0)
(2.11509 0.904441 0)
(2.13924 0.892992 0)
(2.15976 0.880967 0)
(2.17614 0.870115 0)
(2.19398 0.852515 0)
(2.2091 0.831483 0)
(2.21761 0.813661 0)
(2.21967 0.807367 0)
(2.21227 0.823263 0)
(2.20687 0.834348 0)
(2.21475 0.822063 0)
(2.23895 0.7992 0)
(2.26738 0.764908 0)
(2.2808 0.742062 0)
(2.28659 0.742876 0)
(2.2878 0.749749 0)
(2.29459 0.747469 0)
(2.30636 0.736013 0)
(2.31259 0.723071 0)
(2.31262 0.718139 0)
(2.31357 0.714595 0)
(2.32581 0.696732 0)
(2.3515 0.671522 0)
(2.36882 0.6515 0)
(2.376 0.643236 0)
(2.37345 0.652439 0)
(2.36482 0.660113 0)
(2.36981 0.649773 0)
(2.3927 0.631932 0)
(2.40935 0.607635 0)
(2.41853 0.60104 0)
(2.41855 0.608228 0)
(2.42202 0.601994 0)
(2.43803 0.58093 0)
(2.44798 0.558365 0)
(2.45107 0.550856 0)
(2.44821 0.559208 0)
(2.44432 0.558868 0)
(2.45908 0.543943 0)
(2.47613 0.522094 0)
(2.48641 0.507252 0)
(2.49105 0.511411 0)
(2.48991 0.513678 0)
(2.50057 0.501613 0)
(2.51142 0.481156 0)
(2.51559 0.46716 0)
(2.51558 0.470595 0)
(2.51173 0.472097 0)
(2.52221 0.458766 0)
(2.53659 0.439282 0)
(2.54471 0.425763 0)
(2.5496 0.427381 0)
(2.55041 0.427713 0)
(2.56047 0.416673 0)
(2.56883 0.398303 0)
(2.57209 0.386617 0)
(2.57287 0.39076 0)
(2.57043 0.392308 0)
(2.581 0.375768 0)
(2.59054 0.355606 0)
(2.59676 0.350894 0)
(2.59507 0.356494 0)
(3 -2.71679e-15 0)
(3 -2.05255e-15 0)
(3 -2.21321e-15 0)
(3 -1.8451e-15 0)
(3 -2.27354e-15 0)
(3 -1.80815e-15 0)
(3 -1.24533e-15 0)
(3 -7.11546e-16 0)
(3 2.4849e-16 0)
(3 1.32456e-15 0)
(3 1.05146e-15 0)
(3 -1.77454e-15 0)
(3 6.22949e-15 0)
(3 5.26534e-11 0)
(3 1.23524e-07 0)
(2.99997 6.075e-05 0)
(2.99692 0.00772243 0)
(2.92241 0.142937 0)
(2.46647 0.654178 0)
(2.20188 0.886787 0)
(2.11748 0.919165 0)
(2.10866 0.927951 0)
(2.10895 0.923766 0)
(2.10181 0.927626 0)
(2.09182 0.934071 0)
(2.09835 0.921637 0)
(2.12088 0.904179 0)
(2.14713 0.884346 0)
(2.16637 0.87647 0)
(2.17856 0.875089 0)
(2.18665 0.865399 0)
(2.19534 0.845352 0)
(2.19921 0.826965 0)
(2.1984 0.830379 0)
(2.19886 0.842203 0)
(2.20645 0.840527 0)
(2.22647 0.821338 0)
(2.25518 0.791341 0)
(2.2695 0.764872 0)
(2.27363 0.758407 0)
(2.27403 0.764439 0)
(2.28114 0.764109 0)
(2.29284 0.756227 0)
(2.30005 0.747875 0)
(2.30063 0.741777 0)
(2.30278 0.735071 0)
(2.31509 0.719211 0)
(2.33879 0.692566 0)
(2.35746 0.66924 0)
(2.36497 0.658414 0)
(2.36267 0.665276 0)
(2.3525 0.679797 0)
(2.35095 0.676613 0)
(2.37083 0.661951 0)
(2.3937 0.635027 0)
(2.40691 0.614393 0)
(2.41329 0.617477 0)
(2.41394 0.620027 0)
(2.42454 0.606776 0)
(2.43734 0.584283 0)
(2.44197 0.568869 0)
(2.44042 0.572776 0)
(2.43481 0.578796 0)
(2.44051 0.568347 0)
(2.46151 0.549555 0)
(2.47548 0.527541 0)
(2.48441 0.520631 0)
(2.48601 0.526955 0)
(2.48843 0.523343 0)
(2.50062 0.507333 0)
(2.50786 0.488097 0)
(2.51002 0.483046 0)
(2.5068 0.48948 0)
(2.5069 0.483452 0)
(2.52359 0.46672 0)
(2.53503 0.44739 0)
(2.54213 0.439414 0)
(2.54433 0.443213 0)
(2.54645 0.439801 0)
(2.55791 0.42645 0)
(2.5643 0.408372 0)
(2.56731 0.402378 0)
(2.56664 0.407745 0)
(2.56828 0.402042 0)
(2.57934 0.382948 0)
(2.58652 0.366604 0)
(2.59339 0.36391 0)
(2.59799 0.361005 0)
(3 -1.23431e-15 0)
(3 -2.02884e-15 0)
(3 -2.31892e-15 0)
(3 -2.36463e-15 0)
(3 -2.60152e-15 0)
(3 -3.27312e-15 0)
(3 -2.8912e-15 0)
(3 -2.11954e-15 0)
(3 -2.071e-15 0)
(3 -2.31953e-15 0)
(3 -2.23252e-15 0)
(3 -2.87323e-15 0)
(3 -2.8354e-15 0)
(3 5.73217e-15 0)
(3 4.09799e-11 0)
(3 2.29763e-07 0)
(2.99997 7.247e-05 0)
(2.99582 0.0109453 0)
(2.92117 0.13599 0)
(2.5311 0.601734 0)
(2.22555 0.867599 0)
(2.12836 0.910792 0)
(2.10847 0.932789 0)
(2.09218 0.945118 0)
(2.08633 0.945557 0)
(2.09826 0.93037 0)
(2.12387 0.912607 0)
(2.14382 0.891731 0)
(2.15945 0.885777 0)
(2.17317 0.882337 0)
(2.1849 0.870731 0)
(2.19171 0.851094 0)
(2.19018 0.83956 0)
(2.18994 0.847065 0)
(2.19925 0.850623 0)
(2.21695 0.84067 0)
(2.24215 0.818483 0)
(2.2573 0.796166 0)
(2.26155 0.780788 0)
(2.2631 0.774653 0)
(2.26966 0.7706 0)
(2.28065 0.766198 0)
(2.28806 0.765535 0)
(2.28815 0.766314 0)
(2.29041 0.760132 0)
(2.30398 0.744595 0)
(2.32689 0.717138 0)
(2.34813 0.687721 0)
(2.35831 0.672905 0)
(2.35742 0.676056 0)
(2.34724 0.693333 0)
(2.33948 0.696975 0)
(2.35103 0.681991 0)
(2.37601 0.6626 0)
(2.39383 0.635762 0)
(2.40385 0.627055 0)
(2.40596 0.632471 0)
(2.41184 0.628408 0)
(2.42535 0.61112 0)
(2.43306 0.591487 0)
(2.43231 0.587327 0)
(2.42609 0.59544 0)
(2.42467 0.590875 0)
(2.44318 0.575068 0)
(2.46302 0.552914 0)
(2.47468 0.535014 0)
(2.48102 0.536474 0)
(2.48054 0.540476 0)
(2.48774 0.532402 0)
(2.49842 0.513381 0)
(2.50309 0.498205 0)
(2.50331 0.500824 0)
(2.49949 0.503431 0)
(2.50835 0.489781 0)
(2.52464 0.47105 0)
(2.53336 0.455647 0)
(2.53847 0.454811 0)
(2.53765 0.458274 0)
(2.54315 0.451487 0)
(2.55448 0.435778 0)
(2.55958 0.419843 0)
(2.5623 0.419433 0)
(2.56129 0.422308 0)
(2.56841 0.409226 0)
(2.5788 0.388019 0)
(2.58412 0.377717 0)
(2.58887 0.377342 0)
(2.59371 0.375235 0)
(3 -1.07812e-15 0)
(3 -1.27441e-15 0)
(3 -1.99134e-15 0)
(3 -2.81354e-15 0)
(3 -2.89812e-15 0)
(3 -3.44337e-15 0)
(3 -2.34668e-15 0)
(3 -2.29115e-15 0)
(3 -2.5605e-15 0)
(3 -2.99547e-15 0)
(3 -3.16699e-15 0)
(3 -2.84971e-15 0)
(3 -5.82354e-16 0)
(3 8.7589e-16 0)
(3 1.14101e-14 0)
(3 1.5649e-10 0)
(3 2.52033e-07 0)
(2.99995 0.00011131 0)
(2.99758 0.00796729 0)
(2.92142 0.125459 0)
(2.61732 0.509384 0)
(2.2352 0.840256 0)
(2.0919 0.969516 0)
(2.07363 0.971509 0)
(2.07779 0.954858 0)
(2.10004 0.921308 0)
(2.1288 0.893296 0)
(2.14535 0.884443 0)
(2.15624 0.888623 0)
(2.16196 0.892247 0)
(2.16883 0.884327 0)
(2.17482 0.868196 0)
(2.17945 0.856589 0)
(2.19013 0.850833 0)
(2.20967 0.84335 0)
(2.23127 0.83177 0)
(2.24324 0.821748 0)
(2.24625 0.811314 0)
(2.24791 0.799862 0)
(2.25498 0.789471 0)
(2.26657 0.779972 0)
(2.27705 0.775766 0)
(2.28169 0.778923 0)
(2.28179 0.778146 0)
(2.29187 0.765562 0)
(2.31412 0.743729 0)
(2.33665 0.712309 0)
(2.34906 0.690983 0)
(2.34911 0.688363 0)
(2.33894 0.706348 0)
(2.32796 0.718046 0)
(2.33415 0.706284 0)
(2.35692 0.68966 0)
(2.38038 0.661426 0)
(2.39435 0.641451 0)
(2.39868 0.64384 0)
(2.40051 0.644743 0)
(2.41265 0.634631 0)
(2.42441 0.615355 0)
(2.42678 0.603657 0)
(2.42047 0.609432 0)
(2.41396 0.611052 0)
(2.42378 0.594931 0)
(2.44691 0.576934 0)
(2.46213 0.556511 0)
(2.47152 0.547915 0)
(2.47318 0.554669 0)
(2.47353 0.555044 0)
(2.4848 0.543104 0)
(2.49394 0.5225 0)
(2.49766 0.513081 0)
(2.49652 0.517583 0)
(2.49626 0.511418 0)
(2.51211 0.49391 0)
(2.52387 0.475897 0)
(2.53045 0.466705 0)
(2.53231 0.471271 0)
(2.53037 0.471818 0)
(2.5403 0.462578 0)
(2.55045 0.444651 0)
(2.55545 0.432931 0)
(2.55736 0.436165 0)
(2.55871 0.433327 0)
(2.56937 0.415308 0)
(2.57723 0.395925 0)
(2.5814 0.389982 0)
(2.58193 0.394787 0)
(2.58518 0.391307 0)
(3 -1.14466e-15 0)
(3 -8.96552e-16 0)
(3 -9.34914e-16 0)
(3 -1.58354e-15 0)
(3 -1.93279e-15 0)
(3 -1.50291e-15 0)
(3 3.02243e-17 0)
(3 -1.13772e-15 0)
(3 -1.61527e-15 0)
(3 -2.45227e-15 0)
(3 -2.96565e-15 0)
(3 -2.23284e-15 0)
(3 4.72516e-17 0)
(3 8.16984e-16 0)
(3 -3.72246e-17 0)
(3 2.95714e-14 0)
(3 1.46546e-10 0)
(3 2.85108e-07 0)
(2.99998 6.83779e-05 0)
(2.99752 0.00558816 0)
(2.93803 0.106939 0)
(2.59556 0.527402 0)
(2.2624 0.859829 0)
(2.09473 0.973101 0)
(2.08194 0.96046 0)
(2.10373 0.931791 0)
(2.12559 0.901124 0)
(2.14015 0.89325 0)
(2.14987 0.900082 0)
(2.15834 0.902847 0)
(2.16647 0.891621 0)
(2.17083 0.873586 0)
(2.17868 0.861443 0)
(2.19299 0.854017 0)
(2.20907 0.848348 0)
(2.2213 0.842892 0)
(2.22884 0.835872 0)
(2.23457 0.823644 0)
(2.24337 0.806893 0)
(2.25517 0.791497 0)
(2.26616 0.783957 0)
(2.27208 0.788499 0)
(2.27276 0.795209 0)
(2.27834 0.788512 0)
(2.29783 0.771916 0)
(2.32311 0.740607 0)
(2.3392 0.711397 0)
(2.34415 0.701002 0)
(2.33643 0.714871 0)
(2.32179 0.733436 0)
(2.32076 0.728424 0)
(2.33905 0.71163 0)
(2.36538 0.685601 0)
(2.38186 0.658358 0)
(2.39016 0.655378 0)
(2.38895 0.662493 0)
(2.39707 0.658885 0)
(2.4118 0.644411 0)
(2.41889 0.627989 0)
(2.41626 0.62557 0)
(2.40891 0.628804 0)
(2.40857 0.615112 0)
(2.42935 0.596525 0)
(2.44846 0.577314 0)
(2.46005 0.562498 0)
(2.46537 0.564548 0)
(2.46282 0.571822 0)
(2.46719 0.568522 0)
(2.48079 0.552276 0)
(2.489 0.532886 0)
(2.49184 0.530147 0)
(2.48985 0.531584 0)
(2.49749 0.517168 0)
(2.5133 0.498197 0)
(2.52092 0.482836 0)
(2.52528 0.481131 0)
(2.52394 0.486852 0)
(2.52472 0.483154 0)
(2.53789 0.470441 0)
(2.5467 0.452165 0)
(2.55223 0.447022 0)
(2.55335 0.450977 0)
(2.55902 0.441656 0)
(2.56974 0.42153 0)
(2.57504 0.405688 0)
(2.57752 0.404688 0)
(2.57491 0.409449 0)
(2.57881 0.403447 0)
(3 4.03115e-16 0)
(3 -2.02882e-16 0)
(3 2.27467e-16 0)
(3 6.20253e-16 0)
(3 1.07746e-15 0)
(3 2.0508e-15 0)
(3 5.62445e-16 0)
(3 -1.82112e-15 0)
(3 -2.59451e-15 0)
(3 -4.03791e-15 0)
(3 -2.92625e-15 0)
(3 -1.18771e-15 0)
(3 3.63677e-16 0)
(3 1.67733e-17 0)
(3 -3.63269e-16 0)
(3 -2.9884e-16 0)
(3 1.85567e-14 0)
(3 1.01861e-10 0)
(3 1.41728e-07 0)
(2.99998 4.35017e-05 0)
(2.99717 0.00578664 0)
(2.9424 0.104401 0)
(2.61912 0.546405 0)
(2.20548 0.942259 0)
(2.12607 0.911474 0)
(2.13014 0.910869 0)
(2.14236 0.901321 0)
(2.14924 0.90779 0)
(2.14572 0.924313 0)
(2.14218 0.925121 0)
(2.15091 0.907528 0)
(2.1652 0.880497 0)
(2.18018 0.858911 0)
(2.19513 0.850449 0)
(2.20577 0.851333 0)
(2.21041 0.853661 0)
(2.21433 0.849356 0)
(2.22543 0.835311 0)
(2.24023 0.814209 0)
(2.25259 0.797268 0)
(2.26072 0.795195 0)
(2.264 0.804413 0)
(2.2668 0.806566 0)
(2.28048 0.794571 0)
(2.3044 0.771033 0)
(2.32382 0.737283 0)
(2.33172 0.717866 0)
(2.32896 0.723266 0)
(2.31749 0.745928 0)
(2.31272 0.751718 0)
(2.32495 0.734966 0)
(2.34933 0.712754 0)
(2.36837 0.680848 0)
(2.37747 0.667622 0)
(2.38033 0.672927 0)
(2.38559 0.67291 0)
(2.39896 0.664746 0)
(2.40888 0.65353 0)
(2.40913 0.648191 0)
(2.40241 0.649935 0)
(2.39851 0.640547 0)
(2.41248 0.615623 0)
(2.43515 0.594586 0)
(2.44893 0.57973 0)
(2.45679 0.573955 0)
(2.45688 0.582227 0)
(2.45312 0.58629 0)
(2.46399 0.578084 0)
(2.47759 0.557623 0)
(2.48469 0.543902 0)
(2.48559 0.546073 0)
(2.48545 0.540272 0)
(2.4998 0.522693 0)
(2.51062 0.504816 0)
(2.51531 0.494522 0)
(2.5168 0.498531 0)
(2.51379 0.501521 0)
(2.52134 0.493313 0)
(2.53546 0.475889 0)
(2.54406 0.460337 0)
(2.54988 0.460889 0)
(2.55199 0.461841 0)
(2.56067 0.448137 0)
(2.56831 0.429351 0)
(2.5709 0.419061 0)
(2.57051 0.422233 0)
(2.56694 0.423467 0)
(2.57204 0.414821 0)
(3 1.4995e-15 0)
(3 1.32302e-15 0)
(3 1.32566e-15 0)
(3 2.2093e-15 0)
(3 2.95538e-15 0)
(3 2.69649e-15 0)
(3 6.19985e-16 0)
(3 -1.19082e-15 0)
(3 -2.10349e-15 0)
(3 -3.07405e-15 0)
(3 -2.34155e-15 0)
(3 -1.33531e-15 0)
(3 -1.15919e-15 0)
(3 -6.98634e-16 0)
(3 -1.27882e-16 0)
(3 -4.73758e-17 0)
(3 -1.32994e-16 0)
(3 8.45688e-15 0)
(3 5.97386e-11 0)
(3 9.99355e-08 0)
(2.99997 5.5013e-05 0)
(2.99768 0.00597385 0)
(2.94056 0.114072 0)
(2.63371 0.526058 0)
(2.25613 0.860184 0)
(2.17151 0.87236 0)
(2.15962 0.920485 0)
(2.1463 0.939736 0)
(2.13964 0.948346 0)
(2.13362 0.937565 0)
(2.14646 0.912058 0)
(2.16495 0.883212 0)
(2.18089 0.86346 0)
(2.19243 0.858693 0)
(2.19812 0.863589 0)
(2.20025 0.866131 0)
(2.20736 0.857637 0)
(2.22326 0.839197 0)
(2.23862 0.817086 0)
(2.24941 0.804277 0)
(2.25577 0.80855 0)
(2.2591 0.816881 0)
(2.26566 0.812934 0)
(2.28405 0.797853 0)
(2.30625 0.769532 0)
(2.31732 0.741875 0)
(2.3195 0.732355 0)
(2.31542 0.74871 0)
(2.31136 0.76193 0)
(2.31618 0.753899 0)
(2.33655 0.734747 0)
(2.35582 0.710598 0)
(2.36266 0.691103 0)
(2.36694 0.684824 0)
(2.37456 0.683134 0)
(2.38857 0.677239 0)
(2.40164 0.667857 0)
(2.4062 0.66376 0)
(2.40032 0.66892 0)
(2.3919 0.667938 0)
(2.39775 0.643618 0)
(2.42059 0.617846 0)
(2.43568 0.599038 0)
(2.44568 0.588781 0)
(2.44843 0.593904 0)
(2.44257 0.603616 0)
(2.4453 0.601181 0)
(2.46252 0.584989 0)
(2.47497 0.561768 0)
(2.48106 0.555174 0)
(2.48061 0.556516 0)
(2.48556 0.543765 0)
(2.49966 0.526585 0)
(2.50601 0.512695 0)
(2.50863 0.510113 0)
(2.50643 0.516561 0)
(2.5052 0.514019 0)
(2.51991 0.501677 0)
(2.53308 0.480934 0)
(2.54239 0.47003 0)
(2.54769 0.47366 0)
(2.55178 0.470678 0)
(2.56104 0.454981 0)
(2.56556 0.438167 0)
(2.56557 0.43438 0)
(2.5622 0.438695 0)
(2.55901 0.43471 0)
(2.57 0.422997 0)
(3 1.28928e-15 0)
(3 1.80276e-15 0)
(3 1.8416e-15 0)
(3 1.6546e-15 0)
(3 1.80684e-15 0)
(3 1.763e-15 0)
(3 8.92195e-16 0)
(3 9.73509e-18 0)
(3 -3.30906e-16 0)
(3 -7.85293e-16 0)
(3 -1.01518e-15 0)
(3 -1.00236e-15 0)
(3 -1.75974e-15 0)
(3 -1.62716e-15 0)
(3 -1.59969e-15 0)
(3 -1.23338e-15 0)
(3 -1.29631e-15 0)
(3 -1.31969e-15 0)
(3 9.89808e-15 0)
(3 4.72338e-11 0)
(3 1.74142e-07 0)
(2.99998 5.17005e-05 0)
(2.9978 0.00574357 0)
(2.95441 0.0897618 0)
(2.66788 0.457519 0)
(2.3415 0.742775 0)
(2.18149 0.903358 0)
(2.13998 0.968066 0)
(2.12169 0.968872 0)
(2.12159 0.94787 0)
(2.1474 0.913739 0)
(2.16802 0.877242 0)
(2.18474 0.862119 0)
(2.19417 0.866162 0)
(2.19749 0.874145 0)
(2.19722 0.876928 0)
(2.20551 0.866033 0)
(2.22364 0.843682 0)
(2.2381 0.820817 0)
(2.24733 0.811869 0)
(2.25264 0.819174 0)
(2.25608 0.825799 0)
(2.26383 0.818945 0)
(2.2824 0.802725 0)
(2.29853 0.775438 0)
(2.30533 0.752967 0)
(2.30658 0.753544 0)
(2.30809 0.76565 0)
(2.31495 0.768679 0)
(2.32393 0.757002 0)
(2.33711 0.74042 0)
(2.34547 0.723608 0)
(2.35299 0.70615 0)
(2.36264 0.695421 0)
(2.37696 0.688213 0)
(2.3916 0.681113 0)
(2.3988 0.67882 0)
(2.39512 0.6857 0)
(2.38625 0.690323 0)
(2.38626 0.671616 0)
(2.40662 0.641545 0)
(2.42556 0.61636 0)
(2.43661 0.602579 0)
(2.44164 0.602395 0)
(2.43718 0.61594 0)
(2.43013 0.62099 0)
(2.44382 0.613159 0)
(2.4615 0.589585 0)
(2.47095 0.570353 0)
(2.4734 0.57012 0)
(2.4744 0.565005 0)
(2.48741 0.547968 0)
(2.49712 0.531867 0)
(2.50048 0.523745 0)
(2.4998 0.529106 0)
(2.49422 0.533833 0)
(2.50026 0.525413 0)
(2.51844 0.508233 0)
(2.53032 0.487898 0)
(2.53969 0.483308 0)
(2.54378 0.486845 0)
(2.55147 0.478833 0)
(2.55945 0.461959 0)
(2.56078 0.449445 0)
(2.55805 0.451654 0)
(2.55226 0.454036 0)
(2.55435 0.444051 0)
(2.56873 0.430641 0)
(3 1.68288e-15 0)
(3 1.8848e-15 0)
(3 2.76878e-15 0)
(3 2.27788e-15 0)
(3 1.57831e-15 0)
(3 1.24402e-15 0)
(3 3.72438e-16 0)
(3 -3.98281e-16 0)
(3 -4.26004e-16 0)
(3 -1.04428e-15 0)
(3 -1.68101e-15 0)
(3 -1.84718e-15 0)
(3 -2.03266e-15 0)
(3 -2.03104e-15 0)
(3 -1.5445e-15 0)
(3 -1.6828e-15 0)
(3 -1.56492e-15 0)
(3 -1.67583e-15 0)
(3 -2.30271e-15 0)
(3 7.67956e-15 0)
(3 8.17211e-11 0)
(3 1.20799e-07 0)
(2.99998 4.14683e-05 0)
(2.99875 0.00337762 0)
(2.96348 0.0642096 0)
(2.73121 0.369231 0)
(2.3456 0.761613 0)
(2.15853 0.983821 0)
(2.10855 0.974644 0)
(2.11746 0.948392 0)
(2.15392 0.89273 0)
(2.17612 0.861073 0)
(2.19412 0.863224 0)
(2.20054 0.877438 0)
(2.19313 0.894464 0)
(2.18922 0.891903 0)
(2.20532 0.871797 0)
(2.22436 0.843731 0)
(2.23656 0.825748 0)
(2.24282 0.825264 0)
(2.24822 0.832286 0)
(2.25406 0.835062 0)
(2.2632 0.825171 0)
(2.28057 0.804455 0)
(2.29275 0.778694 0)
(2.29831 0.765166 0)
(2.30144 0.76909 0)
(2.31019 0.772152 0)
(2.32252 0.769538 0)
(2.32909 0.762572 0)
(2.33181 0.750199 0)
(2.33883 0.732275 0)
(2.35119 0.714336 0)
(2.36567 0.700058 0)
(2.38068 0.691195 0)
(2.39019 0.689444 0)
(2.38937 0.697522 0)
(2.3805 0.708314 0)
(2.377 0.700354 0)
(2.39106 0.670453 0)
(2.41425 0.640637 0)
(2.42591 0.62221 0)
(2.43255 0.615626 0)
(2.4328 0.62475 0)
(2.42417 0.637151 0)
(2.42707 0.633692 0)
(2.44739 0.615583 0)
(2.46064 0.590926 0)
(2.46538 0.583519 0)
(2.46472 0.582479 0)
(2.47456 0.568191 0)
(2.48839 0.55092 0)
(2.4938 0.540003 0)
(2.49464 0.540605 0)
(2.48981 0.548837 0)
(2.48514 0.546516 0)
(2.50094 0.532726 0)
(2.51791 0.510677 0)
(2.52923 0.494205 0)
(2.53734 0.495629 0)
(2.54116 0.496567 0)
(2.5501 0.486336 0)
(2.5551 0.471047 0)
(2.55408 0.464484 0)
(2.54914 0.469068 0)
(2.54342 0.465654 0)
(2.55388 0.452159 0)
(2.56824 0.434379 0)
(3 1.36361e-15 0)
(3 1.52185e-15 0)
(3 1.06739e-15 0)
(3 1.47937e-15 0)
(3 1.33899e-15 0)
(3 5.19129e-16 0)
(3 -1.21273e-16 0)
(3 -1.27446e-15 0)
(3 -1.89508e-15 0)
(3 -1.84707e-15 0)
(3 -2.15287e-15 0)
(3 -2.02659e-15 0)
(3 -1.76706e-15 0)
(3 -1.67154e-15 0)
(3 -1.3206e-15 0)
(3 -1.45206e-15 0)
(3 -1.14438e-15 0)
(3 -1.97199e-15 0)
(3 -2.53788e-15 0)
(3 -1.8268e-15 0)
(3 8.22618e-15 0)
(3 4.27972e-11 0)
(3 6.51593e-08 0)
(2.99999 1.98391e-05 0)
(2.99907 0.0020365 0)
(2.97019 0.0536063 0)
(2.75213 0.372678 0)
(2.29847 0.859889 0)
(2.15723 0.989285 0)
(2.14521 0.917034 0)
(2.17671 0.870558 0)
(2.19196 0.858277 0)
(2.20439 0.880511 0)
(2.18973 0.914075 0)
(2.17417 0.918627 0)
(2.18062 0.900612 0)
(2.20464 0.870181 0)
(2.22303 0.837276 0)
(2.23473 0.828164 0)
(2.23944 0.8389 0)
(2.24007 0.850574 0)
(2.24261 0.851588 0)
(2.25759 0.836389 0)
(2.27747 0.808144 0)
(2.28882 0.781722 0)
(2.29597 0.770995 0)
(2.30211 0.772399 0)
(2.309 0.777687 0)
(2.31291 0.782479 0)
(2.31404 0.780002 0)
(2.32015 0.765147 0)
(2.33439 0.746384 0)
(2.35283 0.72353 0)
(2.36827 0.705505 0)
(2.3805 0.699359 0)
(2.38403 0.705393 0)
(2.37726 0.718958 0)
(2.37133 0.722062 0)
(2.37647 0.69834 0)
(2.39901 0.670039 0)
(2.41459 0.644963 0)
(2.4234 0.63166 0)
(2.4267 0.634199 0)
(2.4219 0.649472 0)
(2.41785 0.653381 0)
(2.43318 0.640634 0)
(2.44876 0.615815 0)
(2.45432 0.601038 0)
(2.4548 0.59932 0)
(2.46144 0.589121 0)
(2.47772 0.57228 0)
(2.48663 0.55922 0)
(2.48905 0.554545 0)
(2.48666 0.561909 0)
(2.47977 0.56734 0)
(2.48275 0.556079 0)
(2.50327 0.537628 0)
(2.51721 0.514646 0)
(2.52794 0.504549 0)
(2.53238 0.50945 0)
(2.53744 0.506891 0)
(2.54599 0.495365 0)
(2.54857 0.482588 0)
(2.54604 0.481974 0)
(2.5396 0.485448 0)
(2.53908 0.47422 0)
(2.55539 0.458467 0)
(2.56645 0.439841 0)
(3 1.03328e-15 0)
(3 7.67342e-16 0)
(3 6.27692e-17 0)
(3 2.37551e-17 0)
(3 4.38388e-16 0)
(3 4.29253e-16 0)
(3 3.31773e-16 0)
(3 -2.36235e-16 0)
(3 -2.5413e-16 0)
(3 -6.35077e-16 0)
(3 -1.58543e-15 0)
(3 -1.24389e-15 0)
(3 -8.39794e-16 0)
(3 -1.45157e-15 0)
(3 -1.94398e-15 0)
(3 -1.40585e-15 0)
(3 -1.52742e-15 0)
(3 -2.3344e-15 0)
(3 -2.73472e-15 0)
(3 -2.31471e-15 0)
(3 -2.1854e-15 0)
(3 1.80943e-15 0)
(3 1.57616e-11 0)
(3 3.25409e-08 0)
(2.99999 1.29736e-05 0)
(2.99904 0.00200875 0)
(2.97233 0.0571381 0)
(2.72485 0.410848 0)
(2.34973 0.86629 0)
(2.23617 0.852905 0)
(2.2031 0.862365 0)
(2.19697 0.884457 0)
(2.17938 0.925298 0)
(2.15767 0.949068 0)
(2.15823 0.936741 0)
(2.17463 0.913966 0)
(2.20456 0.872236 0)
(2.21883 0.83978 0)
(2.23237 0.841679 0)
(2.23878 0.855754 0)
(2.24216 0.864156 0)
(2.24197 0.860274 0)
(2.25376 0.84035 0)
(2.2708 0.813425 0)
(2.28064 0.79145 0)
(2.28824 0.78283 0)
(2.29639 0.783165 0)
(2.30379 0.788015 0)
(2.30727 0.791388 0)
(2.30863 0.783442 0)
(2.31891 0.76724 0)
(2.33813 0.749459 0)
(2.35571 0.725749 0)
(2.3688 0.7124 0)
(2.37389 0.714933 0)
(2.36994 0.728858 0)
(2.36549 0.736245 0)
(2.36715 0.722066 0)
(2.38246 0.693262 0)
(2.40386 0.667068 0)
(2.41478 0.647418 0)
(2.42101 0.641012 0)
(2.42145 0.65487 0)
(2.41447 0.66921 0)
(2.42107 0.664842 0)
(2.43836 0.645237 0)
(2.44532 0.625131 0)
(2.44612 0.615064 0)
(2.45073 0.603869 0)
(2.4667 0.586649 0)
(2.4795 0.573994 0)
(2.48424 0.568198 0)
(2.48298 0.573575 0)
(2.47548 0.584423 0)
(2.4704 0.581715 0)
(2.48685 0.563572 0)
(2.50646 0.538949 0)
(2.51854 0.518053 0)
(2.52714 0.516033 0)
(2.52833 0.520227 0)
(2.53485 0.515089 0)
(2.54115 0.503733 0)
(2.54172 0.495989 0)
(2.53791 0.499481 0)
(2.53159 0.497919 0)
(2.54085 0.480439 0)
(2.55703 0.461291 0)
(2.56572 0.445048 0)
(3 6.82959e-16 0)
(3 3.40025e-16 0)
(3 4.62408e-16 0)
(3 -1.26075e-17 0)
(3 -3.81516e-16 0)
(3 -1.94237e-16 0)
(3 -6.73468e-17 0)
(3 -7.39009e-17 0)
(3 7.79955e-17 0)
(3 -1.70431e-17 0)
(3 -3.2423e-16 0)
(3 -1.83525e-16 0)
(3 -9.51746e-16 0)
(3 -9.17953e-16 0)
(3 -1.37128e-15 0)
(3 -1.75361e-15 0)
(3 -1.80694e-15 0)
(3 -2.23456e-15 0)
(3 -2.3631e-15 0)
(3 -1.99169e-15 0)
(3 -2.2999e-15 0)
(3 -2.23377e-15 0)
(3 2.31586e-16 0)
(3 1.24684e-11 0)
(3 3.35596e-08 0)
(2.99999 1.52179e-05 0)
(2.99903 0.00224208 0)
(2.97006 0.0613462 0)
(2.78587 0.3544 0)
(2.47331 0.68054 0)
(2.24838 0.812589 0)
(2.18899 0.922303 0)
(2.14754 0.961779 0)
(2.13837 0.958044 0)
(2.15149 0.937891 0)
(2.18438 0.903126 0)
(2.20884 0.862194 0)
(2.22181 0.849942 0)
(2.22768 0.860355 0)
(2.22885 0.87176 0)
(2.22912 0.87494 0)
(2.23385 0.862014 0)
(2.25078 0.838261 0)
(2.26688 0.810296 0)
(2.27599 0.79251 0)
(2.28252 0.789804 0)
(2.28578 0.797802 0)
(2.28671 0.807652 0)
(2.29031 0.808466 0)
(2.30205 0.794386 0)
(2.32017 0.776222 0)
(2.34322 0.747434 0)
(2.35643 0.72534 0)
(2.36448 0.720028 0)
(2.36234 0.732517 0)
(2.35385 0.749071 0)
(2.35388 0.748951 0)
(2.36456 0.725868 0)
(2.38457 0.701276 0)
(2.40231 0.670811 0)
(2.41067 0.654146 0)
(2.41611 0.657584 0)
(2.41454 0.673421 0)
(2.41525 0.67882 0)
(2.42386 0.671075 0)
(2.43092 0.656498 0)
(2.43484 0.6414 0)
(2.44128 0.625719 0)
(2.45529 0.605738 0)
(2.4701 0.589898 0)
(2.47734 0.582508 0)
(2.47756 0.584779 0)
(2.47144 0.597566 0)
(2.46326 0.603605 0)
(2.47012 0.588895 0)
(2.49311 0.567805 0)
(2.50874 0.54187 0)
(2.51943 0.525934 0)
(2.52326 0.530441 0)
(2.52322 0.532892 0)
(2.53021 0.526334 0)
(2.53421 0.515814 0)
(2.53364 0.513389 0)
(2.52906 0.516626 0)
(2.52882 0.505256 0)
(2.54541 0.483721 0)
(2.5572 0.465608 0)
(2.56422 0.453262 0)
(3 8.71608e-16 0)
(3 2.35116e-16 0)
(3 4.39461e-17 0)
(3 -4.55574e-16 0)
(3 -2.13194e-16 0)
(3 1.7703e-16 0)
(3 7.40328e-17 0)
(3 8.63429e-16 0)
(3 4.06757e-16 0)
(3 5.00862e-16 0)
(3 6.54527e-16 0)
(3 3.48491e-16 0)
(3 -1.66454e-16 0)
(3 -4.67147e-16 0)
(3 -5.56659e-16 0)
(3 -1.03599e-15 0)
(3 -1.36765e-15 0)
(3 -1.62927e-15 0)
(3 -1.14112e-15 0)
(3 -8.04033e-16 0)
(3 -1.02189e-15 0)
(3 -1.32962e-15 0)
(3 -2.29115e-15 0)
(3 -1.33386e-16 0)
(3 2.01249e-11 0)
(3 3.70249e-08 0)
(2.99999 1.65131e-05 0)
(2.99939 0.00167888 0)
(2.98366 0.0365343 0)
(2.86083 0.221413 0)
(2.51614 0.604883 0)
(2.16985 0.905364 0)
(2.12902 0.997654 0)
(2.12426 0.970869 0)
(2.1582 0.92725 0)
(2.20527 0.875924 0)
(2.22132 0.848626 0)
(2.22842 0.84954 0)
(2.22191 0.871266 0)
(2.21534 0.887684 0)
(2.21775 0.887239 0)
(2.2298 0.868999 0)
(2.25118 0.842505 0)
(2.26732 0.811446 0)
(2.27465 0.795486 0)
(2.2799 0.795898 0)
(2.28118 0.808093 0)
(2.28021 0.819423 0)
(2.28587 0.815814 0)
(2.30321 0.801025 0)
(2.32665 0.777517 0)
(2.34475 0.74777 0)
(2.35363 0.732086 0)
(2.35545 0.735323 0)
(2.34946 0.752488 0)
(2.34432 0.761406 0)
(2.34952 0.747954 0)
(2.36632 0.724983 0)
(2.38872 0.698463 0)
(2.39966 0.672693 0)
(2.40623 0.663944 0)
(2.4086 0.677047 0)
(2.40864 0.687386 0)
(2.41515 0.687536 0)
(2.42039 0.681207 0)
(2.42421 0.667111 0)
(2.43241 0.646461 0)
(2.44572 0.62272 0)
(2.46091 0.60324 0)
(2.4704 0.594153 0)
(2.47208 0.594849 0)
(2.4671 0.608706 0)
(2.45675 0.621205 0)
(2.45614 0.613826 0)
(2.47703 0.593324 0)
(2.49874 0.568102 0)
(2.51222 0.544228 0)
(2.51959 0.535935 0)
(2.51907 0.542243 0)
(2.51978 0.542825 0)
(2.52519 0.535548 0)
(2.52679 0.529072 0)
(2.52399 0.532176 0)
(2.52033 0.530302 0)
(2.53229 0.508461 0)
(2.54745 0.48759 0)
(2.55639 0.473416 0)
(2.5617 0.464151 0)
(3 1.03823e-15 0)
(3 5.86261e-16 0)
(3 -1.61001e-16 0)
(3 5.05188e-16 0)
(3 9.2497e-16 0)
(3 7.80901e-16 0)
(3 6.48781e-16 0)
(3 5.51182e-16 0)
(3 3.85266e-16 0)
(3 7.91604e-16 0)
(3 9.56737e-16 0)
(3 3.08863e-16 0)
(3 3.58956e-16 0)
(3 2.22718e-16 0)
(3 2.93546e-16 0)
(3 -4.69185e-17 0)
(3 -3.34163e-16 0)
(3 -3.38899e-16 0)
(3 3.78144e-16 0)
(3 -4.35974e-16 0)
(3 -1.14726e-15 0)
(3 -2.20795e-15 0)
(3 -2.54769e-15 0)
(3 -2.24054e-15 0)
(3 1.358e-15 0)
(3 1.69991e-11 0)
(3 2.42628e-08 0)
(3 7.24956e-06 0)
(2.99976 0.000584744 0)
(2.99152 0.0179622 0)
(2.86396 0.209086 0)
(2.48174 0.632297 0)
(2.19282 0.956026 0)
(2.16469 0.965516 0)
(2.18582 0.909327 0)
(2.20415 0.876272 0)
(2.20968 0.864261 0)
(2.20875 0.876717 0)
(2.20723 0.888862 0)
(2.20731 0.894309 0)
(2.2136 0.883261 0)
(2.23159 0.865433 0)
(2.24995 0.843456 0)
(2.25835 0.823911 0)
(2.26332 0.813421 0)
(2.2672 0.815635 0)
(2.27171 0.825163 0)
(2.27644 0.829564 0)
(2.28788 0.820016 0)
(2.30828 0.802355 0)
(2.32844 0.775937 0)
(2.33699 0.754081 0)
(2.33815 0.74549 0)
(2.3352 0.757143 0)
(2.33336 0.771107 0)
(2.33895 0.770093 0)
(2.3513 0.749286 0)
(2.36856 0.729736 0)
(2.38697 0.700277 0)
(2.39207 0.679949 0)
(2.39554 0.682135 0)
(2.39587 0.695483 0)
(2.40103 0.700734 0)
(2.40763 0.701387 0)
(2.41155 0.694936 0)
(2.42133 0.675633 0)
(2.43656 0.647592 0)
(2.45049 0.621491 0)
(2.46037 0.607514 0)
(2.46324 0.604851 0)
(2.45973 0.616876 0)
(2.44882 0.635374 0)
(2.44429 0.637529 0)
(2.45965 0.618701 0)
(2.48477 0.595332 0)
(2.50197 0.569538 0)
(2.51314 0.549306 0)
(2.51472 0.550831 0)
(2.51124 0.55753 0)
(2.51422 0.555391 0)
(2.51826 0.547458 0)
(2.5177 0.5464 0)
(2.51376 0.548602 0)
(2.51874 0.533528 0)
(2.5361 0.508189 0)
(2.54813 0.491633 0)
(2.55581 0.480178 0)
(2.55809 0.477263 0)
(3 7.88528e-16 0)
(3 1.06049e-15 0)
(3 9.96736e-16 0)
(3 6.56863e-16 0)
(3 3.30971e-16 0)
(3 4.61652e-16 0)
(3 9.43834e-16 0)
(3 7.1473e-16 0)
(3 4.37872e-16 0)
(3 6.07266e-16 0)
(3 5.1644e-16 0)
(3 2.6952e-16 0)
(3 -1.09943e-16 0)
(3 5.36349e-16 0)
(3 1.34543e-16 0)
(3 -1.23792e-16 0)
(3 1.55799e-17 0)
(3 3.56082e-16 0)
(3 -5.81371e-17 0)
(3 -1.41642e-15 0)
(3 -3.23443e-15 0)
(3 -3.21905e-15 0)
(3 -2.53998e-15 0)
(3 -2.01513e-15 0)
(3 -2.89772e-15 0)
(3 -2.61026e-15 0)
(3 4.94345e-12 0)
(3 4.64055e-09 0)
(3 1.79779e-06 0)
(2.99982 0.000371882 0)
(2.99187 0.0159095 0)
(2.85465 0.224125 0)
(2.45969 0.707531 0)
(2.33598 0.846727 0)
(2.23023 0.887153 0)
(2.21412 0.886625 0)
(2.19881 0.892485 0)
(2.18644 0.904721 0)
(2.18822 0.90789 0)
(2.19929 0.901393 0)
(2.21688 0.883762 0)
(2.23559 0.868963 0)
(2.25175 0.845958 0)
(2.25856 0.824688 0)
(2.26286 0.818194 0)
(2.26594 0.827715 0)
(2.26848 0.83985 0)
(2.27552 0.839543 0)
(2.29233 0.824132 0)
(2.31344 0.801995 0)
(2.32773 0.778107 0)
(2.3325 0.761066 0)
(2.32979 0.757346 0)
(2.32653 0.769561 0)
(2.33052 0.778136 0)
(2.33992 0.771953 0)
(2.35526 0.753455 0)
(2.373 0.733499 0)
(2.38331 0.706945 0)
(2.38492 0.692058 0)
(2.38642 0.697227 0)
(2.38988 0.703646 0)
(2.3965 0.709445 0)
(2.40109 0.713232 0)
(2.40789 0.703052 0)
(2.42463 0.678065 0)
(2.44156 0.645147 0)
(2.45088 0.622733 0)
(2.45535 0.614971 0)
(2.45375 0.623056 0)
(2.44526 0.643887 0)
(2.43668 0.653115 0)
(2.44384 0.639343 0)
(2.468 0.619825 0)
(2.4899 0.593279 0)
(2.50506 0.570324 0)
(2.50933 0.559577 0)
(2.50695 0.566676 0)
(2.50392 0.571759 0)
(2.50759 0.56767 0)
(2.50892 0.563275 0)
(2.50584 0.565273 0)
(2.50747 0.557289 0)
(2.5224 0.531583 0)
(2.53802 0.509203 0)
(2.54806 0.497062 0)
(2.55267 0.491059 0)
(2.5534 0.49317 0)
(3 7.84034e-16 0)
(3 1.6308e-15 0)
(3 1.85392e-15 0)
(3 1.30261e-15 0)
(3 8.87548e-16 0)
(3 1.16111e-15 0)
(3 1.26393e-15 0)
(3 8.30884e-16 0)
(3 1.25871e-16 0)
(3 -1.10466e-15 0)
(3 -8.9734e-16 0)
(3 -2.35349e-16 0)
(3 1.17728e-15 0)
(3 1.09873e-15 0)
(3 8.70607e-16 0)
(3 6.4121e-16 0)
(3 -2.93426e-16 0)
(3 -9.43991e-16 0)
(3 -2.21693e-15 0)
(3 -2.67152e-15 0)
(3 -2.68945e-15 0)
(3 -2.27877e-15 0)
(3 -2.52594e-15 0)
(3 -2.73497e-15 0)
(3 -2.60536e-15 0)
(3 -2.69295e-15 0)
(3 -2.5962e-15 0)
(3 6.80616e-13 0)
(3 1.7528e-09 0)
(3 2.16316e-06 0)
(2.99986 0.000300783 0)
(2.98866 0.022302 0)
(2.88508 0.189167 0)
(2.63044 0.558806 0)
(2.3259 0.86145 0)
(2.21447 0.892224 0)
(2.19653 0.888686 0)
(2.18585 0.896179 0)
(2.18948 0.899541 0)
(2.20335 0.89817 0)
(2.21545 0.895492 0)
(2.22675 0.88678 0)
(2.23819 0.866057 0)
(2.2487 0.841247 0)
(2.25779 0.830808 0)
(2.26683 0.836294 0)
(2.27271 0.843767 0)
(2.27794 0.840264 0)
(2.29181 0.82595 0)
(2.30601 0.808035 0)
(2.31406 0.790528 0)
(2.31548 0.779973 0)
(2.31561 0.775951 0)
(2.32271 0.77487 0)
(2.33411 0.775513 0)
(2.34484 0.768534 0)
(2.35823 0.755095 0)
(2.36844 0.740708 0)
(2.373 0.723186 0)
(2.37484 0.712061 0)
(2.37862 0.711364 0)
(2.38653 0.712898 0)
(2.39473 0.718267 0)
(2.39958 0.719341 0)
(2.41018 0.703099 0)
(2.42871 0.675474 0)
(2.44044 0.646125 0)
(2.44507 0.630538 0)
(2.4448 0.630769 0)
(2.44023 0.649888 0)
(2.43066 0.667666 0)
(2.4327 0.66296 0)
(2.45139 0.642624 0)
(2.47543 0.616769 0)
(2.49096 0.593178 0)
(2.50116 0.577066 0)
(2.50007 0.576923 0)
(2.49684 0.584995 0)
(2.49871 0.585079 0)
(2.50144 0.581022 0)
(2.49848 0.582072 0)
(2.49696 0.577882 0)
(2.50898 0.554403 0)
(2.52645 0.527286 0)
(2.53888 0.512012 0)
(2.54622 0.505149 0)
(2.54852 0.504927 0)
(2.5471 0.511375 0)
(3 1.80468e-15 0)
(3 1.99321e-15 0)
(3 1.88961e-15 0)
(3 1.85716e-15 0)
(3 1.48384e-15 0)
(3 1.82519e-15 0)
(3 1.82297e-15 0)
(3 -4.3928e-17 0)
(3 -1.72806e-15 0)
(3 -2.03303e-15 0)
(3 -1.94348e-15 0)
(3 -6.7124e-16 0)
(3 1.0488e-15 0)
(3 2.40661e-16 0)
(3 -9.55182e-17 0)
(3 -5.55085e-16 0)
(3 -1.22564e-15 0)
(3 -1.81807e-15 0)
(3 -1.81972e-15 0)
(3 -1.61995e-15 0)
(3 -1.64487e-15 0)
(3 -1.52514e-15 0)
(3 -1.65789e-15 0)
(3 -1.44815e-15 0)
(3 -1.3877e-15 0)
(3 -1.38995e-15 0)
(3 -2.16508e-15 0)
(3 -2.132e-15 0)
(3 7.64378e-13 0)
(3 3.75068e-09 0)
(3 1.68952e-06 0)
(2.99983 0.000375192 0)
(2.99562 0.0115835 0)
(2.91873 0.142416 0)
(2.74697 0.45839 0)
(2.28391 0.860691 0)
(2.16975 0.932277 0)
(2.18227 0.900012 0)
(2.20579 0.896134 0)
(2.21523 0.897019 0)
(2.23019 0.896439 0)
(2.23178 0.887646 0)
(2.23629 0.869415 0)
(2.24358 0.853524 0)
(2.25215 0.847124 0)
(2.25966 0.851536 0)
(2.26523 0.853805 0)
(2.27307 0.843236 0)
(2.28885 0.825763 0)
(2.30268 0.807439 0)
(2.30965 0.794834 0)
(2.31039 0.7891 0)
(2.3126 0.78503 0)
(2.32095 0.782405 0)
(2.3321 0.782757 0)
(2.34109 0.778047 0)
(2.35222 0.766575 0)
(2.36236 0.751262 0)
(2.3691 0.732042 0)
(2.37254 0.719929 0)
(2.37756 0.716955 0)
(2.38405 0.722373 0)
(2.38885 0.731731 0)
(2.39456 0.729262 0)
(2.40927 0.708938 0)
(2.427 0.678522 0)
(2.43417 0.651933 0)
(2.43652 0.641469 0)
(2.43749 0.651494 0)
(2.43199 0.672001 0)
(2.42837 0.678713 0)
(2.4381 0.662893 0)
(2.45961 0.643456 0)
(2.47714 0.616551 0)
(2.48968 0.595203 0)
(2.49278 0.587967 0)
(2.49148 0.596221 0)
(2.49169 0.599847 0)
(2.49482 0.598499 0)
(2.49401 0.599388 0)
(2.48998 0.598757 0)
(2.49739 0.579469 0)
(2.51471 0.548756 0)
(2.52891 0.528047 0)
(2.53844 0.518732 0)
(2.54226 0.517594 0)
(2.54271 0.5216 0)
(2.53734 0.532809 0)
(3 7.01381e-16 0)
(3 2.0985e-15 0)
(3 2.68098e-15 0)
(3 2.68473e-15 0)
(3 1.26063e-15 0)
(3 2.55213e-17 0)
(3 -2.8762e-16 0)
(3 -2.42126e-16 0)
(3 -2.11712e-16 0)
(3 -5.5942e-16 0)
(3 -1.09707e-16 0)
(3 4.15127e-16 0)
(3 -2.05363e-16 0)
(3 -2.72969e-16 0)
(3 -7.64288e-16 0)
(3 -1.96649e-15 0)
(3 -2.12714e-15 0)
(3 -2.65382e-15 0)
(3 -1.86485e-15 0)
(3 -9.02921e-16 0)
(3 -1.54001e-16 0)
(3 -7.16845e-17 0)
(3 2.25623e-16 0)
(3 -1.49734e-16 0)
(3 -4.61763e-16 0)
(3 -1.44235e-15 0)
(3 -2.15806e-15 0)
(3 -2.39685e-15 0)
(3 -2.07467e-15 0)
(3 2.0351e-12 0)
(3 1.67992e-09 0)
(3 1.46109e-06 0)
(2.99996 0.00010253 0)
(2.99648 0.00745823 0)
(2.96772 0.0899107 0)
(2.66344 0.479355 0)
(2.34961 0.782294 0)
(2.26352 0.841366 0)
(2.22964 0.907382 0)
(2.21847 0.920266 0)
(2.21323 0.917123 0)
(2.21689 0.903168 0)
(2.22978 0.878748 0)
(2.24265 0.859995 0)
(2.25322 0.85678 0)
(2.25841 0.861543 0)
(2.26271 0.858325 0)
(2.27453 0.842307 0)
(2.28551 0.825823 0)
(2.29294 0.817343 0)
(2.29893 0.811137 0)
(2.30529 0.801944 0)
(2.31378 0.790998 0)
(2.32335 0.783405 0)
(2.33342 0.780801 0)
(2.34051 0.780074 0)
(2.34635 0.774453 0)
(2.35486 0.762937 0)
(2.36347 0.746223 0)
(2.36972 0.731589 0)
(2.37599 0.726408 0)
(2.38259 0.732085 0)
(2.38786 0.737638 0)
(2.39426 0.727618 0)
(2.40904 0.706011 0)
(2.42224 0.67884 0)
(2.42583 0.660045 0)
(2.42811 0.658126 0)
(2.42908 0.675533 0)
(2.42608 0.690555 0)
(2.42979 0.686047 0)
(2.44547 0.665026 0)
(2.4652 0.639007 0)
(2.47558 0.617453 0)
(2.48275 0.604277 0)
(2.4848 0.60353 0)
(2.48684 0.608875 0)
(2.48922 0.611386 0)
(2.48856 0.615423 0)
(2.48344 0.619549 0)
(2.48769 0.60595 0)
(2.50438 0.573305 0)
(2.52005 0.544928 0)
(2.5313 0.530866 0)
(2.53709 0.527323 0)
(2.53877 0.529818 0)
(2.53603 0.541384 0)
(2.52743 0.551417 0)
(3 1.33431e-15 0)
(3 1.44673e-15 0)
(3 1.55843e-15 0)
(3 1.61648e-15 0)
(3 1.36228e-15 0)
(3 3.28504e-16 0)
(3 -5.28031e-16 0)
(3 4.68191e-16 0)
(3 1.71131e-15 0)
(3 1.84197e-15 0)
(3 1.81032e-15 0)
(3 9.55277e-16 0)
(3 2.10691e-16 0)
(3 5.45979e-16 0)
(3 -3.67497e-16 0)
(3 -1.59247e-15 0)
(3 -1.71017e-15 0)
(3 -1.87487e-15 0)
(3 -1.71144e-15 0)
(3 -1.27112e-15 0)
(3 5.08194e-16 0)
(3 8.50094e-16 0)
(3 5.58645e-16 0)
(3 -6.71341e-16 0)
(3 -6.87001e-16 0)
(3 -2.24096e-16 0)
(3 -3.09216e-16 0)
(3 -1.25186e-15 0)
(3 -2.27908e-15 0)
(3 -1.08566e-15 0)
(3 3.66068e-13 0)
(3 6.61603e-10 0)
(3 2.43156e-07 0)
(2.99997 6.4028e-05 0)
(2.99836 0.00423042 0)
(2.95409 0.081423 0)
(2.72388 0.3893 0)
(2.46798 0.682501 0)
(2.24891 0.892791 0)
(2.20895 0.944023 0)
(2.19326 0.93078 0)
(2.20665 0.907591 0)
(2.22823 0.872335 0)
(2.24592 0.850597 0)
(2.2572 0.855087 0)
(2.25762 0.866892 0)
(2.25519 0.867025 0)
(2.26371 0.855582 0)
(2.27879 0.838003 0)
(2.29068 0.821732 0)
(2.29855 0.815404 0)
(2.30281 0.811145 0)
(2.307 0.803351 0)
(2.31398 0.795423 0)
(2.32346 0.792229 0)
(2.33289 0.790158 0)
(2.3421 0.781806 0)
(2.35278 0.76818 0)
(2.36197 0.750969 0)
(2.3676 0.737862 0)
(2.37209 0.736982 0)
(2.37513 0.745769 0)
(2.37926 0.748337 0)
(2.38865 0.73306 0)
(2.40373 0.712648 0)
(2.41461 0.68545 0)
(2.4174 0.670009 0)
(2.42407 0.675047 0)
(2.42602 0.690617 0)
(2.42771 0.699059 0)
(2.4333 0.687307 0)
(2.44844 0.668194 0)
(2.46143 0.644036 0)
(2.46916 0.625687 0)
(2.47439 0.615907 0)
(2.47961 0.618256 0)
(2.4835 0.621915 0)
(2.48569 0.626677 0)
(2.48269 0.634341 0)
(2.48063 0.630448 0)
(2.49397 0.601587 0)
(2.51073 0.568247 0)
(2.52226 0.548489 0)
(2.5293 0.540722 0)
(2.53064 0.542217 0)
(2.52976 0.54874 0)
(2.52261 0.565261 0)
(2.51892 0.567396 0)
(3 1.2437e-15 0)
(3 7.94998e-16 0)
(3 -1.50327e-16 0)
(3 1.44455e-17 0)
(3 6.65326e-16 0)
(3 8.52073e-16 0)
(3 1.21136e-15 0)
(3 2.18774e-15 0)
(3 2.83831e-15 0)
(3 2.88423e-15 0)
(3 2.49842e-15 0)
(3 1.73241e-15 0)
(3 1.2641e-15 0)
(3 1.34117e-15 0)
(3 7.44327e-16 0)
(3 -1.15505e-16 0)
(3 -7.39576e-16 0)
(3 -1.21602e-15 0)
(3 -1.74808e-15 0)
(3 -8.69574e-16 0)
(3 -5.33683e-16 0)
(3 -8.27663e-17 0)
(3 -2.59102e-16 0)
(3 5.88791e-17 0)
(3 -1.6948e-15 0)
(3 -2.32739e-15 0)
(3 -2.46909e-15 0)
(3 -1.05209e-15 0)
(3 -4.53044e-16 0)
(3 -1.39742e-15 0)
(3 2.54109e-16 0)
(3 5.1302e-14 0)
(3 1.38165e-10 0)
(3 1.33717e-07 0)
(2.99998 3.56837e-05 0)
(2.99853 0.00336153 0)
(2.97443 0.047297 0)
(2.77541 0.333397 0)
(2.49385 0.66309 0)
(2.2762 0.919815 0)
(2.19169 0.936714 0)
(2.19851 0.913706 0)
(2.22612 0.876202 0)
(2.23767 0.860502 0)
(2.2499 0.869643 0)
(2.2555 0.878763 0)
(2.2564 0.868637 0)
(2.26446 0.851558 0)
(2.27546 0.839644 0)
(2.28446 0.835814 0)
(2.29116 0.83326 0)
(2.2986 0.822702 0)
(2.30642 0.807972 0)
(2.31305 0.797211 0)
(2.32009 0.795349 0)
(2.32791 0.796288 0)
(2.33778 0.790798 0)
(2.35024 0.777751 0)
(2.35999 0.758728 0)
(2.36506 0.745522 0)
(2.36879 0.746529 0)
(2.37163 0.752766 0)
(2.37493 0.748621 0)
(2.38534 0.732552 0)
(2.39988 0.714936 0)
(2.40686 0.692951 0)
(2.41049 0.683475 0)
(2.41686 0.694133 0)
(2.42003 0.705856 0)
(2.4255 0.70692 0)
(2.43364 0.688619 0)
(2.44864 0.668444 0)
(2.45847 0.644048 0)
(2.46449 0.627326 0)
(2.47033 0.624098 0)
(2.47592 0.63024 0)
(2.47795 0.637263 0)
(2.47644 0.6476 0)
(2.47439 0.651697 0)
(2.4835 0.631975 0)
(2.5013 0.595115 0)
(2.51389 0.567801 0)
(2.52248 0.553969 0)
(2.52445 0.551644 0)
(2.52338 0.556682 0)
(2.5193 0.572188 0)
(2.51146 0.58274 0)
(2.51939 0.577137 0)
(3 5.05206e-16 0)
(3 1.97682e-16 0)
(3 1.12717e-16 0)
(3 -2.42831e-16 0)
(3 7.55069e-17 0)
(3 1.20089e-15 0)
(3 2.33406e-15 0)
(3 2.8055e-15 0)
(3 2.71428e-15 0)
(3 2.54768e-15 0)
(3 2.04212e-15 0)
(3 1.85377e-15 0)
(3 1.72465e-15 0)
(3 1.04196e-15 0)
(3 8.34102e-16 0)
(3 6.35077e-16 0)
(3 -3.79807e-16 0)
(3 -3.8102e-16 0)
(3 -8.64677e-16 0)
(3 -7.22902e-16 0)
(3 -1.0613e-15 0)
(3 -6.10257e-16 0)
(3 -1.37213e-16 0)
(3 -8.35706e-17 0)
(3 -3.72409e-16 0)
(3 -1.70623e-15 0)
(3 -2.66868e-15 0)
(3 -2.01324e-15 0)
(3 -1.07157e-15 0)
(3 3.80158e-16 0)
(3 1.34094e-15 0)
(3 1.49864e-15 0)
(3 3.27115e-14 0)
(3 6.01642e-11 0)
(3 8.73395e-08 0)
(2.99999 2.30332e-05 0)
(2.99931 0.00155392 0)
(2.97825 0.0376079 0)
(2.84362 0.270073 0)
(2.42824 0.788938 0)
(2.2925 0.900839 0)
(2.2507 0.854261 0)
(2.25313 0.860454 0)
(2.25353 0.870686 0)
(2.24143 0.899245 0)
(2.23545 0.901012 0)
(2.23852 0.886364 0)
(2.25473 0.868223 0)
(2.27039 0.846347 0)
(2.28416 0.836417 0)
(2.29125 0.834987 0)
(2.29154 0.832576 0)
(2.2935 0.822817 0)
(2.30038 0.813283 0)
(2.31233 0.806909 0)
(2.3246 0.801741 0)
(2.33742 0.793584 0)
(2.34892 0.781063 0)
(2.35556 0.765992 0)
(2.35767 0.756773 0)
(2.35834 0.759564 0)
(2.36113 0.762405 0)
(2.36781 0.7522 0)
(2.38169 0.738642 0)
(2.39539 0.720822 0)
(2.40043 0.701088 0)
(2.40496 0.697713 0)
(2.41041 0.707849 0)
(2.41619 0.715611 0)
(2.42114 0.71051 0)
(2.42991 0.691982 0)
(2.4436 0.673698 0)
(2.4505 0.652173 0)
(2.45557 0.636775 0)
(2.46328 0.637859 0)
(2.469 0.644379 0)
(2.47095 0.654172 0)
(2.46953 0.663829 0)
(2.47301 0.65684 0)
(2.48915 0.62528 0)
(2.50322 0.593537 0)
(2.51224 0.574219 0)
(2.51613 0.566402 0)
(2.51445 0.568668 0)
(2.5129 0.577135 0)
(2.50561 0.593972 0)
(2.50623 0.594808 0)
(2.52467 0.583032 0)
(3 -7.67141e-16 0)
(3 -8.58904e-16 0)
(3 -8.76735e-16 0)
(3 -4.58565e-16 0)
(3 1.56694e-15 0)
(3 2.23127e-15 0)
(3 2.95302e-15 0)
(3 2.97836e-15 0)
(3 2.71158e-15 0)
(3 2.30933e-15 0)
(3 1.89294e-15 0)
(3 1.83529e-15 0)
(3 1.13442e-15 0)
(3 7.23401e-16 0)
(3 6.73052e-16 0)
(3 8.80323e-16 0)
(3 1.47526e-15 0)
(3 1.0516e-15 0)
(3 9.67632e-16 0)
(3 3.10293e-16 0)
(3 -8.20853e-17 0)
(3 -4.95772e-16 0)
(3 -5.52666e-16 0)
(3 1.28856e-16 0)
(3 3.96066e-16 0)
(3 -8.66587e-16 0)
(3 -2.14511e-15 0)
(3 -2.3085e-15 0)
(3 -9.01748e-16 0)
(3 1.72276e-16 0)
(3 4.9087e-16 0)
(3 4.96914e-16 0)
(3 7.1691e-16 0)
(3 1.04396e-14 0)
(3 4.72822e-11 0)
(3 3.74111e-08 0)
(2.99999 9.99933e-06 0)
(2.99949 0.00104446 0)
(2.98352 0.0344056 0)
(2.845 0.264546 0)
(2.53137 0.687225 0)
(2.36678 0.797019 0)
(2.28617 0.845379 0)
(2.25428 0.900155 0)
(2.22722 0.91575 0)
(2.22263 0.905444 0)
(2.23303 0.897603 0)
(2.25552 0.871694 0)
(2.27161 0.85313 0)
(2.28196 0.847024 0)
(2.28643 0.844645 0)
(2.28753 0.838701 0)
(2.29144 0.82482 0)
(2.29867 0.815193 0)
(2.30918 0.812253 0)
(2.32104 0.810097 0)
(2.33337 0.803963 0)
(2.34471 0.790855 0)
(2.35076 0.77465 0)
(2.35211 0.764838 0)
(2.35286 0.764417 0)
(2.35616 0.763177 0)
(2.3646 0.753571 0)
(2.37836 0.745731 0)
(2.38896 0.731584 0)
(2.39446 0.714628 0)
(2.39858 0.711287 0)
(2.4052 0.716713 0)
(2.41242 0.720264 0)
(2.41555 0.711178 0)
(2.42502 0.696132 0)
(2.43771 0.67951 0)
(2.44444 0.658384 0)
(2.44926 0.6456 0)
(2.45768 0.649591 0)
(2.46292 0.658089 0)
(2.46404 0.669697 0)
(2.46463 0.673875 0)
(2.47453 0.653616 0)
(2.49023 0.621164 0)
(2.49998 0.597868 0)
(2.50633 0.584753 0)
(2.50631 0.581561 0)
(2.50539 0.585504 0)
(2.50211 0.599486 0)
(2.49824 0.606962 0)
(2.5105 0.600334 0)
(2.52965 0.581204 0)
(3 -1.11651e-15 0)
(3 -1.13033e-15 0)
(3 -1.03017e-15 0)
(3 5.22655e-17 0)
(3 1.53625e-15 0)
(3 1.78503e-15 0)
(3 2.2488e-15 0)
(3 2.11297e-15 0)
(3 2.31821e-15 0)
(3 1.74074e-15 0)
(3 1.21956e-15 0)
(3 7.01612e-16 0)
(3 -2.41244e-16 0)
(3 -4.64082e-16 0)
(3 2.11423e-16 0)
(3 6.26836e-16 0)
(3 1.1464e-15 0)
(3 1.0646e-15 0)
(3 7.97188e-16 0)
(3 5.08746e-16 0)
(3 -1.41214e-16 0)
(3 -6.00296e-16 0)
(3 -6.70646e-16 0)
(3 -2.18051e-16 0)
(3 -7.98535e-16 0)
(3 -1.27463e-15 0)
(3 -1.35314e-15 0)
(3 -2.19174e-15 0)
(3 -2.28848e-15 0)
(3 -1.99579e-15 0)
(3 -1.66263e-15 0)
(3 -1.21309e-15 0)
(3 -4.55679e-16 0)
(3 4.89268e-16 0)
(3 7.33442e-15 0)
(3 1.11052e-11 0)
(3 2.2108e-08 0)
(3 6.17058e-06 0)
(2.99961 0.00085071 0)
(2.99003 0.0241547 0)
(2.89139 0.19191 0)
(2.67333 0.490983 0)
(2.39692 0.750089 0)
(2.24773 0.936018 0)
(2.20749 0.94597 0)
(2.20305 0.924526 0)
(2.23547 0.885927 0)
(2.26065 0.850152 0)
(2.28082 0.845722 0)
(2.28718 0.852232 0)
(2.28487 0.856557 0)
(2.28067 0.852473 0)
(2.28629 0.836858 0)
(2.29797 0.823231 0)
(2.31024 0.816905 0)
(2.32295 0.81405 0)
(2.33383 0.810136 0)
(2.34167 0.800774 0)
(2.34472 0.786131 0)
(2.34445 0.774492 0)
(2.34745 0.769123 0)
(2.35401 0.764802 0)
(2.36357 0.759704 0)
(2.37571 0.754192 0)
(2.38388 0.743175 0)
(2.38855 0.729355 0)
(2.39282 0.721817 0)
(2.40023 0.722227 0)
(2.40723 0.722782 0)
(2.40975 0.713386 0)
(2.41959 0.702379 0)
(2.43045 0.687553 0)
(2.43723 0.668702 0)
(2.44299 0.658676 0)
(2.45081 0.663624 0)
(2.45583 0.672383 0)
(2.45821 0.680448 0)
(2.46105 0.675123 0)
(2.47444 0.648033 0)
(2.48632 0.621857 0)
(2.49398 0.605286 0)
(2.49749 0.597369 0)
(2.49677 0.5984 0)
(2.49678 0.605221 0)
(2.49333 0.617274 0)
(2.49829 0.616852 0)
(2.51613 0.604406 0)
(2.53064 0.581199 0)
(3 -3.37976e-17 0)
(3 -4.49632e-16 0)
(3 4.9051e-16 0)
(3 7.74069e-16 0)
(3 1.41315e-15 0)
(3 1.91e-15 0)
(3 1.88352e-15 0)
(3 1.15268e-15 0)
(3 1.04008e-15 0)
(3 1.01294e-15 0)
(3 7.46598e-16 0)
(3 -6.04679e-16 0)
(3 -9.67221e-16 0)
(3 -9.02976e-16 0)
(3 -9.75555e-16 0)
(3 -2.34602e-16 0)
(3 -5.36907e-18 0)
(3 -1.69491e-16 0)
(3 -4.60442e-16 0)
(3 -8.3943e-16 0)
(3 -6.79902e-16 0)
(3 -8.85318e-16 0)
(3 -1.01217e-15 0)
(3 -1.12001e-15 0)
(3 -8.97626e-16 0)
(3 -8.74605e-16 0)
(3 -1.27696e-16 0)
(3 7.26594e-16 0)
(3 -1.63959e-15 0)
(3 -2.4519e-15 0)
(3 -1.58498e-15 0)
(3 -1.25367e-15 0)
(3 -1.21375e-15 0)
(3 -8.11086e-16 0)
(3 2.93737e-16 0)
(3 1.64485e-15 0)
(3 1.04932e-11 0)
(3 9.19148e-09 0)
(3 3.91519e-06 0)
(2.99987 0.000362765 0)
(2.99518 0.0106203 0)
(2.94083 0.107255 0)
(2.71859 0.422118 0)
(2.3337 0.838176 0)
(2.231 0.957851 0)
(2.22134 0.903911 0)
(2.2637 0.857457 0)
(2.28208 0.843218 0)
(2.29394 0.853502 0)
(2.2879 0.873677 0)
(2.2747 0.878615 0)
(2.27216 0.862363 0)
(2.28633 0.841045 0)
(2.2994 0.827652 0)
(2.31226 0.823746 0)
(2.32131 0.825175 0)
(2.32746 0.824156 0)
(2.33399 0.813732 0)
(2.33876 0.793203 0)
(2.34075 0.776981 0)
(2.3455 0.772056 0)
(2.35425 0.770051 0)
(2.3629 0.770251 0)
(2.37096 0.767819 0)
(2.37952 0.756884 0)
(2.38518 0.738641 0)
(2.38926 0.725996 0)
(2.39591 0.725429 0)
(2.40143 0.727171 0)
(2.40449 0.720045 0)
(2.41455 0.711449 0)
(2.42533 0.696096 0)
(2.43307 0.678348 0)
(2.44003 0.670219 0)
(2.44658 0.674855 0)
(2.4503 0.682982 0)
(2.45145 0.687827 0)
(2.4563 0.67375 0)
(2.47017 0.647507 0)
(2.47913 0.628233 0)
(2.4857 0.616235 0)
(2.48799 0.610817 0)
(2.49016 0.612963 0)
(2.4911 0.621818 0)
(2.49203 0.627418 0)
(2.50301 0.622149 0)
(2.51945 0.604326 0)
(2.52933 0.58239 0)
(3 1.06752e-16 0)
(3 5.53986e-16 0)
(3 8.7543e-16 0)
(3 1.04217e-15 0)
(3 8.7686e-16 0)
(3 1.3329e-15 0)
(3 1.57343e-15 0)
(3 6.41684e-16 0)
(3 5.14087e-17 0)
(3 -1.15379e-17 0)
(3 -5.26123e-16 0)
(3 2.85577e-16 0)
(3 5.49653e-16 0)
(3 1.56238e-16 0)
(3 -4.4631e-16 0)
(3 -8.88409e-16 0)
(3 -1.44459e-15 0)
(3 -1.64537e-15 0)
(3 -1.24756e-15 0)
(3 -7.63214e-16 0)
(3 -2.83508e-16 0)
(3 -2.85443e-16 0)
(3 -4.57478e-16 0)
(3 -3.10067e-16 0)
(3 -3.20747e-16 0)
(3 -1.75882e-17 0)
(3 6.71715e-16 0)
(3 1.62271e-15 0)
(3 9.14647e-16 0)
(3 9.52971e-16 0)
(3 3.20895e-16 0)
(3 -9.50441e-16 0)
(3 -1.29542e-15 0)
(3 -1.44088e-15 0)
(3 -1.97918e-15 0)
(3 -2.61171e-15 0)
(3 -2.08703e-15 0)
(3 2.63539e-12 0)
(3 2.90503e-09 0)
(3 9.49225e-07 0)
(2.99995 0.000104579 0)
(2.99734 0.00529072 0)
(2.9518 0.0855356 0)
(2.69645 0.44287 0)
(2.37151 0.868036 0)
(2.2982 0.846084 0)
(2.29681 0.836612 0)
(2.29554 0.856308 0)
(2.28282 0.888177 0)
(2.26476 0.904125 0)
(2.25504 0.893279 0)
(2.26688 0.87317 0)
(2.28504 0.849932 0)
(2.3001 0.83427 0)
(2.31279 0.831827 0)
(2.31959 0.834521 0)
(2.3234 0.833638 0)
(2.32844 0.820535 0)
(2.33396 0.796689 0)
(2.33804 0.78172 0)
(2.34465 0.780728 0)
(2.35362 0.782625 0)
(2.36164 0.783987 0)
(2.3693 0.78066 0)
(2.37765 0.763514 0)
(2.38188 0.741228 0)
(2.38503 0.729663 0)
(2.39124 0.731569 0)
(2.39611 0.735702 0)
(2.40112 0.730209 0)
(2.41233 0.721259 0)
(2.42281 0.704676 0)
(2.43077 0.689071 0)
(2.4375 0.682289 0)
(2.44198 0.685851 0)
(2.4436 0.692517 0)
(2.44314 0.691785 0)
(2.45196 0.671977 0)
(2.46442 0.650371 0)
(2.47244 0.63659 0)
(2.47836 0.62686 0)
(2.48137 0.623671 0)
(2.48516 0.627061 0)
(2.48716 0.63476 0)
(2.49176 0.636691 0)
(2.50525 0.628434 0)
(2.51888 0.607457 0)
(2.52694 0.585671 0)
(3 -2.17645e-16 0)
(3 2.07536e-16 0)
(3 -6.79424e-17 0)
(3 -4.32493e-16 0)
(3 -3.98164e-16 0)
(3 -3.14484e-16 0)
(3 -2.11282e-16 0)
(3 -1.501e-17 0)
(3 -2.55391e-16 0)
(3 -4.1752e-16 0)
(3 -1.58414e-16 0)
(3 5.592e-16 0)
(3 9.38933e-16 0)
(3 4.69016e-16 0)
(3 -1.59949e-16 0)
(3 -5.0135e-16 0)
(3 -8.87241e-16 0)
(3 -6.47755e-16 0)
(3 -1.60548e-16 0)
(3 3.97686e-16 0)
(3 1.49497e-16 0)
(3 -2.23234e-16 0)
(3 -6.07057e-17 0)
(3 1.50116e-15 0)
(3 1.89949e-15 0)
(3 2.33387e-15 0)
(3 2.5777e-15 0)
(3 2.54195e-15 0)
(3 2.19956e-15 0)
(3 1.71853e-15 0)
(3 9.16779e-16 0)
(3 -4.67931e-16 0)
(3 -8.40062e-16 0)
(3 -8.47886e-16 0)
(3 -1.49318e-15 0)
(3 -2.99553e-15 0)
(3 -3.10096e-15 0)
(3 -1.79767e-15 0)
(3 3.56667e-13 0)
(3 4.45086e-10 0)
(3 3.05734e-07 0)
(2.99997 5.68943e-05 0)
(2.99756 0.00479384 0)
(2.95384 0.0864345 0)
(2.75549 0.41046 0)
(2.51197 0.682007 0)
(2.35334 0.767719 0)
(2.29356 0.876558 0)
(2.25508 0.923896 0)
(2.24002 0.923694 0)
(2.24659 0.906629 0)
(2.2695 0.876081 0)
(2.28575 0.84337 0)
(2.3036 0.830738 0)
(2.31428 0.836378 0)
(2.31897 0.841996 0)
(2.32004 0.840596 0)
(2.3217 0.824155 0)
(2.32913 0.802567 0)
(2.33585 0.792579 0)
(2.3449 0.792881 0)
(2.35448 0.795232 0)
(2.36261 0.793872 0)
(2.36658 0.785853 0)
(2.37182 0.765344 0)
(2.37693 0.744992 0)
(2.38089 0.736924 0)
(2.38783 0.741518 0)
(2.39307 0.74749 0)
(2.40038 0.742471 0)
(2.41346 0.729476 0)
(2.42279 0.711438 0)
(2.43035 0.697182 0)
(2.43507 0.69198 0)
(2.4367 0.696304 0)
(2.43493 0.701705 0)
(2.43555 0.694375 0)
(2.4488 0.672972 0)
(2.45957 0.656315 0)
(2.46803 0.645086 0)
(2.47346 0.635527 0)
(2.47774 0.6346 0)
(2.48137 0.6391 0)
(2.48458 0.64469 0)
(2.49104 0.644893 0)
(2.5053 0.633723 0)
(2.51723 0.610285 0)
(2.52368 0.590194 0)
(3 -5.52723e-16 0)
(3 -9.11362e-16 0)
(3 -2.32942e-15 0)
(3 -2.75386e-15 0)
(3 -1.77343e-15 0)
(3 -1.81222e-15 0)
(3 -1.18964e-15 0)
(3 -1.99819e-16 0)
(3 -4.83954e-16 0)
(3 -2.24737e-16 0)
(3 3.84434e-16 0)
(3 6.26947e-16 0)
(3 7.31058e-16 0)
(3 4.35799e-16 0)
(3 4.67704e-18 0)
(3 -3.79454e-16 0)
(3 4.28634e-16 0)
(3 9.69882e-16 0)
(3 1.34216e-15 0)
(3 1.14576e-15 0)
(3 2.26581e-16 0)
(3 -7.32787e-16 0)
(3 -6.24202e-16 0)
(3 3.44279e-16 0)
(3 1.72667e-15 0)
(3 2.83648e-15 0)
(3 3.29182e-15 0)
(3 2.614e-15 0)
(3 1.79572e-15 0)
(3 1.53722e-15 0)
(3 7.32226e-16 0)
(3 2.10928e-16 0)
(3 -3.10697e-17 0)
(3 3.38283e-17 0)
(3 -1.99125e-16 0)
(3 -1.46985e-15 0)
(3 -1.60532e-15 0)
(3 -1.19206e-15 0)
(3 -6.18042e-16 0)
(3 9.9478e-14 0)
(3 2.74171e-10 0)
(3 2.37183e-07 0)
(2.99997 5.53939e-05 0)
(2.99846 0.00382351 0)
(2.97795 0.0492583 0)
(2.84905 0.249834 0)
(2.57921 0.552286 0)
(2.31773 0.819335 0)
(2.24957 0.951928 0)
(2.22971 0.940157 0)
(2.24356 0.90621 0)
(2.27463 0.853481 0)
(2.29426 0.825544 0)
(2.3124 0.82871 0)
(2.31727 0.844212 0)
(2.31265 0.8558 0)
(2.30813 0.848414 0)
(2.31262 0.830815 0)
(2.32481 0.814293 0)
(2.33433 0.80386 0)
(2.34593 0.802637 0)
(2.35433 0.803925 0)
(2.35932 0.798843 0)
(2.36002 0.784382 0)
(2.36537 0.767354 0)
(2.37294 0.753275 0)
(2.37807 0.748204 0)
(2.38632 0.754337 0)
(2.39238 0.761067 0)
(2.40232 0.754064 0)
(2.4149 0.735183 0)
(2.42241 0.716399 0)
(2.42789 0.704547 0)
(2.42998 0.702656 0)
(2.42885 0.708065 0)
(2.42581 0.710218 0)
(2.43244 0.696667 0)
(2.44741 0.675953 0)
(2.45782 0.661831 0)
(2.46561 0.65147 0)
(2.46936 0.645643 0)
(2.47294 0.647064 0)
(2.47619 0.651561 0)
(2.48164 0.654533 0)
(2.4904 0.652898 0)
(2.50487 0.637731 0)
(2.51414 0.613808 0)
(2.51675 0.597739 0)
(3 -1.20462e-15 0)
(3 -9.89018e-16 0)
(3 -1.20515e-15 0)
(3 -1.28813e-15 0)
(3 -1.38725e-15 0)
(3 -1.18555e-15 0)
(3 -1.27041e-15 0)
(3 -1.10915e-15 0)
(3 -7.71061e-17 0)
(3 7.84734e-17 0)
(3 -1.32602e-16 0)
(3 -4.21755e-16 0)
(3 -4.10281e-16 0)
(3 -5.78497e-17 0)
(3 2.44387e-16 0)
(3 7.01467e-16 0)
(3 8.75524e-16 0)
(3 5.93225e-16 0)
(3 7.15949e-16 0)
(3 -9.09956e-17 0)
(3 -4.68908e-16 0)
(3 -1.58518e-16 0)
(3 5.81976e-16 0)
(3 1.20523e-15 0)
(3 9.28164e-16 0)
(3 1.80749e-15 0)
(3 1.78945e-15 0)
(3 1.5052e-15 0)
(3 1.64818e-15 0)
(3 2.17855e-15 0)
(3 1.21612e-15 0)
(3 1.09408e-15 0)
(3 6.27967e-16 0)
(3 6.52331e-16 0)
(3 2.55054e-16 0)
(3 -2.4529e-16 0)
(3 -5.53615e-16 0)
(3 1.17281e-16 0)
(3 5.02155e-16 0)
(3 6.08712e-16 0)
(3 1.06165e-13 0)
(3 2.4331e-10 0)
(3 1.50266e-07 0)
(2.99999 2.4683e-05 0)
(2.99961 0.00105114 0)
(2.98941 0.0201289 0)
(2.88226 0.17843 0)
(2.59106 0.533888 0)
(2.30579 0.9156 0)
(2.2542 0.943634 0)
(2.26707 0.873865 0)
(2.29294 0.826741 0)
(2.31146 0.820595 0)
(2.32018 0.843648 0)
(2.30749 0.873489 0)
(2.2951 0.874706 0)
(2.29505 0.858181 0)
(2.30709 0.843667 0)
(2.32326 0.820838 0)
(2.33577 0.808889 0)
(2.34481 0.80906 0)
(2.34933 0.808882 0)
(2.35151 0.7998 0)
(2.35287 0.783622 0)
(2.3606 0.774997 0)
(2.37049 0.763785 0)
(2.37735 0.761221 0)
(2.3864 0.769321 0)
(2.39269 0.774596 0)
(2.40425 0.760032 0)
(2.41429 0.736125 0)
(2.42021 0.719331 0)
(2.42346 0.711988 0)
(2.42336 0.714692 0)
(2.42005 0.720108 0)
(2.4204 0.716854 0)
(2.43399 0.698992 0)
(2.44819 0.679276 0)
(2.45757 0.666637 0)
(2.46199 0.658991 0)
(2.46554 0.658365 0)
(2.46833 0.660074 0)
(2.47273 0.661403 0)
(2.47864 0.662598 0)
(2.4893 0.659821 0)
(2.50282 0.64286 0)
(2.50743 0.621137 0)
(2.50579 0.60382 0)
(3 -1.26645e-15 0)
(3 -2.9822e-16 0)
(3 5.41732e-17 0)
(3 -1.57469e-16 0)
(3 -3.77056e-16 0)
(3 -1.05652e-15 0)
(3 -1.61379e-15 0)
(3 -2.41069e-15 0)
(3 -2.407e-15 0)
(3 -1.19369e-15 0)
(3 -9.67029e-16 0)
(3 -1.00605e-15 0)
(3 -1.0504e-15 0)
(3 -8.24753e-16 0)
(3 4.88486e-16 0)
(3 1.72729e-15 0)
(3 1.55958e-15 0)
(3 1.12481e-15 0)
(3 2.95916e-16 0)
(3 1.59123e-16 0)
(3 -2.10938e-16 0)
(3 3.10728e-16 0)
(3 1.0388e-15 0)
(3 1.41612e-15 0)
(3 1.13839e-15 0)
(3 1.10956e-15 0)
(3 1.26335e-15 0)
(3 2.07703e-15 0)
(3 2.77195e-15 0)
(3 2.65093e-15 0)
(3 1.23688e-15 0)
(3 1.06842e-15 0)
(3 7.32698e-16 0)
(3 5.16208e-16 0)
(3 1.81565e-16 0)
(3 1.70297e-16 0)
(3 -1.29862e-16 0)
(3 4.92683e-17 0)
(3 1.51059e-15 0)
(3 1.47326e-15 0)
(3 -1.95484e-16 0)
(3 4.77134e-14 0)
(3 5.99785e-11 0)
(3 2.30148e-08 0)
(3 4.09283e-06 0)
(2.9998 0.00037188 0)
(2.99174 0.0148988 0)
(2.90086 0.154599 0)
(2.59668 0.593148 0)
(2.38182 0.897632 0)
(2.32487 0.811864 0)
(2.31989 0.812451 0)
(2.31686 0.842792 0)
(2.30146 0.884937 0)
(2.27851 0.901618 0)
(2.2742 0.890166 0)
(2.28446 0.876122 0)
(2.31133 0.842724 0)
(2.32528 0.816387 0)
(2.33507 0.811522 0)
(2.33893 0.8148 0)
(2.34078 0.813132 0)
(2.34175 0.802019 0)
(2.3465 0.792719 0)
(2.35781 0.785387 0)
(2.36929 0.773819 0)
(2.37756 0.775737 0)
(2.38387 0.785843 0)
(2.38941 0.783419 0)
(2.40223 0.759564 0)
(2.41034 0.736874 0)
(2.41501 0.724368 0)
(2.41687 0.722968 0)
(2.41541 0.728298 0)
(2.41276 0.731259 0)
(2.42105 0.721664 0)
(2.43835 0.699009 0)
(2.44997 0.681387 0)
(2.455 0.673294 0)
(2.45688 0.670751 0)
(2.46017 0.672443 0)
(2.46392 0.673867 0)
(2.46894 0.672092 0)
(2.47614 0.671116 0)
(2.48868 0.66597 0)
(2.49833 0.648675 0)
(2.49741 0.625976 0)
(2.49515 0.607345 0)
(3 -2.09391e-15 0)
(3 -1.38288e-15 0)
(3 -5.99627e-16 0)
(3 -1.93984e-16 0)
(3 -4.31892e-16 0)
(3 -1.4635e-15 0)
(3 -1.6697e-15 0)
(3 -1.95558e-15 0)
(3 -1.63119e-15 0)
(3 -9.75094e-16 0)
(3 -6.93921e-16 0)
(3 -3.53586e-16 0)
(3 -2.68802e-16 0)
(3 -3.26808e-17 0)
(3 6.83924e-16 0)
(3 1.05478e-15 0)
(3 1.89776e-15 0)
(3 2.12642e-15 0)
(3 1.70878e-15 0)
(3 1.11055e-15 0)
(3 2.25598e-16 0)
(3 2.45537e-16 0)
(3 3.4241e-16 0)
(3 -1.58272e-17 0)
(3 4.98688e-16 0)
(3 1.16171e-15 0)
(3 1.98537e-15 0)
(3 2.45051e-15 0)
(3 2.00786e-15 0)
(3 1.21944e-15 0)
(3 1.03263e-15 0)
(3 9.57103e-16 0)
(3 1.33853e-15 0)
(3 1.12984e-15 0)
(3 4.7659e-16 0)
(3 7.62498e-16 0)
(3 7.56833e-16 0)
(3 8.68696e-16 0)
(3 7.03911e-16 0)
(3 7.28631e-16 0)
(3 2.01953e-16 0)
(3 1.07773e-15 0)
(3 5.56471e-15 0)
(3 3.80672e-12 0)
(3 4.63427e-09 0)
(3 2.30009e-06 0)
(2.99984 0.000282104 0)
(2.99302 0.0138194 0)
(2.91412 0.155852 0)
(2.70305 0.513666 0)
(2.49983 0.686435 0)
(2.3472 0.767126 0)
(2.31125 0.867955 0)
(2.26696 0.921207 0)
(2.25378 0.924172 0)
(2.25858 0.90851 0)
(2.29146 0.867859 0)
(2.31325 0.826314 0)
(2.3286 0.809428 0)
(2.33347 0.816411 0)
(2.33354 0.822271 0)
(2.33203 0.819806 0)
(2.33365 0.812231 0)
(2.34098 0.807828 0)
(2.35962 0.792515 0)
(2.36811 0.78544 0)
(2.37575 0.790023 0)
(2.37729 0.796125 0)
(2.38509 0.78226 0)
(2.3986 0.756692 0)
(2.40468 0.739116 0)
(2.40838 0.73292 0)
(2.40993 0.73665 0)
(2.40739 0.742126 0)
(2.41007 0.74041 0)
(2.42655 0.721781 0)
(2.44127 0.697923 0)
(2.44758 0.687574 0)
(2.44882 0.68393 0)
(2.45144 0.684945 0)
(2.45441 0.686586 0)
(2.46031 0.686254 0)
(2.46617 0.682614 0)
(2.47612 0.678039 0)
(2.48774 0.670685 0)
(2.49044 0.653147 0)
(2.48663 0.628069 0)
(2.48937 0.612623 0)
(3 -2.01883e-15 0)
(3 -1.77409e-15 0)
(3 -1.05331e-15 0)
(3 -2.71761e-16 0)
(3 -9.44651e-16 0)
(3 -1.62808e-15 0)
(3 -1.17157e-15 0)
(3 3.34647e-17 0)
(3 7.36836e-16 0)
(3 1.06284e-15 0)
(3 1.00194e-15 0)
(3 5.63312e-16 0)
(3 3.77942e-16 0)
(3 6.74803e-16 0)
(3 8.31058e-16 0)
(3 1.11748e-15 0)
(3 1.93139e-15 0)
(3 2.04888e-15 0)
(3 1.4688e-15 0)
(3 1.2135e-15 0)
(3 1.48899e-15 0)
(3 1.12871e-15 0)
(3 1.15334e-16 0)
(3 -5.65773e-16 0)
(3 -2.88581e-16 0)
(3 6.67113e-16 0)
(3 2.14706e-16 0)
(3 -3.23052e-16 0)
(3 -6.11552e-16 0)
(3 -5.41909e-17 0)
(3 -1.20484e-16 0)
(3 -1.14897e-16 0)
(3 9.25004e-18 0)
(3 3.38604e-17 0)
(3 -2.96556e-16 0)
(3 3.51399e-16 0)
(3 4.92134e-16 0)
(3 4.24213e-16 0)
(3 -3.345e-16 0)
(3 -5.91057e-16 0)
(3 1.05477e-17 0)
(3 3.7645e-16 0)
(3 2.39995e-16 0)
(3 1.19997e-15 0)
(3 2.86819e-12 0)
(3 4.1602e-09 0)
(3 1.69922e-06 0)
(2.99989 0.000241208 0)
(2.99626 0.00944445 0)
(2.96244 0.0804409 0)
(2.80738 0.308094 0)
(2.53511 0.595429 0)
(2.29734 0.837227 0)
(2.26344 0.954562 0)
(2.24238 0.939351 0)
(2.26376 0.896137 0)
(2.30263 0.835201 0)
(2.32327 0.807699 0)
(2.33435 0.809815 0)
(2.33321 0.828945 0)
(2.32532 0.839411 0)
(2.32042 0.835939 0)
(2.32394 0.832815 0)
(2.34428 0.817468 0)
(2.35955 0.79799 0)
(2.36897 0.793851 0)
(2.37176 0.800207 0)
(2.37049 0.799518 0)
(2.38106 0.78082 0)
(2.39344 0.757653 0)
(2.39798 0.744831 0)
(2.4025 0.744813 0)
(2.40235 0.751519 0)
(2.40178 0.754931 0)
(2.41371 0.743351 0)
(2.43037 0.718255 0)
(2.43834 0.702422 0)
(2.44046 0.697579 0)
(2.44275 0.697917 0)
(2.44537 0.699693 0)
(2.45048 0.700346 0)
(2.45693 0.697304 0)
(2.46607 0.690976 0)
(2.47706 0.682859 0)
(2.48324 0.672852 0)
(2.48078 0.653906 0)
(2.48084 0.630338 0)
(2.48473 0.625634 0)
(3 1.48889e-16 0)
(3 -1.70775e-16 0)
(3 -6.12081e-16 0)
(3 -1.18459e-15 0)
(3 -1.04713e-15 0)
(3 -9.37887e-16 0)
(3 6.04338e-18 0)
(3 6.45146e-16 0)
(3 1.04728e-15 0)
(3 2.00841e-15 0)
(3 2.53428e-15 0)
(3 1.60222e-15 0)
(3 7.18063e-16 0)
(3 9.46788e-16 0)
(3 1.1683e-15 0)
(3 1.16091e-15 0)
(3 9.25162e-16 0)
(3 6.56119e-16 0)
(3 3.39054e-16 0)
(3 5.48023e-16 0)
(3 9.53898e-16 0)
(3 1.49854e-15 0)
(3 9.88623e-16 0)
(3 -3.3276e-16 0)
(3 -5.73388e-16 0)
(3 -8.63065e-16 0)
(3 -8.45116e-16 0)
(3 -1.33961e-15 0)
(3 -1.19524e-15 0)
(3 -6.47493e-16 0)
(3 -6.58421e-16 0)
(3 -9.11721e-16 0)
(3 -1.26898e-15 0)
(3 -1.23886e-15 0)
(3 -2.08545e-15 0)
(3 -1.41417e-15 0)
(3 -8.81584e-16 0)
(3 -6.32136e-16 0)
(3 -4.61119e-16 0)
(3 -3.65219e-17 0)
(3 -3.08429e-18 0)
(3 -2.70802e-16 0)
(3 -5.80408e-17 0)
(3 5.19919e-16 0)
(3 2.22015e-15 0)
(3 2.06447e-12 0)
(3 2.26023e-09 0)
(3 8.18117e-07 0)
(2.99997 8.02404e-05 0)
(2.99908 0.00227083 0)
(2.98082 0.0350027 0)
(2.84488 0.231209 0)
(2.51703 0.598019 0)
(2.3126 0.938801 0)
(2.27136 0.929159 0)
(2.29757 0.856335 0)
(2.32187 0.810325 0)
(2.33759 0.805587 0)
(2.34084 0.831915 0)
(2.31903 0.863971 0)
(2.30308 0.865953 0)
(2.30573 0.858943 0)
(2.32382 0.844371 0)
(2.34805 0.814723 0)
(2.35909 0.798979 0)
(2.36496 0.801487 0)
(2.36388 0.807364 0)
(2.36415 0.800341 0)
(2.37731 0.781412 0)
(2.38822 0.76158 0)
(2.39218 0.753838 0)
(2.39632 0.758651 0)
(2.39458 0.766579 0)
(2.40147 0.761415 0)
(2.41679 0.740016 0)
(2.42686 0.720553 0)
(2.43099 0.711233 0)
(2.43432 0.710391 0)
(2.43709 0.712552 0)
(2.4412 0.714151 0)
(2.44767 0.712234 0)
(2.45615 0.705882 0)
(2.46744 0.695261 0)
(2.47441 0.684027 0)
(2.47486 0.671941 0)
(2.47427 0.653767 0)
(2.47588 0.643354 0)
(2.4787 0.641632 0)
(3 4.18698e-16 0)
(3 5.98867e-16 0)
(3 3.99717e-16 0)
(3 1.48144e-16 0)
(3 6.04812e-16 0)
(3 3.13928e-16 0)
(3 -6.1905e-18 0)
(3 -2.47882e-16 0)
(3 -7.69674e-16 0)
(3 2.83239e-16 0)
(3 1.42516e-15 0)
(3 1.5025e-15 0)
(3 1.15247e-15 0)
(3 7.49587e-16 0)
(3 2.05945e-16 0)
(3 -1.09822e-15 0)
(3 -8.38185e-16 0)
(3 1.91771e-17 0)
(3 6.66922e-16 0)
(3 5.48739e-16 0)
(3 3.48934e-16 0)
(3 -4.43121e-17 0)
(3 -2.71533e-16 0)
(3 -4.11766e-16 0)
(3 -2.98323e-16 0)
(3 -3.92721e-16 0)
(3 -6.1305e-16 0)
(3 -4.34202e-16 0)
(3 -8.08311e-16 0)
(3 -1.58975e-15 0)
(3 -1.19772e-15 0)
(3 -1.46378e-15 0)
(3 -2.21654e-15 0)
(3 -2.63258e-15 0)
(3 -1.05067e-15 0)
(3 -1.33846e-15 0)
(3 -1.54204e-15 0)
(3 -5.05631e-16 0)
(3 -6.71815e-17 0)
(3 4.58378e-16 0)
(3 2.93093e-16 0)
(3 -1.08685e-16 0)
(3 4.55535e-16 0)
(3 9.31973e-16 0)
(3 1.66103e-15 0)
(3 2.019e-15 0)
(3 4.89757e-13 0)
(3 3.64303e-10 0)
(3 9.91725e-08 0)
(2.99999 1.2574e-05 0)
(2.9995 0.000916923 0)
(2.98547 0.0259518 0)
(2.85518 0.211685 0)
(2.54202 0.676095 0)
(2.39101 0.880884 0)
(2.34697 0.796831 0)
(2.34378 0.804111 0)
(2.33962 0.830815 0)
(2.3197 0.875162 0)
(2.28757 0.893617 0)
(2.28487 0.886447 0)
(2.30057 0.871452 0)
(2.33332 0.833927 0)
(2.3486 0.806395 0)
(2.3581 0.800974 0)
(2.35803 0.810978 0)
(2.35643 0.814117 0)
(2.36034 0.80129 0)
(2.37312 0.786541 0)
(2.38209 0.769836 0)
(2.3863 0.765779 0)
(2.3889 0.772868 0)
(2.38993 0.776244 0)
(2.40225 0.761257 0)
(2.41406 0.739895 0)
(2.42047 0.726041 0)
(2.42528 0.721886 0)
(2.42987 0.724397 0)
(2.43315 0.727532 0)
(2.4387 0.726957 0)
(2.44588 0.722079 0)
(2.45731 0.710132 0)
(2.46566 0.696072 0)
(2.46701 0.683391 0)
(2.46636 0.670421 0)
(2.46928 0.66206 0)
(2.47128 0.660829 0)
(2.47695 0.656724 0)
(3 -3.32778e-16 0)
(3 -8.35372e-17 0)
(3 8.05371e-16 0)
(3 2.0734e-15 0)
(3 1.84919e-15 0)
(3 4.56215e-16 0)
(3 -1.10673e-15 0)
(3 -1.36088e-15 0)
(3 -1.47071e-15 0)
(3 -8.86357e-16 0)
(3 -4.968e-16 0)
(3 -1.27715e-17 0)
(3 5.05466e-16 0)
(3 3.8542e-16 0)
(3 -1.06449e-15 0)
(3 -2.24672e-15 0)
(3 -1.52189e-15 0)
(3 -3.02332e-16 0)
(3 1.79354e-16 0)
(3 9.35009e-16 0)
(3 7.23917e-16 0)
(3 -8.59373e-16 0)
(3 -1.84121e-15 0)
(3 -2.12701e-15 0)
(3 -2.18013e-15 0)
(3 -1.68701e-15 0)
(3 -1.52597e-15 0)
(3 -8.10479e-16 0)
(3 -4.26854e-16 0)
(3 -1.23111e-15 0)
(3 -1.32513e-15 0)
(3 -4.56599e-16 0)
(3 -1.14611e-15 0)
(3 -1.39623e-15 0)
(3 -1.36533e-15 0)
(3 -1.31988e-15 0)
(3 -7.0513e-16 0)
(3 -5.40074e-16 0)
(3 -1.02379e-15 0)
(3 -6.92356e-16 0)
(3 -4.73795e-16 0)
(3 -5.15737e-16 0)
(3 -1.42819e-16 0)
(3 1.01684e-15 0)
(3 1.23287e-15 0)
(3 1.51173e-15 0)
(3 1.97781e-15 0)
(3 2.91379e-14 0)
(3 2.26841e-11 0)
(3 2.43166e-08 0)
(3 7.26654e-06 0)
(2.99961 0.000704177 0)
(2.98741 0.02466 0)
(2.88558 0.205855 0)
(2.67515 0.552447 0)
(2.49761 0.680809 0)
(2.35868 0.774009 0)
(2.32353 0.858768 0)
(2.27854 0.918443 0)
(2.26631 0.919173 0)
(2.27402 0.899601 0)
(2.31293 0.85154 0)
(2.33521 0.813624 0)
(2.35107 0.801162 0)
(2.35509 0.810398 0)
(2.35079 0.823317 0)
(2.34916 0.821917 0)
(2.35581 0.808956 0)
(2.36788 0.794837 0)
(2.37488 0.779035 0)
(2.38024 0.776746 0)
(2.38393 0.782393 0)
(2.38756 0.780043 0)
(2.40086 0.76129 0)
(2.40851 0.74385 0)
(2.41459 0.733619 0)
(2.42201 0.734469 0)
(2.4255 0.738851 0)
(2.42947 0.741135 0)
(2.43603 0.738713 0)
(2.44654 0.727774 0)
(2.45629 0.709834 0)
(2.46014 0.69491 0)
(2.45818 0.683476 0)
(2.46116 0.67638 0)
(2.46524 0.677096 0)
(2.47 0.675612 0)
(2.47704 0.669816 0)
(3 -1.3058e-15 0)
(3 -9.30859e-16 0)
(3 1.32845e-17 0)
(3 3.83031e-16 0)
(3 3.3894e-16 0)
(3 -6.99069e-17 0)
(3 -5.3914e-16 0)
(3 -7.24953e-16 0)
(3 -8.26892e-16 0)
(3 -1.09699e-15 0)
(3 -1.30707e-15 0)
(3 -9.15425e-16 0)
(3 5.15955e-17 0)
(3 3.14833e-17 0)
(3 -9.27733e-16 0)
(3 -9.01267e-16 0)
(3 -1.57806e-15 0)
(3 -1.59686e-15 0)
(3 -1.51301e-15 0)
(3 -1.32905e-15 0)
(3 -1.37226e-15 0)
(3 -1.88386e-15 0)
(3 -2.2136e-15 0)
(3 -3.00345e-15 0)
(3 -3.84936e-15 0)
(3 -3.70023e-15 0)
(3 -3.09413e-15 0)
(3 -1.75732e-15 0)
(3 -9.23968e-16 0)
(3 -1.06343e-15 0)
(3 -1.32442e-15 0)
(3 -9.99791e-16 0)
(3 -7.06987e-16 0)
(3 -8.60818e-16 0)
(3 -1.12888e-15 0)
(3 -8.08558e-16 0)
(3 1.07852e-15 0)
(3 1.13624e-15 0)
(3 -4.19241e-17 0)
(3 -7.18377e-16 0)
(3 -1.03063e-15 0)
(3 -7.64288e-16 0)
(3 -3.36342e-16 0)
(3 3.90157e-16 0)
(3 6.01976e-16 0)
(3 1.52765e-15 0)
(3 1.95252e-15 0)
(3 3.17003e-15 0)
(3 9.6842e-15 0)
(3 2.00067e-11 0)
(3 1.96865e-08 0)
(3 5.52252e-06 0)
(2.99976 0.00056938 0)
(2.99418 0.0145622 0)
(2.94946 0.102843 0)
(2.77932 0.345012 0)
(2.51684 0.624926 0)
(2.2986 0.848534 0)
(2.27266 0.950376 0)
(2.25567 0.930373 0)
(2.28955 0.87648 0)
(2.32579 0.815843 0)
(2.34514 0.798271 0)
(2.35631 0.806248 0)
(2.35012 0.831854 0)
(2.33707 0.844107 0)
(2.33751 0.832335 0)
(2.34713 0.820535 0)
(2.3635 0.798146 0)
(2.37024 0.784209 0)
(2.37726 0.784904 0)
(2.38096 0.789391 0)
(2.385 0.782522 0)
(2.39757 0.765318 0)
(2.40331 0.750237 0)
(2.41113 0.744256 0)
(2.41768 0.748126 0)
(2.42014 0.753186 0)
(2.42557 0.754142 0)
(2.4355 0.744822 0)
(2.44555 0.72557 0)
(2.45186 0.708102 0)
(2.45249 0.695852 0)
(2.45283 0.689422 0)
(2.45724 0.691004 0)
(2.46143 0.692801 0)
(2.46902 0.689278 0)
(2.47515 0.681237 0)
(3 5.29718e-17 0)
(3 2.49815e-16 0)
(2.54458 0.418828 0)
(2.26085 0.670704 0)
(1.98784 0.852663 0)
(1.93039 0.878375 0)
(1.93186 0.874628 0)
(1.94383 0.863783 0)
(1.95574 0.850479 0)
(1.96044 0.84383 0)
(1.95844 0.843834 0)
(1.96515 0.836346 0)
(1.98208 0.817824 0)
(1.99435 0.797878 0)
(1.99716 0.793613 0)
(1.99616 0.793461 0)
(2.00487 0.781541 0)
(2.0247 0.762767 0)
(2.03744 0.750081 0)
(2.04174 0.753468 0)
(2.04741 0.752407 0)
(2.06286 0.741214 0)
(2.07737 0.725843 0)
(2.08675 0.7083 0)
(2.09063 0.690187 0)
(2.0924 0.680693 0)
(2.09636 0.674119 0)
(2.10934 0.662873 0)
(2.12708 0.649765 0)
(2.13969 0.641516 0)
(2.14951 0.640593 0)
(2.16083 0.637668 0)
(2.59362 0.366781 0)
(2.51476 0.455911 0)
(2.17663 0.737234 0)
(1.99239 0.855635 0)
(1.95042 0.873871 0)
(1.95661 0.868291 0)
(1.96371 0.859498 0)
(1.96186 0.858659 0)
(1.95658 0.855293 0)
(1.96786 0.841225 0)
(1.98494 0.820544 0)
(1.99501 0.806943 0)
(1.99933 0.806272 0)
(2.00447 0.800632 0)
(2.02069 0.785809 0)
(2.03546 0.770049 0)
(2.04064 0.769962 0)
(2.04117 0.77354 0)
(2.05427 0.76414 0)
(2.07051 0.745929 0)
(2.07946 0.731674 0)
(2.0839 0.715999 0)
(2.08833 0.698896 0)
(2.09401 0.69049 0)
(2.10255 0.683673 0)
(2.11817 0.67373 0)
(2.133 0.662406 0)
(2.14332 0.657979 0)
(2.15427 0.655482 0)
(2.16717 0.649678 0)
(2.59562 0.367803 0)
(2.5875 0.37665 0)
(2.455 0.510148 0)
(2.1544 0.763565 0)
(1.99922 0.851352 0)
(1.96714 0.875945 0)
(1.96091 0.873381 0)
(1.95675 0.869392 0)
(1.95637 0.860123 0)
(1.97301 0.845641 0)
(1.98972 0.825837 0)
(1.99969 0.817167 0)
(2.00652 0.816618 0)
(2.01757 0.808741 0)
(2.03242 0.793964 0)
(2.03932 0.786917 0)
(2.03837 0.791309 0)
(2.04572 0.786037 0)
(2.06336 0.767408 0)
(2.07458 0.749077 0)
(2.0778 0.738065 0)
(2.08204 0.721617 0)
(2.08925 0.707165 0)
(2.09721 0.701665 0)
(2.10915 0.695522 0)
(2.12591 0.685728 0)
(2.13951 0.675628 0)
(2.14984 0.671582 0)
(2.16138 0.667974 0)
(2.17165 0.661643 0)
(2.59426 0.375412 0)
(2.59419 0.372974 0)
(2.57629 0.394353 0)
(2.4088 0.564984 0)
(2.14632 0.77666 0)
(1.99007 0.871214 0)
(1.96025 0.886362 0)
(1.95074 0.876047 0)
(1.95863 0.862109 0)
(1.98112 0.847595 0)
(1.99648 0.831853 0)
(2.00484 0.829501 0)
(2.01309 0.82807 0)
(2.02673 0.818868 0)
(2.03687 0.808288 0)
(2.0382 0.808405 0)
(2.04089 0.805155 0)
(2.05598 0.788174 0)
(2.07072 0.764039 0)
(2.07584 0.751503 0)
(2.0755 0.743751 0)
(2.07982 0.730944 0)
(2.08934 0.721981 0)
(2.10055 0.716243 0)
(2.1173 0.707742 0)
(2.13469 0.696022 0)
(2.14703 0.688027 0)
(2.15714 0.68514 0)
(2.16686 0.681586 0)
(2.17141 0.672231 0)
(2.58801 0.388297 0)
(2.59622 0.376243 0)
(2.59769 0.376475 0)
(2.56698 0.41508 0)
(2.39211 0.604755 0)
(2.09772 0.826956 0)
(1.97828 0.889054 0)
(1.96385 0.877452 0)
(1.97171 0.860764 0)
(1.99154 0.844707 0)
(2.00145 0.841044 0)
(2.00524 0.844712 0)
(2.01508 0.840856 0)
(2.02901 0.830201 0)
(2.03757 0.824446 0)
(2.04164 0.822541 0)
(2.05213 0.808657 0)
(2.06602 0.783394 0)
(2.0714 0.766611 0)
(2.06999 0.761736 0)
(2.07013 0.753773 0)
(2.08171 0.741649 0)
(2.09426 0.734162 0)
(2.10841 0.727688 0)
(2.12667 0.719005 0)
(2.14182 0.709436 0)
(2.15227 0.704623 0)
(2.16138 0.701888 0)
(2.16776 0.694928 0)
(2.16383 0.674265 0)
(2.58369 0.398115 0)
(2.59215 0.387056 0)
(2.60132 0.380611 0)
(2.60059 0.383475 0)
(2.55892 0.440414 0)
(2.32253 0.668947 0)
(2.07564 0.841562 0)
(1.99362 0.875233 0)
(1.99165 0.869264 0)
(1.9952 0.859296 0)
(1.99826 0.859579 0)
(2.00269 0.860942 0)
(2.01716 0.853209 0)
(2.03122 0.840321 0)
(2.04084 0.833816 0)
(2.05127 0.824103 0)
(2.06363 0.802393 0)
(2.06853 0.783056 0)
(2.06585 0.777324 0)
(2.06366 0.774321 0)
(2.06965 0.764017 0)
(2.0863 0.756234 0)
(2.10153 0.747482 0)
(2.11924 0.738887 0)
(2.13685 0.729651 0)
(2.14848 0.724067 0)
(2.15636 0.722015 0)
(2.16294 0.716458 0)
(2.16196 0.699026 0)
(2.15189 0.669552 0)
(2.58098 0.405149 0)
(2.58784 0.398049 0)
(2.59834 0.393501 0)
(2.60533 0.383857 0)
(2.60166 0.38976 0)
(2.53324 0.47287 0)
(2.2823 0.701711 0)
(2.0734 0.831407 0)
(1.99359 0.880912 0)
(1.99216 0.880956 0)
(1.99702 0.876872 0)
(2.00777 0.871326 0)
(2.02516 0.860196 0)
(2.03802 0.846755 0)
(2.04787 0.834812 0)
(2.05944 0.817518 0)
(2.06564 0.79948 0)
(2.06175 0.792752 0)
(2.05685 0.794269 0)
(2.05958 0.787981 0)
(2.07405 0.778934 0)
(2.09415 0.769201 0)
(2.11314 0.756685 0)
(2.13141 0.747351 0)
(2.14527 0.74092 0)
(2.15318 0.73939 0)
(2.15844 0.7369 0)
(2.15899 0.722683 0)
(2.14876 0.694919 0)
(2.14877 0.669371 0)
(2.57782 0.414213 0)
(2.58521 0.409055 0)
(2.5906 0.408588 0)
(2.6043 0.394361 0)
(2.60578 0.389892 0)
(2.59765 0.401956 0)
(2.51123 0.499938 0)
(2.25734 0.715109 0)
(2.02388 0.862645 0)
(2.00048 0.889462 0)
(2.00532 0.885611 0)
(2.01678 0.877467 0)
(2.03423 0.864783 0)
(2.04431 0.852612 0)
(2.05279 0.836545 0)
(2.05981 0.817597 0)
(2.05927 0.807301 0)
(2.05435 0.809427 0)
(2.05361 0.808618 0)
(2.06399 0.799245 0)
(2.08399 0.7908 0)
(2.1061 0.776672 0)
(2.12298 0.767744 0)
(2.13736 0.761141 0)
(2.14635 0.757323 0)
(2.15099 0.755221 0)
(2.1534 0.743851 0)
(2.14761 0.718223 0)
(2.14211 0.689852 0)
(2.15806 0.67983 0)
(2.57644 0.420172 0)
(2.58312 0.420047 0)
(2.58824 0.418402 0)
(2.59779 0.40908 0)
(2.60534 0.395942 0)
(2.60438 0.40028 0)
(2.59004 0.419506 0)
(2.48223 0.531831 0)
(2.19202 0.751563 0)
(2.02462 0.88377 0)
(2.01798 0.886078 0)
(2.02453 0.880672 0)
(2.03732 0.870337 0)
(2.04808 0.856731 0)
(2.05558 0.837035 0)
(2.05731 0.822139 0)
(2.05448 0.82302 0)
(2.05228 0.828248 0)
(2.05741 0.821725 0)
(2.07501 0.811409 0)
(2.0991 0.794661 0)
(2.1169 0.782424 0)
(2.1294 0.779099 0)
(2.13857 0.776056 0)
(2.14217 0.773369 0)
(2.14362 0.763863 0)
(2.14189 0.74184 0)
(2.1382 0.710352 0)
(2.1514 0.69504 0)
(2.16909 0.690115 0)
(2.57423 0.430399 0)
(2.57893 0.432217 0)
(2.58323 0.430182 0)
(2.59292 0.421698 0)
(2.59922 0.411172 0)
(2.60416 0.408838 0)
(2.59964 0.409666 0)
(2.57758 0.43292 0)
(2.44532 0.563224 0)
(2.15752 0.792266 0)
(2.0513 0.880105 0)
(2.03048 0.880173 0)
(2.0356 0.873902 0)
(2.0465 0.862107 0)
(2.05422 0.843346 0)
(2.05504 0.83403 0)
(2.05498 0.84036 0)
(2.05779 0.842045 0)
(2.06968 0.831383 0)
(2.0914 0.815576 0)
(2.10971 0.797926 0)
(2.12037 0.793548 0)
(2.12724 0.792734 0)
(2.1303 0.789125 0)
(2.1309 0.781382 0)
(2.13158 0.764519 0)
(2.13208 0.733785 0)
(2.14587 0.710831 0)
(2.16387 0.705461 0)
(2.17834 0.703604 0)
(2.57237 0.440691 0)
(2.57465 0.442522 0)
(2.58031 0.439239 0)
(2.5882 0.432692 0)
(2.59242 0.424643 0)
(2.59609 0.423779 0)
(2.59841 0.418555 0)
(2.59747 0.409132 0)
(2.56934 0.442965 0)
(2.42431 0.592473 0)
(2.14349 0.82969 0)
(2.05813 0.873551 0)
(2.03771 0.874041 0)
(2.04636 0.866712 0)
(2.05537 0.851864 0)
(2.05815 0.848639 0)
(2.05974 0.855511 0)
(2.06667 0.852134 0)
(2.08467 0.83857 0)
(2.10409 0.818574 0)
(2.11496 0.805652 0)
(2.1199 0.8036 0)
(2.12181 0.802331 0)
(2.12098 0.797634 0)
(2.12021 0.785343 0)
(2.12313 0.759568 0)
(2.13782 0.73317 0)
(2.1591 0.721091 0)
(2.1734 0.718619 0)
(2.1849 0.720382 0)
(2.56802 0.453691 0)
(2.56864 0.454904 0)
(2.5754 0.452166 0)
(2.58232 0.444898 0)
(2.58585 0.438375 0)
(2.58785 0.438525 0)
(2.59454 0.429286 0)
(2.60143 0.408549 0)
(2.60036 0.408874 0)
(2.56898 0.452387 0)
(2.37623 0.644418 0)
(2.13828 0.832643 0)
(2.06585 0.85979 0)
(2.05519 0.872925 0)
(2.05626 0.870288 0)
(2.05506 0.871861 0)
(2.05821 0.871848 0)
(2.07419 0.861427 0)
(2.09556 0.842978 0)
(2.11076 0.822458 0)
(2.11641 0.813595 0)
(2.11572 0.813071 0)
(2.11344 0.811057 0)
(2.11162 0.803126 0)
(2.11389 0.783362 0)
(2.12771 0.759669 0)
(2.15157 0.743552 0)
(2.16819 0.734431 0)
(2.18031 0.735656 0)
(2.18719 0.741398 0)
(2.56343 0.466146 0)
(2.56396 0.466708 0)
(2.571 0.463981 0)
(2.57686 0.454774 0)
(2.57999 0.450878 0)
(2.58353 0.448974 0)
(2.59067 0.439912 0)
(2.60347 0.412995 0)
(2.60605 0.408669 0)
(2.60284 0.414785 0)
(2.55189 0.476521 0)
(2.3323 0.686868 0)
(2.15377 0.803701 0)
(2.06697 0.871928 0)
(2.04669 0.891745 0)
(2.04609 0.891673 0)
(2.05666 0.883397 0)
(2.08063 0.865769 0)
(2.10254 0.839246 0)
(2.11341 0.821789 0)
(2.11449 0.82028 0)
(2.10996 0.822263 0)
(2.1058 0.818524 0)
(2.10556 0.804396 0)
(2.11701 0.785922 0)
(2.14013 0.772534 0)
(2.16206 0.754051 0)
(2.17563 0.751344 0)
(2.18388 0.756127 0)
(2.18594 0.764452 0)
(2.55732 0.482111 0)
(2.55667 0.483332 0)
(2.56396 0.479429 0)
(2.57047 0.468245 0)
(2.57484 0.462454 0)
(2.58168 0.455418 0)
(2.5921 0.439819 0)
(2.60162 0.422035 0)
(2.60817 0.410039 0)
(2.60548 0.417655 0)
(2.59826 0.42684 0)
(2.52331 0.508868 0)
(2.33867 0.679826 0)
(2.11969 0.842824 0)
(2.0531 0.900524 0)
(2.05087 0.89688 0)
(2.06158 0.885565 0)
(2.0878 0.860011 0)
(2.10672 0.832084 0)
(2.11139 0.825019 0)
(2.10726 0.830723 0)
(2.10181 0.832732 0)
(2.09936 0.82321 0)
(2.107 0.807878 0)
(2.12685 0.799371 0)
(2.15455 0.778284 0)
(2.17108 0.766538 0)
(2.18121 0.770247 0)
(2.18531 0.777033 0)
(2.18515 0.784908 0)
(2.55035 0.499033 0)
(2.55025 0.498877 0)
(2.55979 0.490275 0)
(2.5664 0.478245 0)
(2.57203 0.471412 0)
(2.58118 0.460588 0)
(2.59193 0.443518 0)
(2.59842 0.43104 0)
(2.60162 0.426023 0)
(2.60155 0.427253 0)
(2.5984 0.430484 0)
(2.58769 0.440687 0)
(2.50496 0.52953 0)
(2.30663 0.713593 0)
(2.09662 0.899739 0)
(2.06671 0.891502 0)
(2.07934 0.872319 0)
(2.09754 0.846436 0)
(2.11005 0.829584 0)
(2.10854 0.835386 0)
(2.09856 0.846501 0)
(2.09227 0.843984 0)
(2.09667 0.829053 0)
(2.11354 0.821215 0)
(2.14275 0.801582 0)
(2.16348 0.783085 0)
(2.17576 0.783503 0)
(2.18043 0.7921 0)
(2.18106 0.80029 0)
(2.18314 0.801554 0)
(2.54161 0.516905 0)
(2.5465 0.513307 0)
(2.55735 0.499715 0)
(2.56377 0.488072 0)
(2.57168 0.477201 0)
(2.58279 0.461258 0)
(2.59219 0.44525 0)
(2.59585 0.437717 0)
(2.59575 0.439632 0)
(2.59374 0.44273 0)
(2.59388 0.439714 0)
(2.59168 0.438815 0)
(2.57876 0.450572 0)
(2.49941 0.548084 0)
(2.24851 0.795069 0)
(2.1292 0.872965 0)
(2.1033 0.85497 0)
(2.10836 0.844607 0)
(2.10724 0.843846 0)
(2.09349 0.860611 0)
(2.0812 0.866444 0)
(2.08485 0.853201 0)
(2.10001 0.84347 0)
(2.1287 0.825299 0)
(2.15411 0.800181 0)
(2.16881 0.793778 0)
(2.17492 0.80277 0)
(2.17492 0.813406 0)
(2.17508 0.818609 0)
(2.17875 0.806724 0)
(2.53316 0.534179 0)
(2.54559 0.526272 0)
(2.55693 0.507545 0)
(2.56381 0.493634 0)
(2.57284 0.480576 0)
(2.58325 0.465491 0)
(2.58957 0.452985 0)
(2.58912 0.451564 0)
(2.58622 0.458789 0)
(2.5829 0.462093 0)
(2.58157 0.458709 0)
(2.59142 0.446236 0)
(2.60109 0.43389 0)
(2.58861 0.453513 0)
(2.47521 0.588035 0)
(2.2623 0.794661 0)
(2.15927 0.821071 0)
(2.11153 0.853932 0)
(2.0895 0.876031 0)
(2.07071 0.88873 0)
(2.07027 0.878634 0)
(2.0868 0.866284 0)
(2.11587 0.849044 0)
(2.14459 0.818681 0)
(2.16204 0.804595 0)
(2.16942 0.810915 0)
(2.16848 0.823695 0)
(2.16742 0.830865 0)
(2.16856 0.825756 0)
(2.17506 0.796301 0)
(2.53175 0.547252 0)
(2.54761 0.531886 0)
(2.55639 0.51409 0)
(2.56455 0.49978 0)
(2.57532 0.483652 0)
(2.58473 0.468765 0)
(2.58754 0.460708 0)
(2.58473 0.465309 0)
(2.57987 0.473469 0)
(2.57493 0.474771 0)
(2.57806 0.465628 0)
(2.59348 0.452557 0)
(2.60233 0.43328 0)
(2.61242 0.431257 0)
(2.5921 0.461585 0)
(2.46695 0.603573 0)
(2.29095 0.738893 0)
(2.13236 0.845863 0)
(2.07311 0.905734 0)
(2.06249 0.906633 0)
(2.07028 0.890629 0)
(2.10062 0.867071 0)
(2.13542 0.832217 0)
(2.1542 0.813983 0)
(2.16295 0.817445 0)
(2.16101 0.832527 0)
(2.15581 0.843162 0)
(2.15847 0.841046 0)
(2.16308 0.818892 0)
(2.17944 0.778061 0)
(2.53448 0.557476 0)
(2.54918 0.535868 0)
(2.55751 0.517464 0)
(2.5676 0.501548 0)
(2.57711 0.487494 0)
(2.58126 0.478053 0)
(2.57782 0.479598 0)
(2.57176 0.489233 0)
(2.56628 0.493425 0)
(2.56706 0.486408 0)
(2.57928 0.475853 0)
(2.59562 0.456878 0)
(2.60717 0.439217 0)
(2.61828 0.429346 0)
(2.61266 0.438871 0)
(2.58364 0.479849 0)
(2.46558 0.600034 0)
(2.23187 0.778577 0)
(2.09562 0.917863 0)
(2.06555 0.907434 0)
(2.08602 0.883915 0)
(2.12316 0.846849 0)
(2.14647 0.824426 0)
(2.15527 0.824004 0)
(2.15247 0.839878 0)
(2.14224 0.855318 0)
(2.14498 0.855496 0)
(2.15304 0.838435 0)
(2.16899 0.802109 0)
(2.18656 0.767759 0)
(2.53851 0.560397 0)
(2.55054 0.538137 0)
(2.56041 0.519753 0)
(2.57072 0.504581 0)
(2.57739 0.493286 0)
(2.57577 0.489315 0)
(2.56939 0.49801 0)
(2.56171 0.506744 0)
(2.55762 0.504676 0)
(2.56783 0.492006 0)
(2.58437 0.477863 0)
(2.59808 0.457647 0)
(2.61173 0.443059 0)
(2.62234 0.437811 0)
(2.61972 0.441813 0)
(2.60474 0.457559 0)
(2.57041 0.493462 0)
(2.40859 0.639196 0)
(2.17234 0.873567 0)
(2.11399 0.888376 0)
(2.12695 0.858967 0)
(2.14283 0.846784 0)
(2.15126 0.839263 0)
(2.14324 0.849877 0)
(2.12749 0.866912 0)
(2.13083 0.868371 0)
(2.14331 0.856356 0)
(2.16075 0.826382 0)
(2.18059 0.791594 0)
(2.18875 0.774272 0)
(2.54164 0.558985 0)
(2.55189 0.537888 0)
(2.56043 0.523388 0)
(2.56507 0.514759 0)
(2.56374 0.509695 0)
(2.55966 0.511774 0)
(2.55626 0.518994 0)
(2.55276 0.521513 0)
(2.55627 0.510909 0)
(2.57226 0.497953 0)
(2.59109 0.475795 0)
(2.60274 0.45496 0)
(2.61309 0.450956 0)
(2.6168 0.453353 0)
(2.61282 0.459414 0)
(2.60181 0.460678 0)
(2.59465 0.463921 0)
(2.54479 0.512437 0)
(2.3573 0.709873 0)
(2.21949 0.824972 0)
(2.16097 0.837034 0)
(2.1515 0.858608 0)
(2.13456 0.869932 0)
(2.11503 0.882648 0)
(2.11739 0.880861 0)
(2.13233 0.871496 0)
(2.15355 0.845928 0)
(2.17381 0.813955 0)
(2.18453 0.796867 0)
(2.18446 0.795323 0)
(2.54131 0.559381 0)
(2.55028 0.542259 0)
(2.55628 0.531182 0)
(2.55791 0.524173 0)
(2.55435 0.521958 0)
(2.55115 0.529215 0)
(2.54626 0.536317 0)
(2.5463 0.532838 0)
(2.56036 0.518823 0)
(2.58056 0.498826 0)
(2.59457 0.473833 0)
(2.60562 0.457249 0)
(2.61017 0.461845 0)
(2.60405 0.47459 0)
(2.60024 0.475771 0)
(2.59362 0.472835 0)
(2.59146 0.462556 0)
(2.58796 0.464123 0)
(2.53382 0.528293 0)
(2.39851 0.673392 0)
(2.24877 0.783704 0)
(2.14926 0.863827 0)
(2.11313 0.904263 0)
(2.10992 0.900869 0)
(2.1198 0.885284 0)
(2.14298 0.861088 0)
(2.16684 0.83148 0)
(2.17927 0.814845 0)
(2.18165 0.813762 0)
(2.17715 0.821693 0)
(2.53983 0.56117 0)
(2.54692 0.547748 0)
(2.54945 0.540601 0)
(2.5466 0.536418 0)
(2.54424 0.540144 0)
(2.54125 0.548704 0)
(2.53921 0.550529 0)
(2.54863 0.539487 0)
(2.56684 0.523489 0)
(2.58514 0.497274 0)
(2.59681 0.474755 0)
(2.60381 0.465392 0)
(2.60148 0.477468 0)
(2.59223 0.490718 0)
(2.58727 0.492776 0)
(2.58561 0.486372 0)
(2.58648 0.474743 0)
(2.59094 0.460279 0)
(2.59583 0.457804 0)
(2.55425 0.511058 0)
(2.41065 0.661059 0)
(2.19255 0.833159 0)
(2.12755 0.915755 0)
(2.11757 0.89854 0)
(2.13763 0.878943 0)
(2.15461 0.858121 0)
(2.1709 0.834999 0)
(2.1743 0.829574 0)
(2.1709 0.836682 0)
(2.17172 0.838852 0)
(2.53653 0.566028 0)
(2.5404 0.556714 0)
(2.53905 0.551532 0)
(2.5369 0.551295 0)
(2.53724 0.557017 0)
(2.5356 0.562449 0)
(2.53875 0.557976 0)
(2.55385 0.545295 0)
(2.57336 0.523304 0)
(2.58594 0.498632 0)
(2.59555 0.48058 0)
(2.5958 0.479689 0)
(2.58915 0.494873 0)
(2.58205 0.504998 0)
(2.57719 0.50741 0)
(2.57965 0.499774 0)
(2.58368 0.485209 0)
(2.59945 0.461543 0)
(2.60815 0.448215 0)
(2.60509 0.454675 0)
(2.5594 0.516036 0)
(2.3362 0.719098 0)
(2.18736 0.874606 0)
(2.16393 0.889883 0)
(2.15353 0.876703 0)
(2.15986 0.867033 0)
(2.16628 0.851706 0)
(2.16356 0.852226 0)
(2.16255 0.853109 0)
(2.17465 0.842444 0)
(2.53248 0.571844 0)
(2.53299 0.565017 0)
(2.52958 0.562329 0)
(2.53091 0.566142 0)
(2.53087 0.57371 0)
(2.5315 0.575426 0)
(2.54084 0.566331 0)
(2.55831 0.550421 0)
(2.57443 0.524775 0)
(2.58481 0.502965 0)
(2.58927 0.49133 0)
(2.58439 0.497306 0)
(2.57888 0.510194 0)
(2.57508 0.51695 0)
(2.57214 0.517377 0)
(2.57527 0.507288 0)
(2.58733 0.488943 0)
(2.60332 0.467601 0)
(2.61406 0.444182 0)
(2.61703 0.447635 0)
(2.60433 0.465926 0)
(2.52097 0.559913 0)
(2.31837 0.771527 0)
(2.22993 0.846025 0)
(2.16803 0.877874 0)
(2.15716 0.880255 0)
(2.15086 0.877484 0)
(2.14872 0.872419 0)
(2.1616 0.857558 0)
(2.18358 0.839145 0)
(2.52625 0.579629 0)
(2.52374 0.573423 0)
(2.52429 0.573934 0)
(2.52681 0.580012 0)
(2.52695 0.586092 0)
(2.53004 0.583421 0)
(2.54344 0.57184 0)
(2.56075 0.550199 0)
(2.57294 0.525973 0)
(2.58059 0.509381 0)
(2.57823 0.505871 0)
(2.57181 0.516911 0)
(2.56865 0.527198 0)
(2.5672 0.530972 0)
(2.56692 0.526469 0)
(2.57578 0.508984 0)
(2.59118 0.489129 0)
(2.60446 0.471134 0)
(2.61633 0.448096 0)
(2.61806 0.44687 0)
(2.6088 0.466288 0)
(2.59302 0.491925 0)
(2.49405 0.608022 0)
(2.35243 0.751141 0)
(2.22703 0.854735 0)
(2.15897 0.886111 0)
(2.14503 0.887043 0)
(2.14825 0.877236 0)
(2.16868 0.856642 0)
(2.19069 0.834263 0)
(2.51542 0.587535 0)
(2.51578 0.583754 0)
(2.5198 0.586824 0)
(2.52119 0.59539 0)
(2.52249 0.59857 0)
(2.52919 0.591663 0)
(2.54441 0.575375 0)
(2.5588 0.551563 0)
(2.56862 0.530555 0)
(2.57137 0.519715 0)
(2.56531 0.524033 0)
(2.56197 0.53473 0)
(2.56123 0.540646 0)
(2.56172 0.541506 0)
(2.56564 0.529589 0)
(2.58015 0.508804 0)
(2.59266 0.48985 0)
(2.60416 0.473112 0)
(2.61151 0.461254 0)
(2.60917 0.457607 0)
(2.60618 0.473934 0)
(2.60396 0.483215 0)
(2.58613 0.509807 0)
(2.49539 0.614886 0)
(2.36352 0.749459 0)
(2.20017 0.885809 0)
(2.1537 0.882866 0)
(2.15864 0.871278 0)
(2.17769 0.84556 0)
(2.19317 0.833122 0)
(2.50642 0.593143 0)
(2.51177 0.593731 0)
(2.51518 0.600637 0)
(2.51596 0.608133 0)
(2.5186 0.608109 0)
(2.52913 0.597002 0)
(2.54405 0.575775 0)
(2.55603 0.552805 0)
(2.56312 0.536566 0)
(2.55986 0.534233 0)
(2.55231 0.544476 0)
(2.55326 0.550738 0)
(2.55649 0.552185 0)
(2.55949 0.549384 0)
(2.56883 0.531303 0)
(2.58267 0.508485 0)
(2.59285 0.491048 0)
(2.60085 0.478188 0)
(2.60296 0.475783 0)
(2.59875 0.476759 0)
(2.59729 0.483277 0)
(2.60471 0.488039 0)
(2.60452 0.491295 0)
(2.58557 0.513108 0)
(2.51141 0.600907 0)
(2.31405 0.799106 0)
(2.19951 0.879671 0)
(2.18399 0.845792 0)
(2.19081 0.83711 0)
(2.19427 0.844664 0)
(2.50082 0.602539 0)
(2.50558 0.606341 0)
(2.50857 0.616311 0)
(2.51047 0.620375 0)
(2.51579 0.616689 0)
(2.52936 0.600167 0)
(2.5431 0.575501 0)
(2.55235 0.55623 0)
(2.55431 0.549341 0)
(2.54695 0.553208 0)
(2.54558 0.558709 0)
(2.55041 0.560178 0)
(2.55518 0.560213 0)
(2.55997 0.553408 0)
(2.57117 0.532272 0)
(2.5816 0.510716 0)
(2.58916 0.496024 0)
(2.59302 0.489232 0)
(2.5915 0.492149 0)
(2.58728 0.496993 0)
(2.59176 0.496174 0)
(2.59911 0.4976 0)
(2.60684 0.494541 0)
(2.60896 0.488762 0)
(2.58968 0.506402 0)
(2.48654 0.621699 0)
(2.3138 0.798766 0)
(2.23296 0.804613 0)
(2.19963 0.840264 0)
(2.17792 0.877205 0)
(2.49544 0.613648 0)
(2.5006 0.620149 0)
(2.50236 0.628556 0)
(2.5056 0.6311 0)
(2.51563 0.622659 0)
(2.53073 0.600487 0)
(2.54164 0.575825 0)
(2.54595 0.565218 0)
(2.54228 0.567965 0)
(2.53933 0.568209 0)
(2.54509 0.567303 0)
(2.54983 0.568271 0)
(2.55361 0.567633 0)
(2.55986 0.556052 0)
(2.57048 0.533854 0)
(2.57792 0.515324 0)
(2.58306 0.504724 0)
(2.58516 0.502647 0)
(2.58295 0.50593 0)
(2.58316 0.508162 0)
(2.58894 0.508798 0)
(2.59597 0.507509 0)
(2.60284 0.505282 0)
(2.61377 0.491417 0)
(2.61084 0.478885 0)
(2.58692 0.504783 0)
(2.48196 0.623199 0)
(2.34276 0.730556 0)
(2.2151 0.822226 0)
(2.17609 0.906308 0)
(2.48929 0.627388 0)
(2.49437 0.635129 0)
(2.49725 0.639916 0)
(2.50453 0.639127 0)
(2.51839 0.623586 0)
(2.53142 0.59893 0)
(2.53711 0.581649 0)
(2.53512 0.581758 0)
(2.53222 0.582502 0)
(2.53949 0.577983 0)
(2.54606 0.575336 0)
(2.54987 0.575796 0)
(2.55111 0.573403 0)
(2.55815 0.5579 0)
(2.56723 0.537024 0)
(2.57274 0.522622 0)
(2.57668 0.51733 0)
(2.57806 0.517616 0)
(2.57783 0.517634 0)
(2.58243 0.517999 0)
(2.58741 0.518248 0)
(2.59412 0.515603 0)
(2.60176 0.509204 0)
(2.61237 0.498997 0)
(2.61514 0.478284 0)
(2.61043 0.478928 0)
(2.58505 0.508152 0)
(2.48494 0.610008 0)
(2.31436 0.748434 0)
(2.18946 0.906417 0)
(2.48588 0.642895 0)
(2.48998 0.646649 0)
(2.49611 0.649568 0)
(2.50785 0.64183 0)
(2.52014 0.621419 0)
(2.52709 0.602624 0)
(2.52769 0.596179 0)
(2.5252 0.596286 0)
(2.5317 0.591112 0)
(2.54078 0.585046 0)
(2.54563 0.58355 0)
(2.54639 0.584977 0)
(2.54576 0.579574 0)
(2.55543 0.56118 0)
(2.56368 0.542318 0)
(2.56881 0.531667 0)
(2.57305 0.529972 0)
(2.57491 0.529979 0)
(2.57614 0.528048 0)
(2.58026 0.528082 0)
(2.58471 0.52668 0)
(2.59021 0.524449 0)
(2.60073 0.514264 0)
(2.61022 0.503556 0)
(2.62003 0.484919 0)
(2.61663 0.475469 0)
(2.60855 0.485809 0)
(2.57921 0.518095 0)
(2.46059 0.632271 0)
(2.26382 0.837892 0)
(2.48376 0.656081 0)
(2.48843 0.657992 0)
(2.49934 0.654693 0)
(2.51085 0.639213 0)
(2.51708 0.623013 0)
(2.51923 0.613465 0)
(2.51985 0.609582 0)
(2.52479 0.604653 0)
(2.53398 0.59814 0)
(2.54017 0.593107 0)
(2.54171 0.593394 0)
(2.53918 0.59343 0)
(2.54225 0.582387 0)
(2.55436 0.564614 0)
(2.56189 0.549094 0)
(2.56713 0.542114 0)
(2.57122 0.542072 0)
(2.57216 0.541381 0)
(2.57384 0.538892 0)
(2.57755 0.537593 0)
(2.58204 0.534343 0)
(2.58792 0.530006 0)
(2.59925 0.519401 0)
(2.60826 0.508807 0)
(2.61642 0.498884 0)
(2.61955 0.483268 0)
(2.6114 0.483987 0)
(2.60543 0.490792 0)
(2.57006 0.529618 0)
(2.41856 0.691386 0)
(2.48174 0.667792 0)
(2.49149 0.662997 0)
(2.5019 0.653745 0)
(2.50747 0.641987 0)
(2.51057 0.631275 0)
(2.51362 0.62414 0)
(2.51948 0.618734 0)
(2.52771 0.612348 0)
(2.53471 0.605788 0)
(2.53691 0.602721 0)
(2.53399 0.603835 0)
(2.5322 0.598605 0)
(2.54318 0.585188 0)
(2.55456 0.570171 0)
(2.56135 0.557959 0)
(2.56573 0.553794 0)
(2.56782 0.553539 0)
(2.56764 0.550946 0)
(2.571 0.548891 0)
(2.57535 0.545908 0)
(2.57929 0.54196 0)
(2.58603 0.537209 0)
(2.59803 0.525833 0)
(2.60579 0.515612 0)
(2.61156 0.508931 0)
(2.6144 0.497713 0)
(2.61134 0.487692 0)
(2.60683 0.489363 0)
(2.60254 0.495589 0)
(2.55916 0.550054 0)
(2.48355 0.671181 0)
(2.4923 0.663538 0)
(2.49711 0.657571 0)
(2.50098 0.648622 0)
(2.50729 0.640076 0)
(2.51414 0.634375 0)
(2.52215 0.62751 0)
(2.52916 0.619702 0)
(2.53227 0.614786 0)
(2.52953 0.613918 0)
(2.52592 0.610609 0)
(2.53181 0.600529 0)
(2.54551 0.58965 0)
(2.55457 0.577278 0)
(2.55984 0.56892 0)
(2.56175 0.56597 0)
(2.56085 0.562905 0)
(2.56249 0.55916 0)
(2.56781 0.558447 0)
(2.57356 0.554398 0)
(2.57792 0.549534 0)
(2.58497 0.544327 0)
(2.59579 0.533225 0)
(2.60228 0.523898 0)
(2.60525 0.518115 0)
(2.60627 0.508797 0)
(2.60647 0.494991 0)
(2.60826 0.492029 0)
(2.60735 0.494553 0)
(2.60375 0.502711 0)
)
;

boundaryField
{
    inlet
    {
        type            fixedValue;
        value           nonuniform 0();
    }
    outlet
    {
        type            inletOutlet;
        inletValue      nonuniform 0();
        value           nonuniform 0();
    }
    bottom
    {
        type            slip;
    }
    top
    {
        type            slip;
    }
    obstacle
    {
        type            slip;
    }
    defaultFaces
    {
        type            empty;
    }
    procBoundary9to5
    {
        type            processor;
        value           nonuniform List<vector> 
119
(
(3 -1.20676e-15 0)
(3 -7.82414e-16 0)
(3 -3.68177e-16 0)
(3 3.97606e-16 0)
(3 7.2128e-16 0)
(3 8.69141e-16 0)
(3 1.03407e-14 0)
(3 7.5896e-11 0)
(3 2.4349e-07 0)
(2.99997 8.96667e-05 0)
(2.99636 0.00886974 0)
(2.9293 0.121389 0)
(2.53498 0.569348 0)
(2.17922 0.863968 0)
(2.04955 0.983337 0)
(2.03263 0.985922 0)
(2.04417 0.965146 0)
(2.07815 0.92456 0)
(2.11386 0.890754 0)
(2.12701 0.876454 0)
(2.12852 0.876507 0)
(2.11974 0.890526 0)
(2.11888 0.895469 0)
(2.13657 0.88766 0)
(2.15357 0.878171 0)
(2.16743 0.86879 0)
(2.18554 0.851414 0)
(2.2068 0.828124 0)
(2.22132 0.805924 0)
(2.2286 0.793476 0)
(2.22687 0.798921 0)
(2.21756 0.816131 0)
(2.21529 0.818069 0)
(2.22715 0.797153 0)
(2.25498 0.772234 0)
(2.27785 0.738663 0)
(2.28984 0.726896 0)
(2.29308 0.736506 0)
(2.29568 0.739612 0)
(2.311 0.727799 0)
(2.32437 0.708692 0)
(2.32813 0.696547 0)
(2.3243 0.699616 0)
(2.32289 0.69749 0)
(2.33872 0.678815 0)
(2.36431 0.655427 0)
(2.37873 0.635058 0)
(2.38332 0.629206 0)
(2.3784 0.63991 0)
(2.37379 0.641563 0)
(2.39064 0.628724 0)
(2.41056 0.604761 0)
(2.42175 0.586604 0)
(2.42568 0.590092 0)
(2.42388 0.592723 0)
(2.43484 0.577427 0)
(2.45019 0.553628 0)
(2.45713 0.536642 0)
(2.4585 0.538949 0)
(2.45337 0.546376 0)
(2.45709 0.538612 0)
(2.47554 0.520857 0)
(2.48743 0.49985 0)
(2.49452 0.49488 0)
(2.49438 0.499959 0)
(2.4997 0.492077 0)
(2.51371 0.472903 0)
(2.52045 0.453528 0)
(2.52305 0.45083 0)
(2.52035 0.456397 0)
(2.52227 0.449419 0)
(2.53751 0.432593 0)
(2.5467 0.415359 0)
(2.55293 0.412417 0)
(2.55435 0.415226 0)
(2.56212 0.4068 0)
(2.57256 0.388901 0)
(2.57664 0.372612 0)
(2.57837 0.373705 0)
(2.57598 0.378508 0)
(2.58413 0.364836 0)
(2.59307 0.347344 0)
(2.59351 0.347998 0)
(2.56309 0.388324 0)
(3 -4.86797e-15 0)
(3 -3.21639e-15 0)
(3 -2.53133e-15 0)
(3 -2.03087e-15 0)
(3 -2.03087e-15 0)
(2.31965 0.616556 0)
(2.03374 0.818943 0)
(1.92295 0.874282 0)
(1.91815 0.872314 0)
(1.92234 0.865107 0)
(1.92927 0.86102 0)
(1.93899 0.850911 0)
(1.953 0.834275 0)
(1.96166 0.826545 0)
(1.96642 0.825195 0)
(1.97725 0.815191 0)
(1.99145 0.794879 0)
(1.99703 0.780836 0)
(1.9951 0.780227 0)
(1.99526 0.773624 0)
(2.01046 0.755905 0)
(2.02906 0.737205 0)
(2.03954 0.733292 0)
(2.04412 0.736216 0)
(2.05493 0.730751 0)
(2.07147 0.718636 0)
(2.08493 0.703248 0)
(2.09155 0.684913 0)
(2.09261 0.670995 0)
(2.09335 0.663105 0)
(2.10045 0.650631 0)
(2.11938 0.638357 0)
(2.13513 0.627792 0)
(2.14705 0.624473 0)
(2.15681 0.623371 0)
)
;
    }
    procBoundary9to6
    {
        type            processor;
        value           nonuniform List<vector> 6((2.1739 0.628781 0) (2.178 0.637969 0) (2.17714 0.645181 0) (2.16915 0.645406 0) (2.16026 0.641991 0) (2.1604 0.646574 0));
    }
    procBoundary9to8
    {
        type            processor;
        value           nonuniform List<vector> 
29
(
(3 -2.22823e-15 0)
(3 -8.96248e-16 0)
(3 -1.19194e-15 0)
(3 -8.87172e-16 0)
(3 1.21028e-15 0)
(3 1.80093e-15 0)
(3 5.70905e-16 0)
(3 8.71086e-16 0)
(3 1.03672e-15 0)
(3 1.23572e-15 0)
(3 1.60685e-15 0)
(3 1.748e-15 0)
(3 8.79682e-16 0)
(3 2.64491e-16 0)
(3 -4.2898e-17 0)
(3 -3.02281e-17 0)
(3 1.21867e-16 0)
(3 6.09545e-16 0)
(3 9.66039e-16 0)
(3 1.5801e-15 0)
(3 -2.76753e-16 0)
(3 -1.06255e-15 0)
(3 1.90973e-16 0)
(3 -3.6626e-16 0)
(3 -2.93689e-16 0)
(3 -5.29534e-16 0)
(3 -6.15861e-16 0)
(3 -1.24916e-15 0)
(3 -2.68378e-15 0)
)
;
    }
    procBoundary9to10
    {
        type            processor;
        value           nonuniform List<vector> 
29
(
(2.16738 0.659952 0)
(2.17535 0.672548 0)
(2.18292 0.687495 0)
(2.18805 0.705681 0)
(2.18934 0.72617 0)
(2.18751 0.747915 0)
(2.1866 0.768129 0)
(2.18948 0.782027 0)
(2.19105 0.783453 0)
(2.18877 0.771285 0)
(2.19004 0.755004 0)
(2.19332 0.746257 0)
(2.19242 0.752928 0)
(2.18796 0.775464 0)
(2.17876 0.807665 0)
(2.17592 0.827003 0)
(2.18126 0.831134 0)
(2.19286 0.828371 0)
(2.20088 0.825851 0)
(2.20042 0.828147 0)
(2.19871 0.839847 0)
(2.1824 0.866378 0)
(2.16115 0.896694 0)
(2.15895 0.912692 0)
(2.16891 0.919046 0)
(2.20659 0.909591 0)
(2.29585 0.842308 0)
(2.43775 0.69946 0)
(2.5623 0.555543 0)
)
;
    }
    procBoundary9to12
    {
        type            processor;
        value           nonuniform List<vector> 6((3 -1.49199e-15 0) (3 8.18126e-17 0) (3 -1.06276e-15 0) (3 -1.00263e-15 0) (3 -1.4454e-15 0) (3 2.38986e-16 0));
    }
    procBoundary9to13
    {
        type            processor;
        value           nonuniform List<vector> 
119
(
(3 -1.9462e-16 0)
(3 -8.30172e-16 0)
(3 -1.46182e-15 0)
(3 -1.05654e-15 0)
(3 -5.32178e-16 0)
(3 -1.46452e-16 0)
(3 -5.48995e-16 0)
(3 -7.236e-16 0)
(3 -1.28176e-15 0)
(3 -1.19013e-15 0)
(3 -1.29859e-15 0)
(3 -6.18703e-16 0)
(3 -4.10946e-16 0)
(3 7.40677e-17 0)
(3 -1.38331e-17 0)
(3 -1.55472e-15 0)
(3 -2.46434e-15 0)
(3 -2.95056e-15 0)
(3 -2.49872e-15 0)
(3 -1.87736e-15 0)
(3 -1.74759e-15 0)
(3 -1.88749e-15 0)
(3 -2.30745e-15 0)
(3 -2.01879e-15 0)
(3 -1.7747e-15 0)
(3 -1.43538e-15 0)
(3 -6.01307e-16 0)
(3 -3.26335e-16 0)
(3 -8.60798e-16 0)
(3 -1.28928e-15 0)
(3 -9.9961e-16 0)
(3 -1.03068e-15 0)
(3 -1.03673e-15 0)
(3 -9.66845e-16 0)
(3 -2.31302e-16 0)
(3 3.46858e-16 0)
(3 1.37862e-15 0)
(3 1.64326e-15 0)
(3 1.35053e-15 0)
(3 8.86326e-16 0)
(3 8.51734e-16 0)
(3 7.47238e-16 0)
(3 1.22412e-15 0)
(3 2.11563e-15 0)
(3 2.55546e-15 0)
(3 2.08718e-15 0)
(3 1.9803e-15 0)
(3 8.7195e-15 0)
(3 1.4117e-11 0)
(3 1.00306e-08 0)
(3 2.26188e-06 0)
(2.99995 0.00015223 0)
(2.99839 0.00366312 0)
(2.97247 0.0492865 0)
(2.8196 0.270251 0)
(2.4803 0.648926 0)
(2.32567 0.938781 0)
(2.29426 0.905785 0)
(2.32681 0.832794 0)
(2.34331 0.799785 0)
(2.35779 0.801368 0)
(2.35585 0.83673 0)
(2.32937 0.866106 0)
(2.31597 0.860784 0)
(2.32409 0.845064 0)
(2.34599 0.822685 0)
(2.3606 0.796945 0)
(2.37013 0.788753 0)
(2.37507 0.794888 0)
(2.37696 0.79721 0)
(2.38157 0.78663 0)
(2.3939 0.773079 0)
(2.39982 0.75775 0)
(2.4073 0.755772 0)
(2.41294 0.761002 0)
(2.41582 0.766488 0)
(2.42302 0.761879 0)
(2.43378 0.742498 0)
(2.44139 0.722906 0)
(2.44542 0.708408 0)
(2.44756 0.70112 0)
(2.44979 0.703114 0)
(2.45326 0.706704 0)
(2.45854 0.706133 0)
(2.46678 0.697638 0)
(2.47517 0.682441 0)
(3 1.95632e-15 0)
(3 -1.9462e-16 0)
(3 1.63401e-15 0)
(2.48203 0.672381 0)
(2.4873 0.668214 0)
(2.49182 0.661997 0)
(2.49919 0.654689 0)
(2.50678 0.651252 0)
(2.51522 0.644189 0)
(2.52183 0.635841 0)
(2.52644 0.629057 0)
(2.52478 0.625866 0)
(2.51979 0.622066 0)
(2.52318 0.613618 0)
(2.53473 0.606594 0)
(2.54571 0.597144 0)
(2.55267 0.586615 0)
(2.55557 0.58102 0)
(2.55499 0.576467 0)
(2.55336 0.568697 0)
(2.55937 0.565909 0)
(2.56535 0.565848 0)
(2.5717 0.562312 0)
(2.57591 0.558478 0)
(2.58301 0.553156 0)
(2.59308 0.541165 0)
(2.59711 0.533269 0)
(2.5987 0.524284 0)
(2.59863 0.51479 0)
(2.6006 0.505779 0)
(2.60509 0.501491 0)
(2.61011 0.501427 0)
(2.60936 0.502953 0)
)
;
    }
}


// ************************************************************************* //
