/*--------------------------------*- C++ -*----------------------------------*\
  =========                 |
  \\      /  F ield         | OpenFOAM: The Open Source CFD Toolbox
   \\    /   O peration     | Website:  https://openfoam.org
    \\  /    A nd           | Version:  7
     \\/     M anipulation  |
\*---------------------------------------------------------------------------*/
FoamFile
{
    version     2.0;
    format      ascii;
    class       volVectorField;
    location    "2";
    object      U;
}
// * * * * * * * * * * * * * * * * * * * * * * * * * * * * * * * * * * * * * //

dimensions      [0 1 -1 0 0 0 0];

internalField   nonuniform List<vector> 
4128
(
(3 -4.39213e-18 0)
(3 -1.73048e-17 0)
(3 -1.35527e-17 0)
(3 -1.11166e-16 0)
(3 -1.30637e-16 0)
(3 -1.31769e-16 0)
(3 1.08646e-16 0)
(3 2.1136e-16 0)
(3 4.7565e-16 0)
(3 6.4384e-16 0)
(3 2.24193e-16 0)
(3 -1.89382e-16 0)
(3 -1.17891e-15 0)
(3 -1.56794e-15 0)
(3 -8.01601e-16 0)
(3 -3.98094e-16 0)
(3 2.97913e-16 0)
(3 1.66975e-16 0)
(3 6.45465e-17 0)
(3 -1.1049e-16 0)
(3 -1.94742e-16 0)
(3 -1.10512e-15 0)
(3 -1.3306e-15 0)
(3 -1.09549e-15 0)
(3 -8.37729e-16 0)
(3 -9.34983e-16 0)
(3 -4.74085e-16 0)
(3 9.79414e-16 0)
(3 1.3721e-15 0)
(3 1.2997e-15 0)
(3 1.64204e-15 0)
(3 1.39756e-15 0)
(3 9.04352e-16 0)
(3 6.00444e-16 0)
(3 2.65243e-16 0)
(2.91 0.00315562 0)
(0.993179 0.0165963 0)
(0.70864 0.0194695 0)
(0.656111 0.0240382 0)
(0.595687 0.0255387 0)
(0.535955 0.0268328 0)
(0.474287 0.0282633 0)
(0.410592 0.0299334 0)
(0.344177 0.0318534 0)
(0.274847 0.0337369 0)
(0.201974 0.0361061 0)
(0.124868 0.0378649 0)
(0.0456761 0.0417498 0)
(3 6.52696e-17 0)
(3 -5.63047e-17 0)
(3 -2.64963e-16 0)
(3 -7.70384e-17 0)
(3 -2.38943e-16 0)
(3 -5.358e-16 0)
(3 -2.79326e-16 0)
(3 3.69725e-17 0)
(3 7.04547e-16 0)
(3 1.16439e-15 0)
(3 1.10081e-15 0)
(3 3.41028e-16 0)
(3 -1.18035e-15 0)
(3 -1.87271e-15 0)
(3 -1.88512e-15 0)
(3 -1.34146e-15 0)
(3 -6.13269e-16 0)
(3 2.2282e-16 0)
(3 4.02501e-17 0)
(3 -7.40107e-16 0)
(3 -5.47776e-16 0)
(3 -3.16651e-16 0)
(3 -4.94519e-16 0)
(3 -8.28922e-16 0)
(3 -9.92781e-16 0)
(3 -2.04042e-15 0)
(3 -1.45447e-15 0)
(3 7.57744e-16 0)
(3 2.04105e-15 0)
(3 2.45687e-15 0)
(3 2.98328e-15 0)
(3 2.94462e-15 0)
(3 1.86498e-15 0)
(3 1.0834e-15 0)
(3 -4.14658e-16 0)
(2.92096 0.0206967 0)
(1.0011 0.0760498 0)
(0.696476 0.0676604 0)
(0.641996 0.0718395 0)
(0.582854 0.0765461 0)
(0.523546 0.0811646 0)
(0.461848 0.0861258 0)
(0.397831 0.0915124 0)
(0.331214 0.0975007 0)
(0.262194 0.103159 0)
(0.190817 0.110351 0)
(0.116307 0.115707 0)
(0.0420444 0.126008 0)
(3 1.41589e-16 0)
(3 -1.40905e-19 0)
(3 -2.78979e-16 0)
(3 -1.93647e-16 0)
(3 -2.76008e-16 0)
(3 -4.53161e-16 0)
(3 -6.98179e-16 0)
(3 -2.52206e-16 0)
(3 2.20044e-16 0)
(3 5.87412e-16 0)
(3 6.87585e-16 0)
(3 7.57234e-16 0)
(3 1.44227e-16 0)
(3 -7.25346e-16 0)
(3 -9.30019e-16 0)
(3 -4.89285e-16 0)
(3 -1.47236e-16 0)
(3 6.3911e-16 0)
(3 1.18379e-15 0)
(3 9.53638e-16 0)
(3 6.24635e-16 0)
(3 -1.34554e-16 0)
(3 -7.28546e-16 0)
(3 -5.27057e-16 0)
(3 -1.08979e-15 0)
(3 -1.59859e-15 0)
(3 -1.63952e-15 0)
(3 -1.01388e-15 0)
(3 8.96036e-16 0)
(3 2.55322e-15 0)
(3 2.41419e-15 0)
(3 1.29235e-15 0)
(3 -1.75632e-15 0)
(3 -1.98892e-15 0)
(3 -1.78452e-15 0)
(2.96427 0.0322526 0)
(1.04049 0.138521 0)
(0.713188 0.116193 0)
(0.65824 0.122768 0)
(0.597267 0.130602 0)
(0.536141 0.138517 0)
(0.472871 0.147042 0)
(0.407207 0.156058 0)
(0.338713 0.165754 0)
(0.267273 0.174213 0)
(0.193499 0.184609 0)
(0.116562 0.191554 0)
(0.0414884 0.205062 0)
(3 -9.7118e-17 0)
(3 1.49077e-17 0)
(3 1.77374e-16 0)
(3 1.79805e-16 0)
(3 4.16169e-16 0)
(3 4.57441e-16 0)
(3 2.31257e-16 0)
(3 4.43351e-16 0)
(3 2.49808e-16 0)
(3 -4.44608e-16 0)
(3 -5.39449e-16 0)
(3 -4.95492e-16 0)
(3 -1.19524e-17 0)
(3 -2.54196e-16 0)
(3 -5.26417e-17 0)
(3 6.88925e-16 0)
(3 6.65166e-16 0)
(3 -1.23368e-16 0)
(3 -1.95017e-16 0)
(3 8.39288e-17 0)
(3 1.30158e-16 0)
(3 -4.29671e-16 0)
(3 -1.81188e-16 0)
(3 3.73627e-16 0)
(3 -4.18701e-17 0)
(3 -1.2038e-16 0)
(3 -5.74129e-17 0)
(3 2.08481e-16 0)
(3 1.27247e-15 0)
(3 1.43271e-15 0)
(3 1.24825e-15 0)
(3 -6.953e-16 0)
(3 -2.08727e-15 0)
(3 -2.01891e-15 0)
(3 -1.27282e-15 0)
(3.0066 0.00495527 0)
(1.11775 0.182768 0)
(0.742698 0.154457 0)
(0.690531 0.168055 0)
(0.631589 0.180075 0)
(0.570958 0.19162 0)
(0.507777 0.204473 0)
(0.441075 0.218547 0)
(0.369916 0.234408 0)
(0.293483 0.248482 0)
(0.213536 0.264206 0)
(0.129014 0.274156 0)
(0.0452665 0.28965 0)
(3 -5.39086e-18 0)
(3 -2.31822e-17 0)
(3 -7.32608e-17 0)
(3 -4.08438e-17 0)
(3 4.06607e-16 0)
(3 2.95234e-16 0)
(3 4.27918e-16 0)
(3 2.94347e-16 0)
(3 1.32188e-16 0)
(3 -1.80227e-16 0)
(3 -9.02621e-16 0)
(3 -1.19443e-15 0)
(3 -7.72161e-18 0)
(3 -1.69688e-16 0)
(3 1.32699e-17 0)
(3 -2.11252e-16 0)
(3 -6.30193e-16 0)
(3 -1.34617e-15 0)
(3 -1.04912e-15 0)
(3 -2.91293e-16 0)
(3 5.9461e-17 0)
(3 3.71167e-16 0)
(3 4.20098e-16 0)
(3 4.83452e-19 0)
(3 -5.47476e-16 0)
(3 -9.80003e-16 0)
(3 -6.12002e-16 0)
(3 2.99621e-16 0)
(3 1.96973e-16 0)
(3 1.54206e-16 0)
(3 4.56369e-18 0)
(3 -1.51531e-17 0)
(3 5.08066e-16 0)
(3 -4.47755e-16 0)
(3 -1.41656e-15 0)
(3.0004 2.07186e-05 0)
(1.23221 0.226453 0)
(0.749954 0.198927 0)
(0.69354 0.218122 0)
(0.63837 0.234572 0)
(0.580908 0.249585 0)
(0.521661 0.267021 0)
(0.459116 0.286544 0)
(0.392659 0.308968 0)
(0.319612 0.328541 0)
(0.240666 0.349808 0)
(0.150252 0.366232 0)
(0.055544 0.388373 0)
(3 8.55105e-17 0)
(3 -1.31092e-16 0)
(3 -1.86311e-16 0)
(3 -3.48016e-16 0)
(3 -2.2542e-16 0)
(3 2.05957e-17 0)
(3 3.33496e-16 0)
(3 3.0519e-17 0)
(3 -7.62135e-16 0)
(3 -8.38471e-16 0)
(3 -7.18806e-16 0)
(3 -6.66366e-16 0)
(3 -1.16195e-15 0)
(3 -8.2658e-16 0)
(3 -4.23486e-16 0)
(3 -4.75823e-16 0)
(3 -4.7849e-16 0)
(3 -5.38392e-16 0)
(3 -9.15154e-16 0)
(3 2.024e-16 0)
(3 5.904e-16 0)
(3 1.5928e-16 0)
(3 -7.40177e-16 0)
(3 -1.1555e-15 0)
(3 -1.05523e-15 0)
(3 -1.58936e-15 0)
(3 -6.43438e-16 0)
(3 1.64337e-16 0)
(3 -4.04342e-16 0)
(3 4.11188e-16 0)
(3 7.51618e-16 0)
(3 1.60344e-15 0)
(3 7.55375e-16 0)
(3 1.72368e-16 0)
(3 -1.03626e-15 0)
(3 -7.49742e-08 0)
(1.41855 0.276612 0)
(0.766721 0.248917 0)
(0.694739 0.262799 0)
(0.645431 0.281253 0)
(0.595302 0.298772 0)
(0.545365 0.319949 0)
(0.491328 0.344581 0)
(0.431195 0.375455 0)
(0.358145 0.407536 0)
(0.272104 0.444384 0)
(0.170533 0.478275 0)
(0.057159 0.509497 0)
(3 -5.36157e-17 0)
(3 -1.37344e-17 0)
(3 -1.29949e-16 0)
(3 -4.68633e-16 0)
(3 -3.25501e-16 0)
(3 -2.38729e-16 0)
(3 -5.59668e-16 0)
(3 -1.0833e-15 0)
(3 -1.71488e-15 0)
(3 -1.56101e-15 0)
(3 -1.18528e-15 0)
(3 -9.22707e-16 0)
(3 -1.16005e-15 0)
(3 -8.68936e-16 0)
(3 -1.15343e-15 0)
(3 -1.55128e-15 0)
(3 -1.38542e-15 0)
(3 -1.21382e-15 0)
(3 -1.05913e-15 0)
(3 -2.6985e-16 0)
(3 6.99078e-16 0)
(3 8.08035e-16 0)
(3 4.42996e-16 0)
(3 -1.71731e-16 0)
(3 -4.84558e-16 0)
(3 -6.67614e-16 0)
(3 -9.30171e-17 0)
(3 -8.19624e-16 0)
(3 -2.79615e-16 0)
(3 9.77139e-16 0)
(3 1.30585e-15 0)
(3 1.45935e-15 0)
(3 1.00769e-15 0)
(3 -5.1477e-16 0)
(3 -1.11233e-15 0)
(3 -6.61937e-08 0)
(1.69917 0.327999 0)
(0.798303 0.314516 0)
(0.696056 0.311094 0)
(0.644708 0.3263 0)
(0.596365 0.343944 0)
(0.55262 0.36893 0)
(0.506959 0.40078 0)
(0.458624 0.443314 0)
(0.399641 0.492014 0)
(0.329537 0.543823 0)
(0.237459 0.594743 0)
(0.103017 0.654986 0)
(3 -2.89421e-16 0)
(3 -2.47236e-16 0)
(3 -3.36983e-16 0)
(3 -3.25385e-16 0)
(3 -5.24105e-16 0)
(3 -6.82282e-16 0)
(3 -1.05426e-15 0)
(3 -1.47083e-15 0)
(3 -1.02539e-15 0)
(3 -1.10727e-15 0)
(3 -1.61769e-15 0)
(3 -1.38023e-15 0)
(3 -1.00774e-15 0)
(3 -1.31951e-15 0)
(3 -1.77642e-15 0)
(3 -2.84867e-15 0)
(3 -2.33177e-15 0)
(3 -1.20667e-15 0)
(3 1.19649e-16 0)
(3 1.39915e-15 0)
(3 2.00868e-15 0)
(3 1.84891e-15 0)
(3 1.44889e-15 0)
(3 1.00848e-15 0)
(3 4.74431e-16 0)
(3 6.80952e-16 0)
(3 3.84921e-16 0)
(3 1.80987e-16 0)
(3 1.40254e-16 0)
(3 -9.71272e-17 0)
(3 -9.32492e-17 0)
(3 -6.21105e-16 0)
(3 -6.36069e-16 0)
(3 -7.49335e-16 0)
(3 -6.5948e-16 0)
(3 -1.33547e-08 0)
(2.11217 0.365671 0)
(0.858379 0.40017 0)
(0.720059 0.372357 0)
(0.669385 0.380896 0)
(0.62117 0.393459 0)
(0.578912 0.416213 0)
(0.538939 0.450499 0)
(0.50057 0.498775 0)
(0.457489 0.55933 0)
(0.396343 0.641206 0)
(0.276687 0.756846 0)
(0.152269 0.920717 0)
(3 -1.87069e-16 0)
(3 -4.6153e-16 0)
(3 -5.32956e-16 0)
(3 -2.04369e-16 0)
(3 -3.64504e-16 0)
(3 -5.1238e-16 0)
(3 -7.19587e-16 0)
(3 -6.03589e-16 0)
(3 -4.21914e-16 0)
(3 -8.24913e-16 0)
(3 -1.27661e-15 0)
(3 -1.41754e-15 0)
(3 -9.52799e-16 0)
(3 -5.55812e-16 0)
(3 -6.38288e-16 0)
(3 -1.29938e-15 0)
(3 -1.89643e-15 0)
(3 -3.4591e-16 0)
(3 2.3165e-16 0)
(3 9.33764e-16 0)
(3 1.29599e-15 0)
(3 1.82431e-15 0)
(3 1.68612e-15 0)
(3 1.17892e-15 0)
(3 1.48432e-15 0)
(3 1.88526e-15 0)
(3 1.03484e-15 0)
(3 8.24739e-16 0)
(3 6.35175e-16 0)
(3 5.0008e-16 0)
(3 4.21716e-16 0)
(3 -1.76439e-16 0)
(3 2.70236e-17 0)
(3 -1.92705e-16 0)
(3 1.22224e-16 0)
(3 -1.30927e-09 0)
(2.70116 0.285477 0)
(0.99812 0.479567 0)
(0.808521 0.409422 0)
(0.755675 0.417698 0)
(0.696325 0.436228 0)
(0.643094 0.460428 0)
(0.598976 0.495505 0)
(0.561705 0.547191 0)
(0.528463 0.624337 0)
(0.496567 0.74956 0)
(0.465071 0.922072 0)
(0.577963 1.19939 0)
(3 1.37731e-16 0)
(3 3.99507e-16 0)
(3 6.26704e-16 0)
(3 5.35581e-16 0)
(3 3.68654e-16 0)
(3 -1.27276e-16 0)
(3 -7.12967e-16 0)
(3 -1.03415e-15 0)
(3 -1.26464e-15 0)
(3 -1.34564e-15 0)
(3 -7.58137e-16 0)
(3 -4.33859e-16 0)
(3 -1.29853e-16 0)
(3 -9.31855e-17 0)
(3 7.57813e-17 0)
(3 3.26773e-16 0)
(3 4.13157e-16 0)
(3 4.29751e-16 0)
(3 4.62549e-17 0)
(3 8.40455e-17 0)
(3 -3.06553e-16 0)
(3 7.1965e-16 0)
(3 1.39717e-15 0)
(3 1.59463e-15 0)
(3 1.61896e-15 0)
(3 1.51033e-15 0)
(3 1.45498e-15 0)
(3 9.25946e-16 0)
(3 6.18944e-16 0)
(3 2.44369e-16 0)
(3 -6.68821e-17 0)
(3 3.59778e-16 0)
(3 4.22272e-16 0)
(3 -2.88904e-16 0)
(3 -8.93157e-16 0)
(3 -4.69282e-11 0)
(3.07293 0.0356771 0)
(1.23263 0.470261 0)
(0.88294 0.450206 0)
(0.839615 0.479219 0)
(0.786058 0.494292 0)
(0.730912 0.514049 0)
(0.681656 0.54541 0)
(0.641293 0.595278 0)
(0.621763 0.679112 0)
(0.621764 0.814895 0)
(0.685543 0.96555 0)
(0.97226 1.13731 0)
(3 6.15656e-16 0)
(3 7.58932e-16 0)
(3 1.05388e-15 0)
(3 8.87237e-16 0)
(3 3.35552e-16 0)
(3 -7.57962e-18 0)
(3 -8.28253e-16 0)
(3 -1.06828e-15 0)
(3 -4.68085e-16 0)
(3 -1.73965e-17 0)
(3 5.14775e-16 0)
(3 8.2898e-16 0)
(3 6.83927e-16 0)
(3 5.33114e-16 0)
(3 6.85376e-16 0)
(3 9.80058e-16 0)
(3 2.3683e-15 0)
(3 2.19942e-15 0)
(3 1.26811e-15 0)
(3 -1.42218e-16 0)
(3 -5.05027e-16 0)
(3 -4.60037e-16 0)
(3 1.76998e-15 0)
(3 2.34294e-15 0)
(3 1.9901e-15 0)
(3 1.38387e-15 0)
(3 1.423e-15 0)
(3 1.55184e-15 0)
(3 1.14468e-15 0)
(3 3.54227e-16 0)
(3 1.90044e-16 0)
(3 4.89192e-16 0)
(3 6.01933e-16 0)
(3 -7.15927e-16 0)
(3 -1.7874e-15 0)
(3 -8.02666e-13 0)
(3.00687 5.02592e-05 0)
(1.45912 0.463272 0)
(0.881771 0.514601 0)
(0.835495 0.534497 0)
(0.802009 0.554675 0)
(0.77434 0.578584 0)
(0.745991 0.608841 0)
(0.719824 0.649876 0)
(0.720825 0.721649 0)
(0.748426 0.835512 0)
(0.870775 0.960839 0)
(1.18158 1.0638 0)
(3 -5.46122e-17 0)
(3 1.02071e-16 0)
(3 1.17738e-16 0)
(3 1.11984e-16 0)
(3 -3.48964e-16 0)
(3 -4.40176e-16 0)
(3 -6.97611e-16 0)
(3 -1.25971e-16 0)
(3 2.43493e-16 0)
(3 4.77366e-16 0)
(3 7.59224e-16 0)
(3 8.85881e-16 0)
(3 8.76629e-16 0)
(3 1.64222e-15 0)
(3 2.26112e-15 0)
(3 2.53816e-15 0)
(3 2.21344e-15 0)
(3 1.64769e-15 0)
(3 3.32364e-16 0)
(3 -2.41486e-17 0)
(3 1.64201e-16 0)
(3 9.86423e-17 0)
(3 1.16267e-15 0)
(3 1.23812e-15 0)
(3 1.19061e-15 0)
(3 8.80768e-16 0)
(3 1.92676e-16 0)
(3 1.50857e-16 0)
(3 -2.58084e-16 0)
(3 -7.623e-16 0)
(3 -8.50999e-17 0)
(3 -3.5365e-16 0)
(3 -4.97361e-16 0)
(3 -1.53418e-15 0)
(3 -6.55319e-16 0)
(3 -6.29777e-15 0)
(3.00004 -1.80343e-06 0)
(1.98829 0.493222 0)
(0.932619 0.580753 0)
(0.854227 0.561249 0)
(0.837336 0.584269 0)
(0.824122 0.611295 0)
(0.813569 0.645892 0)
(0.804258 0.683802 0)
(0.817113 0.745416 0)
(0.865804 0.835142 0)
(1.0091 0.937683 0)
(1.27964 1.00318 0)
(3 -3.53762e-16 0)
(3 -4.97866e-16 0)
(3 -5.24089e-16 0)
(3 -2.58429e-16 0)
(3 -4.13987e-17 0)
(3 5.77384e-16 0)
(3 1.17203e-15 0)
(3 7.50216e-16 0)
(3 -1.83715e-16 0)
(3 -2.92834e-16 0)
(3 1.45506e-16 0)
(3 3.48952e-16 0)
(3 -2.19533e-16 0)
(3 6.0352e-16 0)
(3 1.66839e-15 0)
(3 2.17261e-15 0)
(3 1.67382e-15 0)
(3 2.89287e-16 0)
(3 -3.49009e-18 0)
(3 -3.2151e-16 0)
(3 5.65422e-16 0)
(3 8.2935e-16 0)
(3 1.2907e-16 0)
(3 -3.57998e-18 0)
(3 -6.31148e-16 0)
(3 -1.60841e-15 0)
(3 -1.67556e-15 0)
(3 -1.53003e-15 0)
(3 -2.84689e-16 0)
(3 -6.95668e-17 0)
(3 -2.96216e-16 0)
(3 -8.28754e-16 0)
(3 -1.55044e-15 0)
(3 -1.73655e-15 0)
(3 -3.36933e-16 0)
(3 1.48749e-15 0)
(3 -2.14487e-06 0)
(2.79739 0.296305 0)
(1.10981 0.633235 0)
(0.926461 0.576794 0)
(0.899533 0.601049 0)
(0.88277 0.63285 0)
(0.87828 0.672203 0)
(0.883274 0.71321 0)
(0.904865 0.76548 0)
(0.967641 0.8323 0)
(1.10487 0.903344 0)
(1.32107 0.943556 0)
(3 3.93537e-17 0)
(3 -3.0759e-16 0)
(3 -4.49011e-16 0)
(3 -4.06448e-17 0)
(3 6.68083e-16 0)
(3 2.19934e-15 0)
(3 2.21318e-15 0)
(3 1.0991e-15 0)
(3 -1.78796e-16 0)
(3 1.71537e-18 0)
(3 -2.41279e-16 0)
(3 -2.26702e-16 0)
(3 -6.68033e-16 0)
(3 -8.847e-16 0)
(3 -7.83362e-16 0)
(3 -5.16689e-16 0)
(3 6.06751e-16 0)
(3 2.56416e-16 0)
(3 5.16955e-16 0)
(3 8.37049e-16 0)
(3 1.19302e-15 0)
(3 1.16153e-15 0)
(3 5.42697e-16 0)
(3 4.43584e-16 0)
(3 4.56739e-16 0)
(3 7.79707e-16 0)
(3 8.69242e-16 0)
(3 6.50728e-16 0)
(3 4.98746e-16 0)
(3 4.49875e-16 0)
(3 -2.70028e-16 0)
(3 -7.66465e-17 0)
(3 -3.10238e-16 0)
(3 -2.7728e-17 0)
(3 3.04797e-16 0)
(3 6.25578e-16 0)
(3 -4.44264e-07 0)
(3.06983 0.020847 0)
(1.44312 0.624352 0)
(0.998321 0.654398 0)
(0.949499 0.654089 0)
(0.927321 0.671352 0)
(0.928621 0.700529 0)
(0.946795 0.737124 0)
(0.981469 0.779197 0)
(1.05315 0.829889 0)
(1.17757 0.879936 0)
(1.34866 0.906425 0)
(3 4.94404e-17 0)
(3 -6.64909e-17 0)
(3 2.34651e-16 0)
(3 7.91034e-16 0)
(3 1.60374e-15 0)
(3 9.97392e-16 0)
(3 9.99844e-16 0)
(3 1.03571e-15 0)
(3 5.60577e-16 0)
(3 4.15213e-16 0)
(3 7.44098e-16 0)
(3 2.07286e-16 0)
(3 3.92642e-16 0)
(3 -3.0837e-16 0)
(3 -7.2433e-16 0)
(3 -4.85616e-16 0)
(3 -1.69031e-16 0)
(3 3.44837e-16 0)
(3 8.13331e-16 0)
(3 1.84659e-15 0)
(3 1.76486e-15 0)
(3 2.09535e-15 0)
(3 1.75287e-15 0)
(3 1.18773e-15 0)
(3 7.97278e-16 0)
(3 1.48759e-15 0)
(3 1.62533e-15 0)
(3 1.40464e-15 0)
(3 -6.51939e-17 0)
(3 -4.01807e-16 0)
(3 4.74141e-18 0)
(3 7.88295e-16 0)
(3 1.49223e-15 0)
(3 1.43217e-15 0)
(3 3.20441e-16 0)
(3 -1.96102e-16 0)
(3 -4.38716e-08 0)
(3.0032 4.84948e-05 0)
(2.02132 0.59625 0)
(1.06143 0.723985 0)
(1.00877 0.698774 0)
(0.994368 0.696708 0)
(0.993644 0.714932 0)
(1.0117 0.744797 0)
(1.05194 0.782414 0)
(1.12324 0.820933 0)
(1.2298 0.853621 0)
(1.36404 0.869154 0)
(3 1.89619e-16 0)
(3 2.05903e-16 0)
(3 2.36181e-16 0)
(3 3.74658e-16 0)
(3 3.14636e-16 0)
(3 -3.82662e-16 0)
(3 -1.35693e-17 0)
(3 8.7444e-16 0)
(3 1.96728e-15 0)
(3 1.11391e-15 0)
(3 4.47504e-16 0)
(3 2.44177e-16 0)
(3 -1.70562e-16 0)
(3 1.12612e-16 0)
(3 4.27983e-16 0)
(3 2.82537e-16 0)
(3 1.96573e-16 0)
(3 3.74679e-16 0)
(3 1.30496e-15 0)
(3 2.46581e-15 0)
(3 2.17385e-15 0)
(3 1.17895e-15 0)
(3 5.4975e-16 0)
(3 2.54218e-16 0)
(3 1.08947e-15 0)
(3 1.01637e-15 0)
(3 1.27035e-15 0)
(3 1.01501e-15 0)
(3 3.42817e-16 0)
(3 1.25971e-16 0)
(3 5.64231e-16 0)
(3 1.53548e-15 0)
(3 2.48259e-15 0)
(3 2.27891e-15 0)
(3 1.12382e-15 0)
(3 3.11244e-16 0)
(3 -1.32735e-09 0)
(3.00001 -2.54799e-07 0)
(2.96297 0.2037 0)
(1.2921 0.693877 0)
(1.08229 0.716057 0)
(1.08593 0.719241 0)
(1.08159 0.739901 0)
(1.08878 0.765395 0)
(1.12047 0.792716 0)
(1.18345 0.823381 0)
(1.27294 0.8457 0)
(1.38393 0.853861 0)
(3 -1.4581e-17 0)
(3 2.90842e-17 0)
(3 -8.6765e-17 0)
(3 5.85262e-18 0)
(3 -1.63416e-15 0)
(3 -1.55985e-15 0)
(3 -1.09915e-15 0)
(3 -4.37695e-16 0)
(3 1.11054e-16 0)
(3 2.50677e-16 0)
(3 -4.22459e-16 0)
(3 -8.65505e-16 0)
(3 -7.84191e-16 0)
(3 -3.80191e-16 0)
(3 3.93006e-17 0)
(3 8.99201e-17 0)
(3 6.3921e-16 0)
(3 8.18047e-16 0)
(3 1.09364e-15 0)
(3 1.34284e-15 0)
(3 6.91153e-16 0)
(3 -3.79799e-16 0)
(3 -5.06581e-16 0)
(3 2.59773e-16 0)
(3 9.78113e-16 0)
(3 7.32438e-16 0)
(3 7.35949e-16 0)
(3 2.01992e-16 0)
(3 -1.83205e-17 0)
(3 3.22977e-16 0)
(3 1.89762e-15 0)
(3 2.09468e-15 0)
(3 2.18863e-15 0)
(3 1.99061e-15 0)
(3 1.12469e-15 0)
(3 3.12398e-16 0)
(3 -2.77407e-12 0)
(3 -4.9797e-07 0)
(3.03772 0.00498371 0)
(1.5873 0.657851 0)
(1.09975 0.757235 0)
(1.1089 0.764462 0)
(1.11571 0.782059 0)
(1.13932 0.795561 0)
(1.17593 0.808298 0)
(1.23293 0.821567 0)
(1.30837 0.833328 0)
(1.40421 0.835749 0)
(3 -2.58584e-16 0)
(3 9.74543e-17 0)
(3 5.08447e-16 0)
(3 -1.34591e-16 0)
(3 -4.96675e-16 0)
(3 -4.76305e-16 0)
(3 -1.80658e-16 0)
(3 -4.17618e-16 0)
(3 -9.36672e-16 0)
(3 -6.22793e-16 0)
(3 -4.44415e-17 0)
(3 2.81989e-16 0)
(3 4.01317e-16 0)
(3 -1.51471e-17 0)
(3 -4.94581e-17 0)
(3 -4.68788e-17 0)
(3 1.09961e-16 0)
(3 6.1041e-16 0)
(3 4.96385e-16 0)
(3 -2.55027e-16 0)
(3 -2.93589e-16 0)
(3 1.35426e-16 0)
(3 7.72316e-16 0)
(3 7.58372e-16 0)
(3 7.17095e-17 0)
(3 1.04446e-16 0)
(3 1.35e-16 0)
(3 -3.63679e-16 0)
(3 -3.68236e-16 0)
(3 9.03799e-16 0)
(3 2.03907e-15 0)
(3 2.02957e-15 0)
(3 1.03373e-15 0)
(3 3.75353e-16 0)
(3 -6.97493e-16 0)
(3 6.59072e-16 0)
(3 -1.71557e-15 0)
(3 -9.3767e-08 0)
(3.00066 2.61321e-05 0)
(2.42683 0.496166 0)
(1.21259 0.788148 0)
(1.13397 0.790791 0)
(1.14819 0.794078 0)
(1.17612 0.804687 0)
(1.21655 0.817128 0)
(1.27117 0.828969 0)
(1.33977 0.83725 0)
(1.4232 0.836164 0)
(3 -1.35126e-16 0)
(3 -3.00345e-17 0)
(3 2.35913e-16 0)
(3 -2.4301e-17 0)
(3 1.95396e-16 0)
(3 -1.65446e-16 0)
(3 -4.34543e-16 0)
(3 -9.82967e-16 0)
(3 -1.24589e-15 0)
(3 -9.63313e-16 0)
(3 3.18058e-16 0)
(3 7.49344e-16 0)
(3 1.13702e-15 0)
(3 7.76391e-16 0)
(3 1.12324e-16 0)
(3 -2.37987e-16 0)
(3 -1.03311e-16 0)
(3 1.504e-16 0)
(3 -1.46561e-16 0)
(3 -4.83189e-16 0)
(3 -1.29396e-16 0)
(3 -4.76839e-17 0)
(3 8.74163e-16 0)
(3 1.09532e-15 0)
(3 1.89576e-16 0)
(3 4.15483e-16 0)
(3 8.05012e-17 0)
(3 9.14588e-17 0)
(3 3.75936e-16 0)
(3 1.10497e-15 0)
(3 1.41794e-15 0)
(3 2.16619e-15 0)
(3 2.04094e-15 0)
(3 9.38608e-16 0)
(3 7.9841e-16 0)
(3 8.8217e-16 0)
(3 2.75212e-15 0)
(3 -2.93209e-09 0)
(3.00002 -7.98532e-06 0)
(3.06069 0.0648043 0)
(1.57921 0.775155 0)
(1.1846 0.787336 0)
(1.1993 0.795446 0)
(1.22048 0.807524 0)
(1.25757 0.818045 0)
(1.30695 0.827553 0)
(1.36873 0.832716 0)
(1.44234 0.830367 0)
(3 1.10775e-16 0)
(3 5.79868e-17 0)
(3 -5.8684e-16 0)
(3 -7.52139e-16 0)
(3 -7.32158e-16 0)
(3 -1.38412e-15 0)
(3 -1.68546e-15 0)
(3 -1.48057e-15 0)
(3 -5.37965e-16 0)
(3 9.30205e-17 0)
(3 4.25626e-16 0)
(3 7.63833e-16 0)
(3 1.38149e-15 0)
(3 9.59479e-16 0)
(3 -8.17107e-17 0)
(3 -8.64782e-17 0)
(3 -1.03586e-16 0)
(3 -5.07228e-16 0)
(3 -8.13869e-16 0)
(3 -5.60071e-16 0)
(3 -5.05015e-16 0)
(3 -4.63541e-16 0)
(3 -3.25201e-16 0)
(3 1.97021e-16 0)
(3 2.17478e-16 0)
(3 -8.37084e-16 0)
(3 -6.0111e-16 0)
(3 6.49423e-16 0)
(3 9.41889e-16 0)
(3 9.72784e-16 0)
(3 7.07051e-16 0)
(3 2.86111e-16 0)
(3 3.60512e-16 0)
(3 1.45417e-15 0)
(3 1.89682e-15 0)
(3 8.21723e-16 0)
(3 1.25156e-15 0)
(3 -1.03628e-11 0)
(3 -2.00009e-06 0)
(3.0072 0.0012533 0)
(2.33766 0.616634 0)
(1.27383 0.852673 0)
(1.22558 0.837551 0)
(1.25537 0.834948 0)
(1.28784 0.83847 0)
(1.33386 0.841985 0)
(1.38942 0.842928 0)
(1.45439 0.839439 0)
(3 1.34769e-16 0)
(3 8.8547e-17 0)
(3 -4.30944e-16 0)
(3 -2.3474e-16 0)
(3 1.99644e-17 0)
(3 3.44294e-16 0)
(3 5.7892e-17 0)
(3 1.82257e-16 0)
(3 1.55169e-15 0)
(3 1.29555e-15 0)
(3 8.95715e-16 0)
(3 9.54136e-16 0)
(3 8.63268e-16 0)
(3 5.38074e-16 0)
(3 7.47228e-16 0)
(3 7.72478e-16 0)
(3 1.26954e-16 0)
(3 -1.03255e-15 0)
(3 -9.58115e-16 0)
(3 -5.20757e-16 0)
(3 -2.13591e-16 0)
(3 -5.96897e-17 0)
(3 -4.11453e-16 0)
(3 -5.78985e-16 0)
(3 -1.71118e-16 0)
(3 -3.60267e-16 0)
(3 2.42122e-16 0)
(3 9.5702e-16 0)
(3 1.10518e-15 0)
(3 9.5954e-16 0)
(3 -9.66078e-16 0)
(3 -2.08289e-15 0)
(3 -1.76994e-15 0)
(3 6.41308e-16 0)
(3 1.35127e-15 0)
(3 3.62027e-16 0)
(3 5.95476e-16 0)
(3 -5.01181e-15 0)
(3 -1.70285e-07 0)
(3.00002 7.56742e-06 0)
(3.04606 0.104616 0)
(1.65162 0.828392 0)
(1.27254 0.836848 0)
(1.30402 0.836283 0)
(1.32793 0.839204 0)
(1.36834 0.839669 0)
(1.41651 0.838847 0)
(1.47402 0.835265 0)
(3 1.47454e-17 0)
(3 -2.73376e-16 0)
(3 -1.5166e-17 0)
(3 5.75947e-16 0)
(3 1.2998e-15 0)
(3 1.3409e-15 0)
(3 1.86773e-15 0)
(3 1.57755e-15 0)
(3 1.42636e-15 0)
(3 1.14603e-15 0)
(3 1.75544e-16 0)
(3 1.70524e-16 0)
(3 -4.68381e-16 0)
(3 1.42255e-16 0)
(3 5.70072e-16 0)
(3 1.06506e-15 0)
(3 9.50261e-16 0)
(3 2.1802e-16 0)
(3 -5.53924e-16 0)
(3 -6.85432e-16 0)
(3 -4.54863e-16 0)
(3 -7.68099e-16 0)
(3 -1.4715e-15 0)
(3 -1.66939e-15 0)
(3 -1.25644e-15 0)
(3 1.18779e-15 0)
(3 1.95487e-15 0)
(3 1.25777e-15 0)
(3 4.81876e-16 0)
(3 -4.8091e-16 0)
(3 -1.27168e-15 0)
(3 -1.66118e-15 0)
(3 -1.15325e-15 0)
(3 2.83888e-16 0)
(3 1.81033e-15 0)
(3 1.52374e-15 0)
(3 7.80279e-16 0)
(3 1.10847e-15 0)
(3 -2.08727e-09 0)
(3 -1.11131e-07 0)
(3.00901 0.00320224 0)
(2.4492 0.612787 0)
(1.37289 0.893893 0)
(1.33003 0.877666 0)
(1.36074 0.868002 0)
(1.39357 0.864461 0)
(1.43548 0.858985 0)
(1.48572 0.851393 0)
(3 -1.44493e-17 0)
(3 -2.96604e-17 0)
(3 4.03946e-16 0)
(3 4.6663e-16 0)
(3 1.86159e-17 0)
(3 -9.50435e-17 0)
(3 6.29387e-16 0)
(3 1.53446e-15 0)
(3 1.23491e-15 0)
(3 1.2529e-16 0)
(3 -6.40389e-16 0)
(3 -5.06906e-16 0)
(3 -6.66223e-16 0)
(3 -4.60828e-16 0)
(3 2.5476e-16 0)
(3 8.57383e-16 0)
(3 8.88288e-16 0)
(3 1.00586e-16 0)
(3 -2.10237e-16 0)
(3 -5.08894e-16 0)
(3 -4.70284e-16 0)
(3 -8.255e-16 0)
(3 -1.572e-15 0)
(3 -1.27673e-15 0)
(3 -3.84568e-16 0)
(3 3.5451e-16 0)
(3 -3.20976e-16 0)
(3 -1.03569e-15 0)
(3 -1.78746e-15 0)
(3 -2.1251e-15 0)
(3 -2.04781e-15 0)
(3 -1.2583e-15 0)
(3 3.0754e-16 0)
(3 9.61696e-16 0)
(3 1.81809e-15 0)
(3 1.52027e-15 0)
(3 1.01157e-15 0)
(3 1.60867e-15 0)
(3 -4.82662e-12 0)
(3 -2.73203e-08 0)
(3.00004 3.47034e-05 0)
(3.04287 0.0856301 0)
(1.79497 0.826318 0)
(1.37003 0.886888 0)
(1.40836 0.879042 0)
(1.43394 0.872209 0)
(1.46885 0.861778 0)
(1.5094 0.851606 0)
(3 -2.76073e-17 0)
(3 1.42386e-16 0)
(3 1.20836e-16 0)
(3 1.33235e-17 0)
(3 -4.01209e-16 0)
(3 1.18557e-16 0)
(3 1.29107e-16 0)
(3 1.04752e-16 0)
(3 -4.61068e-17 0)
(3 -4.05827e-16 0)
(3 -2.8305e-16 0)
(3 -4.35878e-16 0)
(3 -3.95986e-16 0)
(3 -9.85698e-18 0)
(3 1.5151e-16 0)
(3 2.30892e-16 0)
(3 -9.63716e-16 0)
(3 -1.18389e-15 0)
(3 -6.77881e-16 0)
(3 -2.66174e-16 0)
(3 -3.39875e-16 0)
(3 -5.80619e-16 0)
(3 -9.25105e-16 0)
(3 -1.06433e-15 0)
(3 -8.99047e-16 0)
(3 -1.09351e-15 0)
(3 -2.2396e-15 0)
(3 -2.4747e-15 0)
(3 -2.42575e-15 0)
(3 -2.75444e-15 0)
(3 -2.39938e-15 0)
(3 -1.95031e-15 0)
(3 -1.39741e-15 0)
(3 -2.64153e-16 0)
(3 1.30069e-15 0)
(3 2.22433e-15 0)
(3 2.24424e-15 0)
(3 1.54958e-15 0)
(3 -2.33428e-15 0)
(3 -2.54172e-09 0)
(3 1.81916e-08 0)
(3.0048 0.00344763 0)
(2.65766 0.486175 0)
(1.54055 0.932422 0)
(1.42813 0.90867 0)
(1.46068 0.89903 0)
(1.49049 0.888314 0)
(1.52541 0.875205 0)
(3 4.09391e-18 0)
(3 7.91955e-17 0)
(3 -4.20431e-16 0)
(3 -6.46674e-16 0)
(3 -3.44529e-16 0)
(3 -3.92604e-16 0)
(3 -4.23797e-16 0)
(3 -6.21584e-16 0)
(3 -6.32022e-16 0)
(3 8.22017e-17 0)
(3 5.09277e-16 0)
(3 -3.48992e-16 0)
(3 -4.82239e-16 0)
(3 -3.47754e-16 0)
(3 -8.92795e-16 0)
(3 -1.36236e-15 0)
(3 -1.15852e-15 0)
(3 -5.01789e-17 0)
(3 -7.22566e-17 0)
(3 -5.8532e-17 0)
(3 -3.87401e-16 0)
(3 -7.14879e-16 0)
(3 -6.57593e-16 0)
(3 -1.23242e-15 0)
(3 -2.17767e-15 0)
(3 -2.30127e-15 0)
(3 -2.16109e-15 0)
(3 -2.2467e-15 0)
(3 -1.78996e-15 0)
(3 -5.28955e-16 0)
(3 -2.30552e-16 0)
(3 -6.01968e-16 0)
(3 -8.42261e-16 0)
(3 -3.88478e-16 0)
(3 3.69137e-16 0)
(3 2.66641e-15 0)
(3 3.22902e-15 0)
(3 2.7548e-15 0)
(3 2.23959e-15 0)
(3 -1.00423e-10 0)
(3 -9.87822e-11 0)
(3.00001 2.96606e-05 0)
(3.03032 0.0427484 0)
(2.06829 0.785806 0)
(1.48857 0.919398 0)
(1.49878 0.909685 0)
(1.5255 0.8964 0)
(1.55649 0.881979 0)
(3 -1.24593e-16 0)
(3 -6.29467e-16 0)
(3 -9.38606e-16 0)
(3 -7.23111e-16 0)
(3 -9.93863e-16 0)
(3 -1.41791e-15 0)
(3 -1.30907e-15 0)
(3 -9.93336e-16 0)
(3 -5.26412e-16 0)
(3 -3.78988e-16 0)
(3 -1.49193e-17 0)
(3 -1.49215e-17 0)
(3 -6.56925e-16 0)
(3 -6.77355e-16 0)
(3 -7.99546e-16 0)
(3 -5.81948e-16 0)
(3 1.00648e-16 0)
(3 8.66979e-16 0)
(3 8.51519e-16 0)
(3 3.1005e-16 0)
(3 -1.97618e-16 0)
(3 -6.56922e-16 0)
(3 -9.40786e-16 0)
(3 -6.55429e-16 0)
(3 -1.83008e-15 0)
(3 -2.01666e-15 0)
(3 -2.09214e-15 0)
(3 -1.93031e-15 0)
(3 -8.99143e-16 0)
(3 4.42893e-16 0)
(3 1.56228e-15 0)
(3 1.79863e-15 0)
(3 1.37495e-15 0)
(3 1.15291e-16 0)
(3 5.65564e-16 0)
(3 1.24477e-15 0)
(3 2.84908e-15 0)
(3 3.20339e-15 0)
(3 3.46758e-15 0)
(3 -8.75064e-13 0)
(3 -3.12521e-11 0)
(3 1.89154e-08 0)
(3.00113 0.00180025 0)
(2.87485 0.275148 0)
(1.76919 0.891714 0)
(1.51885 0.931727 0)
(1.55352 0.920333 0)
(1.58631 0.904028 0)
(3 -2.70371e-17 0)
(3 -2.04723e-16 0)
(3 4.29334e-17 0)
(3 9.29775e-17 0)
(3 -2.09292e-16 0)
(3 -3.78899e-17 0)
(3 -2.0037e-16 0)
(3 -6.4299e-16 0)
(3 -7.88753e-16 0)
(3 -9.2504e-16 0)
(3 -8.33202e-16 0)
(3 -8.36804e-16 0)
(3 -1.18636e-15 0)
(3 -1.18702e-15 0)
(3 -1.42233e-15 0)
(3 -8.91317e-17 0)
(3 3.06619e-16 0)
(3 6.74692e-16 0)
(3 5.51155e-16 0)
(3 5.65004e-16 0)
(3 6.27977e-16 0)
(3 4.89864e-17 0)
(3 -2.44087e-16 0)
(3 -6.52179e-16 0)
(3 -8.31547e-16 0)
(3 -1.41742e-15 0)
(3 -1.77373e-15 0)
(3 -1.89915e-15 0)
(3 -1.30795e-15 0)
(3 1.2928e-16 0)
(3 7.385e-16 0)
(3 1.08292e-15 0)
(3 7.71481e-16 0)
(3 8.5213e-16 0)
(3 8.05394e-16 0)
(3 6.77308e-16 0)
(3 9.54135e-16 0)
(3 1.18047e-15 0)
(3 1.50044e-15 0)
(3 -4.01219e-16 0)
(3 -4.12617e-12 0)
(3 -9.28515e-13 0)
(3 7.86065e-06 0)
(3.00827 0.0175835 0)
(2.46866 0.60358 0)
(1.63339 0.953918 0)
(1.56448 0.941169 0)
(1.59985 0.926161 0)
(3 2.9443e-16 0)
(3 8.68559e-16 0)
(3 1.30364e-15 0)
(3 8.70296e-16 0)
(3 7.57728e-16 0)
(3 4.57575e-16 0)
(3 4.94862e-16 0)
(3 1.96462e-17 0)
(3 3.07102e-16 0)
(3 5.19917e-16 0)
(3 -4.23798e-16 0)
(3 -1.05601e-15 0)
(3 -5.36412e-16 0)
(3 -6.36e-16 0)
(3 -6.56116e-16 0)
(3 -3.7752e-16 0)
(3 -1.7869e-16 0)
(3 8.12581e-18 0)
(3 3.48863e-16 0)
(3 1.51384e-16 0)
(3 9.73945e-16 0)
(3 1.29932e-15 0)
(3 1.53516e-15 0)
(3 9.49785e-16 0)
(3 -2.00025e-16 0)
(3 -1.09249e-15 0)
(3 -1.51142e-15 0)
(3 -1.74347e-15 0)
(3 -1.71688e-15 0)
(3 -8.9121e-16 0)
(3 -6.84125e-16 0)
(3 2.63463e-17 0)
(3 3.74472e-16 0)
(3 1.08542e-15 0)
(3 6.67143e-16 0)
(3 -2.34041e-16 0)
(3 -5.46468e-16 0)
(3 -4.55284e-16 0)
(3 -4.01056e-16 0)
(3 -3.20408e-17 0)
(3 -1.90789e-13 0)
(3 -2.32084e-13 0)
(3 3.92215e-09 0)
(3.00003 0.000444254 0)
(2.99342 0.0916791 0)
(2.09549 0.796449 0)
(1.62364 0.94556 0)
(1.62001 0.941485 0)
(3 7.33716e-17 0)
(3 -4.95916e-17 0)
(3 -1.76543e-16 0)
(3 4.71639e-17 0)
(3 2.5313e-18 0)
(3 -3.70433e-17 0)
(3 3.27657e-16 0)
(3 9.91485e-16 0)
(3 1.04405e-15 0)
(3 3.19489e-16 0)
(3 -3.85533e-16 0)
(3 -2.32212e-16 0)
(3 -1.68708e-16 0)
(3 -8.69122e-17 0)
(3 3.43944e-16 0)
(3 7.94261e-16 0)
(3 5.31152e-16 0)
(3 4.70879e-16 0)
(3 1.0228e-15 0)
(3 3.25902e-16 0)
(3 -3.85877e-16 0)
(3 -4.96729e-16 0)
(3 1.01664e-15 0)
(3 1.52835e-15 0)
(3 3.03673e-17 0)
(3 -1.45218e-15 0)
(3 -1.04838e-15 0)
(3 -9.72499e-16 0)
(3 -4.50247e-16 0)
(3 5.31195e-16 0)
(3 1.00085e-15 0)
(3 1.29347e-15 0)
(3 6.69777e-16 0)
(3 1.46144e-16 0)
(3 -6.91187e-16 0)
(3 -1.83545e-15 0)
(3 -2.23989e-15 0)
(3 -2.22692e-15 0)
(3 -1.93852e-15 0)
(3 -1.43153e-15 0)
(3 -2.48873e-15 0)
(3 -8.2999e-14 0)
(3 1.00154e-12 0)
(3 8.68616e-07 0)
(3.00095 0.00479226 0)
(2.82789 0.298734 0)
(1.8955 0.884169 0)
(1.6538 0.956237 0)
(3 -2.48761e-17 0)
(3 -2.4942e-16 0)
(3 -4.08824e-16 0)
(3 -2.80345e-16 0)
(3 5.72523e-16 0)
(3 8.12182e-16 0)
(3 9.34912e-16 0)
(3 1.2442e-15 0)
(3 9.0413e-16 0)
(3 4.2946e-16 0)
(3 1.67473e-16 0)
(3 4.14494e-16 0)
(3 2.88972e-16 0)
(3 4.81508e-16 0)
(3 9.24535e-16 0)
(3 9.79398e-16 0)
(3 2.04922e-15 0)
(3 2.30171e-15 0)
(3 1.18261e-15 0)
(3 3.15311e-16 0)
(3 -1.24182e-15 0)
(3 -1.04874e-15 0)
(3 -6.88172e-16 0)
(3 -2.62154e-16 0)
(3 6.61008e-17 0)
(3 2.28266e-17 0)
(3 1.43099e-16 0)
(3 8.48661e-16 0)
(3 1.48409e-15 0)
(3 1.46942e-15 0)
(3 1.48817e-15 0)
(3 1.8682e-15 0)
(3 8.85953e-16 0)
(3 -3.6479e-16 0)
(3 -7.99986e-16 0)
(3 -1.84552e-15 0)
(3 -2.72812e-15 0)
(3 -3.3893e-15 0)
(3 -2.9154e-15 0)
(3 -1.57968e-15 0)
(3 -1.60128e-15 0)
(3 -1.53363e-14 0)
(3 -1.57762e-14 0)
(3 4.91405e-10 0)
(2.99999 3.65949e-05 0)
(3.00094 0.0225776 0)
(2.54621 0.530165 0)
(1.81357 0.938107 0)
(3 -1.19202e-16 0)
(3 -1.9028e-16 0)
(3 -1.53884e-16 0)
(3 -2.54039e-16 0)
(3 2.46326e-16 0)
(3 4.91766e-16 0)
(3 9.10108e-16 0)
(3 6.22285e-16 0)
(3 1.93056e-16 0)
(3 3.40787e-16 0)
(3 1.05936e-15 0)
(3 1.41164e-15 0)
(3 1.57994e-15 0)
(3 1.65017e-15 0)
(3 1.77417e-15 0)
(3 1.29939e-15 0)
(3 1.1148e-15 0)
(3 6.30815e-16 0)
(3 5.42151e-16 0)
(3 3.86736e-16 0)
(3 1.2736e-16 0)
(3 4.08021e-16 0)
(3 -3.0121e-16 0)
(3 -1.1221e-15 0)
(3 5.11946e-16 0)
(3 1.79027e-15 0)
(3 2.38856e-15 0)
(3 3.10178e-15 0)
(3 2.10717e-15 0)
(3 2.40952e-16 0)
(3 -4.65062e-16 0)
(3 -3.5213e-16 0)
(3 1.54906e-16 0)
(3 -1.18731e-15 0)
(3 -1.87225e-15 0)
(3 -1.11382e-15 0)
(3 -1.58415e-15 0)
(3 -2.21989e-15 0)
(3 -2.02884e-15 0)
(3 -1.04863e-15 0)
(3 -5.48646e-16 0)
(3 -8.41132e-16 0)
(3 -5.6045e-15 0)
(3 8.35363e-14 0)
(3 3.46001e-08 0)
(2.99994 0.000570683 0)
(2.97864 0.0711799 0)
(2.31682 0.699215 0)
(3 4.5981e-17 0)
(3 1.71817e-16 0)
(3 1.21053e-16 0)
(3 -7.16883e-16 0)
(3 -9.39589e-16 0)
(3 -4.30686e-16 0)
(3 4.0429e-16 0)
(3 3.03138e-16 0)
(3 3.91461e-16 0)
(3 2.89255e-16 0)
(3 1.35267e-16 0)
(3 2.08185e-16 0)
(3 5.12714e-16 0)
(3 1.09188e-15 0)
(3 1.20673e-15 0)
(3 8.27992e-16 0)
(3 3.27524e-16 0)
(3 -1.6002e-16 0)
(3 2.01029e-16 0)
(3 1.1768e-16 0)
(3 4.08906e-16 0)
(3 4.8255e-16 0)
(3 7.96729e-17 0)
(3 -3.10582e-16 0)
(3 5.94786e-17 0)
(3 -2.98231e-16 0)
(3 1.50926e-15 0)
(3 1.6212e-15 0)
(3 9.71053e-16 0)
(3 -1.41542e-16 0)
(3 -1.77322e-15 0)
(3 -2.17316e-15 0)
(3 -1.54469e-15 0)
(3 -1.20299e-15 0)
(3 -1.35926e-15 0)
(3 -7.46626e-16 0)
(3 -3.21741e-16 0)
(3 1.52306e-17 0)
(3 8.46326e-17 0)
(3 2.19619e-16 0)
(3 7.0338e-16 0)
(3 1.80596e-15 0)
(3 -4.78892e-16 0)
(3 -1.42049e-15 0)
(3 1.671e-11 0)
(3 1.25414e-06 0)
(2.99968 0.00335338 0)
(2.90814 0.178207 0)
(3 1.24774e-17 0)
(3 2.61397e-16 0)
(3 1.07022e-16 0)
(3 -3.17847e-16 0)
(3 1.27382e-16 0)
(3 3.33872e-16 0)
(3 -2.29482e-17 0)
(3 -2.5962e-16 0)
(3 1.37789e-17 0)
(3 2.42458e-16 0)
(3 8.20203e-16 0)
(3 6.30791e-17 0)
(3 2.24688e-17 0)
(3 2.00058e-16 0)
(3 5.45028e-17 0)
(3 1.2405e-16 0)
(3 -3.63112e-17 0)
(3 1.42084e-16 0)
(3 6.02422e-16 0)
(3 6.157e-16 0)
(3 3.74542e-16 0)
(3 8.15679e-17 0)
(3 -1.90755e-16 0)
(3 -4.25502e-16 0)
(3 -6.54472e-17 0)
(3 3.20498e-16 0)
(3 3.5919e-16 0)
(3 3.49829e-16 0)
(3 4.80767e-16 0)
(3 2.45807e-17 0)
(3 -8.36559e-16 0)
(3 -2.29296e-15 0)
(3 -2.97162e-15 0)
(3 -3.46041e-15 0)
(3 -9.06152e-16 0)
(3 4.50785e-16 0)
(3 6.76391e-16 0)
(3 5.94401e-16 0)
(3 4.42151e-16 0)
(3 -6.85103e-18 0)
(3 -8.12637e-17 0)
(3 -2.2383e-16 0)
(3 -8.33955e-16 0)
(3 -1.68048e-15 0)
(3 -1.52311e-16 0)
(3 1.07031e-09 0)
(2.99999 1.84785e-05 0)
(2.99809 0.0115407 0)
(3 -3.70246e-17 0)
(3 -8.00389e-17 0)
(3 4.91704e-17 0)
(3 2.8719e-16 0)
(3 5.05569e-16 0)
(3 3.09325e-16 0)
(3 -2.69026e-17 0)
(3 -8.43717e-16 0)
(3 -1.16747e-15 0)
(3 -1.15266e-15 0)
(3 3.84365e-16 0)
(3 5.14422e-16 0)
(3 7.9915e-16 0)
(3 -7.7129e-16 0)
(3 -1.1131e-15 0)
(3 -1.03941e-15 0)
(3 -6.79533e-16 0)
(3 -2.05452e-16 0)
(3 7.48735e-16 0)
(3 2.15379e-15 0)
(3 2.23968e-15 0)
(3 1.53839e-16 0)
(3 -7.77223e-16 0)
(3 -7.43409e-16 0)
(3 -4.75231e-16 0)
(3 7.49707e-16 0)
(3 3.39261e-16 0)
(3 1.63301e-16 0)
(3 -5.90589e-17 0)
(3 -4.47605e-16 0)
(3 -5.51853e-16 0)
(3 -2.47824e-15 0)
(3 -2.86026e-15 0)
(3 -2.50997e-15 0)
(3 -2.41431e-15 0)
(3 -1.24585e-15 0)
(3 -5.96525e-17 0)
(3 -4.66877e-16 0)
(3 -7.96963e-16 0)
(3 -1.30112e-15 0)
(3 -2.3696e-15 0)
(3 -2.92957e-15 0)
(3 -2.44876e-15 0)
(3 -2.56304e-15 0)
(3 -2.57716e-15 0)
(3 1.77884e-13 0)
(3 2.19278e-08 0)
(2.99996 0.000149335 0)
(3 -2.47238e-17 0)
(3 -2.65413e-17 0)
(3 3.89174e-17 0)
(3 1.76059e-16 0)
(3 -3.21366e-16 0)
(3 -8.02271e-16 0)
(3 -1.17971e-15 0)
(3 -1.32028e-15 0)
(3 -5.45266e-16 0)
(3 1.89265e-16 0)
(3 2.94129e-16 0)
(3 6.33439e-16 0)
(3 1.13193e-16 0)
(3 -4.3291e-16 0)
(3 -1.15601e-15 0)
(3 -1.31674e-15 0)
(3 -6.36399e-16 0)
(3 -7.07584e-17 0)
(3 2.06609e-16 0)
(3 8.0013e-16 0)
(3 1.39308e-15 0)
(3 1.29346e-15 0)
(3 1.03426e-15 0)
(3 1.38951e-15 0)
(3 1.55463e-15 0)
(3 1.30296e-15 0)
(3 8.12979e-18 0)
(3 -5.98664e-16 0)
(3 -1.24936e-15 0)
(3 -1.15242e-15 0)
(3 -6.77229e-16 0)
(3 -1.28002e-15 0)
(3 -1.09758e-15 0)
(3 -8.45264e-16 0)
(3 -1.1186e-15 0)
(3 -1.40724e-15 0)
(3 -1.22527e-15 0)
(3 -3.138e-16 0)
(3 -4.0649e-17 0)
(3 -7.5657e-16 0)
(3 -1.55337e-15 0)
(3 -1.90742e-15 0)
(3 -2.29749e-15 0)
(3 -2.07781e-15 0)
(3 -1.8215e-15 0)
(3 -1.45201e-15 0)
(3 8.49575e-12 0)
(3 2.52478e-07 0)
(3 -1.73562e-16 0)
(3 -9.84279e-17 0)
(3 -7.26937e-16 0)
(3 -5.82857e-16 0)
(3 -3.23986e-16 0)
(3 -3.03634e-16 0)
(3 -5.73847e-16 0)
(3 -3.28823e-16 0)
(3 -3.85598e-17 0)
(3 5.25908e-16 0)
(3 3.58803e-16 0)
(3 4.38732e-16 0)
(3 1.45777e-16 0)
(3 9.24521e-17 0)
(3 -2.16672e-16 0)
(3 -8.21543e-16 0)
(3 -7.55532e-16 0)
(3 -1.44838e-16 0)
(3 -5.50611e-16 0)
(3 -1.22876e-15 0)
(3 -1.035e-15 0)
(3 5.25611e-16 0)
(3 1.34568e-15 0)
(3 1.3534e-15 0)
(3 1.09194e-15 0)
(3 9.75788e-16 0)
(3 9.86592e-16 0)
(3 6.65362e-16 0)
(3 1.18346e-17 0)
(3 7.56972e-17 0)
(3 2.00599e-16 0)
(3 5.36858e-16 0)
(3 3.12256e-16 0)
(3 2.02001e-16 0)
(3 7.64609e-17 0)
(3 -8.75293e-16 0)
(3 -4.81571e-16 0)
(3 1.35088e-16 0)
(3 5.27265e-17 0)
(3 -5.83564e-16 0)
(3 -1.00246e-15 0)
(3 -1.83399e-15 0)
(3 -2.13164e-15 0)
(3 -1.64449e-15 0)
(3 -9.93506e-16 0)
(3 -1.13512e-15 0)
(3 -1.33071e-15 0)
(3 1.92627e-10 0)
(3 1.43117e-16 0)
(3 1.00895e-16 0)
(3 1.47128e-16 0)
(3 -1.04111e-16 0)
(3 -1.15098e-16 0)
(3 -1.38093e-16 0)
(3 1.17628e-16 0)
(3 3.21368e-16 0)
(3 2.86094e-16 0)
(3 3.24263e-16 0)
(3 2.72287e-16 0)
(3 1.35688e-16 0)
(3 -3.1396e-16 0)
(3 -4.07976e-16 0)
(3 6.20023e-16 0)
(3 9.60554e-17 0)
(3 -4.40304e-16 0)
(3 -5.5808e-16 0)
(3 -1.30036e-15 0)
(3 -3.10931e-15 0)
(3 -3.08621e-15 0)
(3 -1.47059e-15 0)
(3 -7.85195e-17 0)
(3 5.77146e-16 0)
(3 3.41278e-16 0)
(3 5.11723e-16 0)
(3 1.13422e-15 0)
(3 1.3885e-15 0)
(3 1.1272e-15 0)
(3 6.46561e-16 0)
(3 4.8391e-16 0)
(3 2.42317e-16 0)
(3 -7.06745e-17 0)
(3 -5.45654e-16 0)
(3 -7.20623e-16 0)
(3 -1.4254e-15 0)
(3 -1.78651e-15 0)
(3 -1.23535e-15 0)
(3 -1.17919e-15 0)
(3 -7.66094e-16 0)
(3 -1.58037e-15 0)
(3 -2.10545e-15 0)
(3 -1.66757e-15 0)
(3 -1.39615e-15 0)
(3 -8.04313e-16 0)
(3 -8.3887e-16 0)
(3 -1.50836e-15 0)
(3 1.44399e-14 0)
(3 1.58766e-17 0)
(3 7.75665e-17 0)
(3 6.56786e-16 0)
(3 5.31607e-16 0)
(3 3.07754e-16 0)
(3 -1.55209e-16 0)
(3 -5.48103e-16 0)
(3 -5.66397e-16 0)
(3 -6.67876e-16 0)
(3 -4.86675e-16 0)
(3 -4.51299e-16 0)
(3 -3.70788e-16 0)
(3 -5.56535e-16 0)
(3 -2.02579e-16 0)
(3 7.96785e-16 0)
(3 1.09116e-15 0)
(3 7.52068e-16 0)
(3 -1.38684e-16 0)
(3 -1.12813e-15 0)
(3 -1.35968e-15 0)
(3 -1.48728e-15 0)
(3 -1.36755e-15 0)
(3 -1.16801e-15 0)
(3 2.94126e-16 0)
(3 9.26492e-16 0)
(3 9.80451e-17 0)
(3 3.33714e-17 0)
(3 1.32786e-16 0)
(3 8.44121e-16 0)
(3 9.67556e-16 0)
(3 -4.89815e-16 0)
(3 -8.33674e-17 0)
(3 -7.92692e-17 0)
(3 -1.14368e-16 0)
(3 -3.0313e-16 0)
(3 -7.56324e-16 0)
(3 -1.36169e-15 0)
(3 -1.47015e-15 0)
(3 -1.28746e-15 0)
(3 -7.5968e-16 0)
(3 4.03134e-18 0)
(3 -1.89546e-16 0)
(3 -3.70626e-16 0)
(3 -7.21234e-16 0)
(3 -1.00573e-15 0)
(3 -1.26295e-15 0)
(3 -1.71655e-15 0)
(3 -1.09968e-15 0)
(3 6.97431e-18 0)
(3 6.81787e-17 0)
(3 2.25647e-16 0)
(3 3.9505e-16 0)
(3 5.16561e-16 0)
(3 5.82218e-16 0)
(3 5.34222e-16 0)
(3 4.6239e-16 0)
(3 -3.07382e-17 0)
(3 -7.28686e-16 0)
(3 -9.95805e-16 0)
(3 -1.18255e-15 0)
(3 -7.45492e-16 0)
(3 4.77757e-17 0)
(3 2.15541e-16 0)
(3 4.3757e-16 0)
(3 2.62702e-16 0)
(3 8.56379e-17 0)
(3 -1.19629e-16 0)
(3 -4.97487e-16 0)
(3 -1.20845e-15 0)
(3 -1.35173e-15 0)
(3 -1.41506e-15 0)
(3 -9.09487e-16 0)
(3 -5.85728e-16 0)
(3 -5.02087e-16 0)
(3 -9.73585e-16 0)
(3 -9.05935e-16 0)
(3 3.85979e-17 0)
(3 5.94674e-16 0)
(3 -5.20095e-16 0)
(3 -9.04976e-16 0)
(3 -8.07319e-16 0)
(3 -4.04734e-16 0)
(3 3.61112e-17 0)
(3 -2.15168e-16 0)
(3 -1.04447e-15 0)
(3 -1.67671e-15 0)
(3 -1.88191e-15 0)
(3 -1.49427e-15 0)
(3 -2.80063e-16 0)
(3 2.38432e-16 0)
(3 -4.1491e-16 0)
(3 -1.14718e-15 0)
(3 -1.95419e-15 0)
(3 -2.38014e-15 0)
(3 -2.55211e-15 0)
(3 -1.00001e-15 0)
(3 1.55465e-16 0)
(3 2.5832e-16 0)
(3 3.38375e-16 0)
(3 2.69793e-16 0)
(3 1.83615e-16 0)
(3 6.15245e-16 0)
(3 1.25572e-15 0)
(3 1.12226e-15 0)
(3 7.25325e-16 0)
(3 2.51005e-16 0)
(3 -3.68153e-16 0)
(3 -4.83709e-16 0)
(3 -4.97365e-16 0)
(3 -5.45414e-16 0)
(3 -7.32988e-16 0)
(3 -8.61048e-16 0)
(3 -6.73244e-16 0)
(3 -1.19613e-16 0)
(3 8.46438e-16 0)
(3 4.0087e-16 0)
(3 8.11583e-17 0)
(3 -3.60154e-17 0)
(3 -2.54436e-16 0)
(3 -1.08671e-15 0)
(3 -8.33417e-16 0)
(3 -2.81958e-16 0)
(3 -3.51989e-16 0)
(3 -8.01145e-16 0)
(3 -8.15036e-16 0)
(3 -8.39741e-16 0)
(3 -8.36211e-16 0)
(3 -5.1597e-16 0)
(3 -1.7677e-16 0)
(3 -2.70701e-16 0)
(3 -1.2096e-15 0)
(3 -1.37811e-15 0)
(3 -2.0425e-15 0)
(3 -2.30651e-15 0)
(3 -2.72508e-15 0)
(3 -1.99463e-15 0)
(3 -1.06593e-15 0)
(3 -4.84989e-16 0)
(3 -4.62105e-16 0)
(3 -1.02938e-15 0)
(3 -2.40715e-15 0)
(3 -2.22861e-15 0)
(3 -1.28106e-15 0)
(3 -1.2776e-16 0)
(3 -6.77615e-17 0)
(3 2.98492e-16 0)
(3 4.29584e-16 0)
(3 3.84406e-16 0)
(3 7.37381e-17 0)
(3 2.43571e-16 0)
(3 5.47755e-16 0)
(3 5.63257e-17 0)
(3 -1.82863e-16 0)
(3 -2.94513e-16 0)
(3 -4.1345e-16 0)
(3 -1.58919e-16 0)
(3 -3.10098e-16 0)
(3 -1.10376e-15 0)
(3 -1.09913e-15 0)
(3 -5.95829e-16 0)
(3 -7.06446e-16 0)
(3 -1.85099e-16 0)
(3 -2.45509e-16 0)
(3 5.73768e-16 0)
(3 9.5151e-16 0)
(3 5.5019e-16 0)
(3 5.67957e-16 0)
(3 3.93805e-16 0)
(3 9.15011e-16 0)
(3 5.78632e-16 0)
(3 6.42872e-16 0)
(3 -4.63033e-16 0)
(3 -9.99277e-16 0)
(3 -1.04452e-15 0)
(3 -1.32003e-15 0)
(3 -2.32108e-16 0)
(3 -2.51772e-16 0)
(3 -1.27478e-16 0)
(3 -1.45441e-15 0)
(3 -1.53987e-15 0)
(3 -1.25339e-15 0)
(3 -1.32629e-15 0)
(3 -1.52466e-15 0)
(3 -1.81065e-15 0)
(3 -1.66824e-15 0)
(3 -1.80467e-15 0)
(3 -4.80715e-16 0)
(3 -1.66587e-16 0)
(3 -8.11689e-16 0)
(3 -6.76487e-16 0)
(3 -3.4221e-17 0)
(3 5.00453e-16 0)
(3 -8.64995e-17 0)
(3 -1.72727e-16 0)
(3 -1.09866e-16 0)
(3 -2.42045e-16 0)
(3 -1.83517e-16 0)
(3 -3.07892e-16 0)
(3 -3.88345e-16 0)
(3 -4.34125e-16 0)
(3 -3.023e-16 0)
(3 -2.67372e-16 0)
(3 6.00478e-16 0)
(3 8.08178e-16 0)
(3 4.31607e-16 0)
(3 1.25437e-16 0)
(3 -5.58745e-16 0)
(3 -9.73228e-16 0)
(3 -7.87435e-16 0)
(3 -3.32566e-16 0)
(3 -8.16803e-16 0)
(3 -8.47024e-16 0)
(3 -6.84738e-16 0)
(3 -3.8721e-16 0)
(3 -3.49871e-16 0)
(3 -2.15873e-16 0)
(3 1.7467e-16 0)
(3 -5.19288e-17 0)
(3 -2.98574e-16 0)
(3 -3.34852e-17 0)
(3 -1.49629e-16 0)
(3 -6.53617e-16 0)
(3 -7.03697e-16 0)
(3 -1.03644e-15 0)
(3 -1.00624e-15 0)
(3 1.73514e-17 0)
(3 -2.10516e-16 0)
(3 -1.20312e-15 0)
(3 -1.30757e-15 0)
(3 -9.16507e-16 0)
(3 -1.08201e-15 0)
(3 -1.4461e-15 0)
(3 -1.47534e-15 0)
(3 -1.73073e-15 0)
(3 -1.32811e-15 0)
(3 -1.46269e-16 0)
(3 1.36019e-15 0)
(3 1.33033e-15 0)
(3 1.96931e-15 0)
(3 2.12255e-15 0)
(3 -2.28257e-16 0)
(3 -6.09973e-16 0)
(3 -9.81356e-16 0)
(3 -6.45495e-16 0)
(3 -5.17222e-16 0)
(3 -6.77128e-16 0)
(3 -3.92251e-16 0)
(3 1.73626e-16 0)
(3 6.60322e-16 0)
(3 8.64254e-16 0)
(3 5.15764e-16 0)
(3 6.22943e-16 0)
(3 1.0549e-15 0)
(3 6.52876e-16 0)
(3 -5.00183e-16 0)
(3 -3.3417e-16 0)
(3 5.03559e-17 0)
(3 -2.31712e-16 0)
(3 -7.49242e-16 0)
(3 -1.09351e-15 0)
(3 -1.37786e-15 0)
(3 -1.03844e-15 0)
(3 -1.17412e-15 0)
(3 -1.83809e-15 0)
(3 -2.24051e-15 0)
(3 -2.0838e-15 0)
(3 -3.28809e-16 0)
(3 2.00917e-16 0)
(3 -5.86192e-17 0)
(3 -3.30663e-16 0)
(3 -7.31961e-16 0)
(3 -1.14504e-15 0)
(3 -7.11716e-16 0)
(3 -1.22792e-16 0)
(3 5.4503e-16 0)
(3 -3.79367e-16 0)
(3 -1.09935e-15 0)
(3 -5.69958e-16 0)
(3 9.64745e-17 0)
(3 1.62042e-16 0)
(3 -2.78415e-16 0)
(3 -5.04172e-16 0)
(3 -7.22253e-16 0)
(3 -2.73217e-16 0)
(3 1.13372e-15 0)
(3 2.52852e-15 0)
(3 3.19175e-15 0)
(3 3.03528e-15 0)
(1.50557 1.25395 0)
(2.04462 1.29873 0)
(2.25777 1.50201 0)
(2.30936 0.738755 0)
(2.45135 0.306791 0)
(2.59135 -0.0413319 0)
(2.6224 -0.16331 0)
(2.57438 -0.205455 0)
(2.44699 -0.29997 0)
(2.43764 -0.434702 0)
(2.48591 -0.376317 0)
(2.46375 -0.22618 0)
(2.44178 -0.143846 0)
(2.4054 -0.116022 0)
(2.37275 -0.107935 0)
(2.35828 -0.105545 0)
(2.37908 -0.0642767 0)
(2.40581 -0.0275299 0)
(2.40134 -0.016694 0)
(2.38915 -0.0183575 0)
(2.38829 -0.0214985 0)
(2.39418 -0.0157085 0)
(2.39087 -0.00466256 0)
(2.37977 0.00104313 0)
(2.37716 -0.00437783 0)
(2.38613 -0.0114265 0)
(2.39524 -0.0129314 0)
(2.39731 -0.010268 0)
(2.3937 -0.00760203 0)
(2.38972 -0.00824524 0)
(1.20406 0.0334512 0)
(0.800284 0.0398593 0)
(0.695814 0.0408517 0)
(0.608768 0.0376762 0)
(0.533249 0.0337913 0)
(0.459519 0.0308537 0)
(0.390528 0.0289098 0)
(0.333181 0.027701 0)
(0.289208 0.026808 0)
(0.248334 0.0257305 0)
(0.202842 0.0241428 0)
(0.15989 0.0229463 0)
(0.124799 0.0218141 0)
(0.0982153 0.0202835 0)
(0.0762669 0.0172215 0)
(0.0513907 0.0138456 0)
(0.0255063 0.0100727 0)
(0.00715428 0.00705558 0)
(1.76414 1.1057 0)
(2.30316 0.748096 0)
(2.52989 0.434498 0)
(2.62809 0.220141 0)
(2.716 -0.210077 0)
(2.70637 -0.543703 0)
(2.70251 -0.554678 0)
(2.71916 -0.558592 0)
(2.72608 -0.551028 0)
(2.70262 -0.539726 0)
(2.63328 -0.469464 0)
(2.52749 -0.294261 0)
(2.48141 -0.215987 0)
(2.4632 -0.16832 0)
(2.45358 -0.113125 0)
(2.44363 -0.0763806 0)
(2.43936 -0.0413801 0)
(2.44838 -0.00418596 0)
(2.44448 0.0166471 0)
(2.42823 0.011578 0)
(2.42082 -0.0126767 0)
(2.41704 -0.0219386 0)
(2.40898 -0.0103363 0)
(2.40277 0.000810313 0)
(2.40358 -0.00210802 0)
(2.41286 -0.0128516 0)
(2.42419 -0.0202364 0)
(2.42485 -0.0188131 0)
(2.4207 -0.0130018 0)
(2.41451 -0.00845088 0)
(1.33653 0.172135 0)
(0.817989 0.166458 0)
(0.703466 0.137764 0)
(0.622398 0.119596 0)
(0.554616 0.105679 0)
(0.487667 0.0958072 0)
(0.422687 0.0893758 0)
(0.36649 0.0842455 0)
(0.32274 0.0768543 0)
(0.283752 0.0686978 0)
(0.238709 0.0597023 0)
(0.194923 0.0502742 0)
(0.156791 0.0448999 0)
(0.126474 0.04302 0)
(0.100404 0.0399057 0)
(0.0706288 0.0360758 0)
(0.0384765 0.0308553 0)
(0.0115863 0.0264287 0)
(1.68737 1.01962 0)
(1.98066 0.938026 0)
(2.33165 0.631547 0)
(2.57051 0.271856 0)
(2.63077 0.153946 0)
(2.66132 -0.0647745 0)
(2.68351 -0.125086 0)
(2.68475 -0.150856 0)
(2.81962 -0.299157 0)
(2.78082 -0.438884 0)
(2.75834 -0.444373 0)
(2.6969 -0.456109 0)
(2.64684 -0.439398 0)
(2.64561 -0.377209 0)
(2.64961 -0.306794 0)
(2.64742 -0.249738 0)
(2.62643 -0.181558 0)
(2.56463 -0.0970254 0)
(2.52694 -0.0514135 0)
(2.50524 -0.0455259 0)
(2.49364 -0.0514027 0)
(2.47521 -0.0328033 0)
(2.46937 0.010183 0)
(2.47306 0.0244835 0)
(2.47187 0.0138641 0)
(2.47986 -0.00871537 0)
(2.47748 -0.0241128 0)
(2.47592 -0.0238453 0)
(2.4724 -0.018657 0)
(2.46768 -0.019984 0)
(1.69242 0.264521 0)
(0.932694 0.277986 0)
(0.798518 0.222594 0)
(0.71814 0.186792 0)
(0.648071 0.160648 0)
(0.579949 0.143716 0)
(0.51237 0.134822 0)
(0.450063 0.1309 0)
(0.396456 0.125977 0)
(0.349417 0.115618 0)
(0.298449 0.103213 0)
(0.244033 0.0947448 0)
(0.192496 0.0907646 0)
(0.150484 0.0872265 0)
(0.115732 0.0811781 0)
(0.0802131 0.0739468 0)
(0.0444571 0.0637604 0)
(0.0143377 0.0540118 0)
(1.59428 0.997078 0)
(1.88644 0.8817 0)
(2.17043 0.662689 0)
(2.31192 0.534339 0)
(2.40493 0.413747 0)
(2.55209 0.171371 0)
(2.63932 -0.0511504 0)
(2.65397 -0.124962 0)
(2.72247 -0.27555 0)
(2.73994 -0.367487 0)
(2.73744 -0.412509 0)
(2.74982 -0.474931 0)
(2.76793 -0.493225 0)
(2.75759 -0.473736 0)
(2.74872 -0.450607 0)
(2.73346 -0.414895 0)
(2.70613 -0.356951 0)
(2.65902 -0.268495 0)
(2.62835 -0.212384 0)
(2.60866 -0.177277 0)
(2.59706 -0.155408 0)
(2.561 -0.112947 0)
(2.53709 -0.0445033 0)
(2.53661 -0.0163414 0)
(2.53878 -0.0136554 0)
(2.5303 -0.013082 0)
(2.51862 -0.00955416 0)
(2.51991 0.000121881 0)
(2.51929 0.00736942 0)
(2.52023 0.00296206 0)
(2.21771 0.241968 0)
(1.09586 0.361823 0)
(0.936068 0.290399 0)
(0.87289 0.251179 0)
(0.801223 0.221516 0)
(0.726692 0.204306 0)
(0.650954 0.194565 0)
(0.577959 0.190647 0)
(0.51025 0.186767 0)
(0.447794 0.177927 0)
(0.384992 0.164086 0)
(0.322035 0.148473 0)
(0.262822 0.133765 0)
(0.210402 0.122831 0)
(0.162977 0.11578 0)
(0.115324 0.11047 0)
(0.0677547 0.101382 0)
(0.0233071 0.0923949 0)
(1.55124 0.934806 0)
(1.81137 0.838662 0)
(2.00764 0.716438 0)
(2.12622 0.646644 0)
(2.31659 0.457651 0)
(2.4392 0.26683 0)
(2.47193 0.223626 0)
(2.5446 0.0973771 0)
(2.6136 -0.0594842 0)
(2.65224 -0.167939 0)
(2.66013 -0.198443 0)
(2.68802 -0.265796 0)
(2.71939 -0.335412 0)
(2.72292 -0.337069 0)
(2.72055 -0.385135 0)
(2.71942 -0.414053 0)
(2.71984 -0.414541 0)
(2.71145 -0.401429 0)
(2.69258 -0.371108 0)
(2.67806 -0.328005 0)
(2.66325 -0.274461 0)
(2.63309 -0.218554 0)
(2.59471 -0.12747 0)
(2.59876 -0.105267 0)
(2.60146 -0.0837313 0)
(2.57095 -0.0445819 0)
(2.55313 -0.0367572 0)
(2.54696 -0.0318402 0)
(2.54566 -0.0222361 0)
(2.54386 -0.00622959 0)
(2.56678 0.0525335 0)
(1.34578 0.382993 0)
(1.03361 0.334436 0)
(1.00581 0.296451 0)
(0.951244 0.279168 0)
(0.88628 0.266242 0)
(0.813088 0.259047 0)
(0.737576 0.253074 0)
(0.661555 0.248452 0)
(0.585837 0.242333 0)
(0.509981 0.231099 0)
(0.433636 0.215117 0)
(0.359275 0.199017 0)
(0.289744 0.186338 0)
(0.226798 0.175312 0)
(0.166913 0.164441 0)
(0.103686 0.155761 0)
(0.035364 0.151443 0)
(1.53681 0.890813 0)
(1.72502 0.835751 0)
(1.89678 0.752776 0)
(2.04329 0.657766 0)
(2.18378 0.547872 0)
(2.30688 0.41 0)
(2.37683 0.318622 0)
(2.46556 0.188507 0)
(2.51954 0.0742709 0)
(2.54209 0.042022 0)
(2.58762 -0.0353489 0)
(2.64564 -0.155883 0)
(2.67812 -0.243597 0)
(2.6821 -0.281934 0)
(2.69667 -0.356531 0)
(2.7051 -0.419199 0)
(2.72325 -0.430371 0)
(2.71083 -0.426003 0)
(2.71499 -0.424809 0)
(2.71515 -0.419772 0)
(2.70954 -0.40061 0)
(2.69015 -0.35608 0)
(2.65696 -0.284765 0)
(2.65101 -0.235267 0)
(2.63751 -0.168812 0)
(2.60659 -0.0816606 0)
(2.58765 -0.0678588 0)
(2.57589 -0.0693239 0)
(2.55953 -0.049697 0)
(2.55588 -0.0309244 0)
(2.57481 -0.027543 0)
(1.61935 0.347206 0)
(1.05636 0.346074 0)
(1.04018 0.332794 0)
(1.0282 0.331166 0)
(0.992907 0.332975 0)
(0.943714 0.333 0)
(0.883184 0.334372 0)
(0.815397 0.330872 0)
(0.740859 0.320761 0)
(0.659837 0.309397 0)
(0.5735 0.296901 0)
(0.487192 0.279314 0)
(0.405042 0.259326 0)
(0.327039 0.242239 0)
(0.245512 0.240519 0)
(0.157883 0.240128 0)
(0.0537147 0.241252 0)
(1.52165 0.854362 0)
(1.67893 0.814415 0)
(1.81148 0.772531 0)
(1.95905 0.694319 0)
(2.11263 0.573015 0)
(2.22072 0.478035 0)
(2.28196 0.4132 0)
(2.34343 0.337761 0)
(2.43689 0.209778 0)
(2.49226 0.116521 0)
(2.54039 0.0383246 0)
(2.57403 -0.0235021 0)
(2.59894 -0.053094 0)
(2.62285 -0.101723 0)
(2.64791 -0.182054 0)
(2.66474 -0.264294 0)
(2.67364 -0.276915 0)
(2.66367 -0.295341 0)
(2.69033 -0.341603 0)
(2.70639 -0.370774 0)
(2.71021 -0.36899 0)
(2.70665 -0.366708 0)
(2.70003 -0.376134 0)
(2.69498 -0.367896 0)
(2.68118 -0.318001 0)
(2.66697 -0.258991 0)
(2.64505 -0.195345 0)
(2.61984 -0.147324 0)
(2.58351 -0.0708187 0)
(2.56985 -0.0554077 0)
(2.58241 -0.065687 0)
(2.01539 0.268259 0)
(1.10455 0.337652 0)
(1.05748 0.325794 0)
(1.06659 0.336246 0)
(1.05345 0.347292 0)
(1.0291 0.361913 0)
(0.993211 0.373155 0)
(0.946078 0.383952 0)
(0.885441 0.391821 0)
(0.814306 0.387532 0)
(0.733 0.375463 0)
(0.643377 0.362655 0)
(0.550397 0.349322 0)
(0.457435 0.337604 0)
(0.365245 0.336754 0)
(0.266661 0.331727 0)
(0.12904 0.383846 0)
(1.51335 0.840721 0)
(1.63853 0.817712 0)
(1.7612 0.77757 0)
(1.90987 0.695511 0)
(2.02679 0.617437 0)
(2.08857 0.580166 0)
(2.18267 0.501924 0)
(2.30164 0.360924 0)
(2.37532 0.278241 0)
(2.39232 0.257726 0)
(2.42872 0.19925 0)
(2.50676 0.0915618 0)
(2.55734 0.0112501 0)
(2.57993 -0.0288736 0)
(2.60205 -0.093199 0)
(2.62257 -0.145078 0)
(2.63517 -0.174372 0)
(2.64169 -0.22391 0)
(2.67207 -0.305061 0)
(2.68674 -0.354387 0)
(2.70184 -0.352026 0)
(2.71045 -0.363998 0)
(2.70906 -0.385811 0)
(2.70877 -0.397209 0)
(2.71015 -0.3851 0)
(2.70425 -0.359789 0)
(2.692 -0.333895 0)
(2.67366 -0.296315 0)
(2.64218 -0.224935 0)
(2.62986 -0.175552 0)
(2.60501 -0.106523 0)
(2.44125 0.0805192 0)
(1.19324 0.304711 0)
(1.06034 0.313956 0)
(1.07999 0.343194 0)
(1.06856 0.366447 0)
(1.05186 0.388347 0)
(1.03487 0.41005 0)
(1.01205 0.428698 0)
(0.979914 0.442479 0)
(0.931052 0.45718 0)
(0.867737 0.462301 0)
(0.793746 0.456894 0)
(0.710042 0.44576 0)
(0.618632 0.436471 0)
(0.522224 0.432781 0)
(0.376454 0.493957 0)
(0.20259 0.685094 0)
(1.51384 0.826132 0)
(1.6184 0.810044 0)
(1.73801 0.767875 0)
(1.86163 0.705681 0)
(1.94449 0.671403 0)
(2.02522 0.618274 0)
(2.14561 0.513819 0)
(2.2331 0.425486 0)
(2.26728 0.403461 0)
(2.31353 0.346305 0)
(2.39837 0.228252 0)
(2.45426 0.155862 0)
(2.46763 0.150482 0)
(2.49205 0.102288 0)
(2.54602 0.00422032 0)
(2.58072 -0.0699434 0)
(2.59481 -0.0828329 0)
(2.60704 -0.118301 0)
(2.62638 -0.176613 0)
(2.64311 -0.213175 0)
(2.66049 -0.222127 0)
(2.6655 -0.236435 0)
(2.68091 -0.292052 0)
(2.68886 -0.325506 0)
(2.69384 -0.336143 0)
(2.69226 -0.342505 0)
(2.69193 -0.347034 0)
(2.69692 -0.349763 0)
(2.69726 -0.327358 0)
(2.69302 -0.301181 0)
(2.66837 -0.238676 0)
(2.66583 -0.173831 0)
(1.25144 0.235324 0)
(1.01039 0.319246 0)
(1.05514 0.365299 0)
(1.05075 0.398181 0)
(1.04224 0.422269 0)
(1.03063 0.43989 0)
(1.01594 0.455268 0)
(1.00124 0.474614 0)
(0.983785 0.49501 0)
(0.954716 0.508615 0)
(0.910286 0.523884 0)
(0.852166 0.534 0)
(0.781907 0.534827 0)
(0.70144 0.557106 0)
(0.631504 0.675212 0)
(0.715812 0.925679 0)
(1.51497 0.828356 0)
(1.60739 0.810949 0)
(1.71572 0.770772 0)
(1.81204 0.731006 0)
(1.88822 0.704291 0)
(1.98988 0.640731 0)
(2.09496 0.547679 0)
(2.15719 0.503014 0)
(2.19462 0.474664 0)
(2.27183 0.397671 0)
(2.34662 0.30258 0)
(2.39097 0.256565 0)
(2.41156 0.226779 0)
(2.45884 0.151361 0)
(2.49849 0.0744302 0)
(2.52437 0.0488408 0)
(2.53373 0.0337361 0)
(2.56804 -0.0277059 0)
(2.60186 -0.110553 0)
(2.62237 -0.153276 0)
(2.63611 -0.158823 0)
(2.64898 -0.186155 0)
(2.67276 -0.24938 0)
(2.6851 -0.303768 0)
(2.68996 -0.30992 0)
(2.69201 -0.327403 0)
(2.69478 -0.359943 0)
(2.70181 -0.364405 0)
(2.72464 -0.351789 0)
(2.72156 -0.335652 0)
(2.71145 -0.324145 0)
(2.71543 -0.314121 0)
(1.39146 0.193765 0)
(0.928954 0.315196 0)
(0.967786 0.341064 0)
(0.982814 0.380029 0)
(0.997488 0.411083 0)
(1.0091 0.437858 0)
(1.00889 0.466438 0)
(1.00189 0.491701 0)
(0.988555 0.512156 0)
(0.976353 0.537964 0)
(0.969136 0.561451 0)
(0.951017 0.59063 0)
(0.922204 0.615557 0)
(0.887078 0.661156 0)
(0.899194 0.73351 0)
(1.08766 0.83518 0)
(1.52201 0.823259 0)
(1.60784 0.805138 0)
(1.70222 0.772671 0)
(1.7807 0.749455 0)
(1.86122 0.715741 0)
(1.96708 0.646457 0)
(2.04807 0.583466 0)
(2.09102 0.567674 0)
(2.14688 0.522878 0)
(2.24087 0.428868 0)
(2.30875 0.345398 0)
(2.34157 0.328785 0)
(2.35937 0.302369 0)
(2.41354 0.228783 0)
(2.46457 0.141411 0)
(2.49595 0.104407 0)
(2.50924 0.0874806 0)
(2.53692 0.0393936 0)
(2.56457 -0.0161687 0)
(2.58464 -0.041576 0)
(2.59341 -0.0578119 0)
(2.62285 -0.112039 0)
(2.64361 -0.170157 0)
(2.65512 -0.194639 0)
(2.66249 -0.201545 0)
(2.66663 -0.21703 0)
(2.68045 -0.265653 0)
(2.69015 -0.290003 0)
(2.69502 -0.285552 0)
(2.70175 -0.300555 0)
(2.70724 -0.31474 0)
(2.71099 -0.324246 0)
(1.91998 0.15389 0)
(0.985614 0.278555 0)
(0.924586 0.328803 0)
(0.940286 0.357498 0)
(0.942341 0.397727 0)
(0.958554 0.435767 0)
(0.971046 0.466483 0)
(0.9806 0.49321 0)
(0.980504 0.523066 0)
(0.980977 0.551484 0)
(0.982132 0.581623 0)
(0.993723 0.620758 0)
(1.00703 0.672149 0)
(1.02841 0.727896 0)
(1.09438 0.771323 0)
(1.28758 0.815393 0)
(1.52699 0.82973 0)
(1.60372 0.812093 0)
(1.68206 0.789771 0)
(1.75847 0.766312 0)
(1.84213 0.726622 0)
(1.92682 0.669481 0)
(1.98692 0.636999 0)
(2.0393 0.614344 0)
(2.12476 0.546542 0)
(2.20318 0.454789 0)
(2.24508 0.419792 0)
(2.26127 0.416175 0)
(2.31888 0.360293 0)
(2.38789 0.261272 0)
(2.42739 0.202498 0)
(2.43417 0.20562 0)
(2.44814 0.180081 0)
(2.50252 0.110382 0)
(2.54034 0.0387005 0)
(2.56162 0.0155269 0)
(2.56471 0.00886856 0)
(2.58021 -0.02545 0)
(2.60809 -0.0828663 0)
(2.62787 -0.118101 0)
(2.63495 -0.13182 0)
(2.65017 -0.167557 0)
(2.67154 -0.223345 0)
(2.68507 -0.254405 0)
(2.68608 -0.253509 0)
(2.69785 -0.287145 0)
(2.70567 -0.323655 0)
(2.71658 -0.331117 0)
(2.61295 -0.125807 0)
(1.17639 0.321765 0)
(0.946625 0.346874 0)
(0.941502 0.369577 0)
(0.929169 0.395913 0)
(0.92864 0.424646 0)
(0.930178 0.454658 0)
(0.942473 0.482989 0)
(0.957403 0.515384 0)
(0.97781 0.551869 0)
(0.992288 0.592869 0)
(1.01907 0.630474 0)
(1.0491 0.68335 0)
(1.11077 0.74042 0)
(1.20582 0.784851 0)
(1.38236 0.810937 0)
(1.54019 0.826191 0)
(1.60631 0.812622 0)
(1.67802 0.792395 0)
(1.75406 0.766432 0)
(1.82501 0.735966 0)
(1.89438 0.695521 0)
(1.95868 0.662234 0)
(2.0231 0.625288 0)
(2.09883 0.564861 0)
(2.15519 0.503455 0)
(2.18936 0.487232 0)
(2.22782 0.455011 0)
(2.30009 0.380678 0)
(2.35004 0.305222 0)
(2.37585 0.286285 0)
(2.38345 0.277059 0)
(2.43069 0.218682 0)
(2.4769 0.143804 0)
(2.50384 0.109913 0)
(2.50574 0.113844 0)
(2.52538 0.0795999 0)
(2.56365 0.00929956 0)
(2.58701 -0.0436825 0)
(2.59947 -0.0459681 0)
(2.59597 -0.04602 0)
(2.62035 -0.088541 0)
(2.64257 -0.141376 0)
(2.65764 -0.163197 0)
(2.66114 -0.164292 0)
(2.67479 -0.198629 0)
(2.68425 -0.234434 0)
(2.6954 -0.25672 0)
(2.71588 -0.250388 0)
(1.61414 0.340153 0)
(1.01634 0.404243 0)
(0.960294 0.394713 0)
(0.943261 0.404451 0)
(0.932493 0.423873 0)
(0.922004 0.448642 0)
(0.924331 0.47359 0)
(0.935214 0.505327 0)
(0.963649 0.543083 0)
(0.995602 0.587676 0)
(1.03664 0.630882 0)
(1.08252 0.676598 0)
(1.15271 0.727062 0)
(1.25578 0.763761 0)
(1.40916 0.780749 0)
(1.54091 0.842597 0)
(1.60231 0.826863 0)
(1.67098 0.803032 0)
(1.73352 0.783206 0)
(1.79715 0.757533 0)
(1.87046 0.716734 0)
(1.93231 0.685646 0)
(1.98718 0.655869 0)
(2.05547 0.602431 0)
(2.11381 0.550155 0)
(2.15382 0.530513 0)
(2.19873 0.493514 0)
(2.26049 0.425674 0)
(2.30432 0.36673 0)
(2.32843 0.355288 0)
(2.35149 0.329217 0)
(2.40347 0.26734 0)
(2.44216 0.202764 0)
(2.46533 0.182223 0)
(2.47332 0.172879 0)
(2.50308 0.12916 0)
(2.53339 0.0723709 0)
(2.55417 0.0388164 0)
(2.56314 0.0320788 0)
(2.57631 0.00340502 0)
(2.60359 -0.0479446 0)
(2.62182 -0.0919564 0)
(2.63495 -0.098299 0)
(2.63631 -0.0991331 0)
(2.65907 -0.14278 0)
(2.6741 -0.189916 0)
(2.68431 -0.208342 0)
(2.69842 -0.231979 0)
(2.399 0.116958 0)
(1.1961 0.461282 0)
(1.03373 0.437547 0)
(0.987894 0.427437 0)
(0.956795 0.431441 0)
(0.938766 0.449106 0)
(0.937698 0.470684 0)
(0.943297 0.496837 0)
(0.960299 0.532081 0)
(0.992202 0.57555 0)
(1.04099 0.617677 0)
(1.09683 0.659491 0)
(1.1704 0.710414 0)
(1.27573 0.74201 0)
(1.40655 0.753956 0)
(1.55515 0.840663 0)
(1.6133 0.822994 0)
(1.67342 0.804707 0)
(1.72585 0.788584 0)
(1.79055 0.759126 0)
(1.85966 0.725221 0)
(1.91145 0.70613 0)
(1.96633 0.672957 0)
(2.03547 0.616239 0)
(2.0859 0.583596 0)
(2.12019 0.569452 0)
(2.17644 0.521034 0)
(2.23742 0.446345 0)
(2.27448 0.41174 0)
(2.29024 0.410684 0)
(2.32623 0.372665 0)
(2.38206 0.299508 0)
(2.41757 0.243668 0)
(2.43483 0.240757 0)
(2.44208 0.228767 0)
(2.48183 0.175611 0)
(2.51492 0.11031 0)
(2.53586 0.0840694 0)
(2.53973 0.0865048 0)
(2.55172 0.0626119 0)
(2.58014 0.0126608 0)
(2.60108 -0.030639 0)
(2.61178 -0.0380485 0)
(2.61816 -0.0501858 0)
(2.64013 -0.0932959 0)
(2.65194 -0.125605 0)
(2.66037 -0.129947 0)
(2.67438 -0.16152 0)
(2.69536 -0.132303 0)
(1.63034 0.455989 0)
(1.12437 0.51495 0)
(1.05818 0.492329 0)
(1.01093 0.474957 0)
(0.975865 0.472118 0)
(0.960082 0.482059 0)
(0.963316 0.497994 0)
(0.981793 0.524849 0)
(1.008 0.561237 0)
(1.04531 0.600676 0)
(1.09981 0.635775 0)
(1.17367 0.680274 0)
(1.27784 0.710895 0)
(1.40135 0.722417 0)
(1.56929 0.857022 0)
(1.61773 0.839548 0)
(1.66388 0.827163 0)
(1.71798 0.805852 0)
(1.78244 0.771568 0)
(1.83543 0.748748 0)
(1.88048 0.732905 0)
(1.94323 0.695345 0)
(2.00646 0.644969 0)
(2.04858 0.624177 0)
(2.08735 0.601477 0)
(2.1488 0.548316 0)
(2.19844 0.489212 0)
(2.22664 0.475331 0)
(2.25004 0.459169 0)
(2.3055 0.403991 0)
(2.35085 0.335031 0)
(2.37543 0.310181 0)
(2.38161 0.313481 0)
(2.4137 0.277552 0)
(2.45957 0.211192 0)
(2.48528 0.161978 0)
(2.49458 0.161917 0)
(2.4964 0.154214 0)
(2.53294 0.107207 0)
(2.56123 0.0498362 0)
(2.57785 0.0267994 0)
(2.57812 0.034091 0)
(2.58633 0.0169027 0)
(2.61477 -0.0305647 0)
(2.63287 -0.072679 0)
(2.64239 -0.0805173 0)
(2.65112 -0.103523 0)
(2.66542 -0.124374 0)
(2.39045 0.204507 0)
(1.30444 0.544607 0)
(1.16029 0.530019 0)
(1.11132 0.505601 0)
(1.06106 0.490659 0)
(1.02507 0.493592 0)
(1.01056 0.507215 0)
(1.02017 0.524061 0)
(1.04002 0.551109 0)
(1.06697 0.580587 0)
(1.10825 0.610481 0)
(1.17218 0.6469 0)
(1.26613 0.675702 0)
(1.38054 0.691602 0)
(1.59586 0.863826 0)
(1.63351 0.850189 0)
(1.67307 0.835213 0)
(1.72838 0.807975 0)
(1.78319 0.781319 0)
(1.82249 0.768958 0)
(1.86858 0.745467 0)
(1.93536 0.700505 0)
(1.98939 0.664887 0)
(2.02218 0.654596 0)
(2.06437 0.624421 0)
(2.12732 0.566734 0)
(2.17377 0.521296 0)
(2.19998 0.513979 0)
(2.22882 0.487945 0)
(2.28257 0.430804 0)
(2.32255 0.374365 0)
(2.3453 0.362677 0)
(2.35777 0.351125 0)
(2.39805 0.304458 0)
(2.43535 0.244884 0)
(2.45802 0.215852 0)
(2.46473 0.215807 0)
(2.48116 0.188994 0)
(2.51586 0.13869 0)
(2.53893 0.0965351 0)
(2.55208 0.0878812 0)
(2.55366 0.0826881 0)
(2.57708 0.0456517 0)
(2.59953 -0.00422051 0)
(2.61261 -0.0199087 0)
(2.61003 -0.0118583 0)
(2.628 -0.0434742 0)
(2.64675 -0.0882759 0)
(2.65971 -0.0569946 0)
(1.70621 0.501717 0)
(1.22345 0.591356 0)
(1.18358 0.575146 0)
(1.14549 0.560791 0)
(1.10657 0.553078 0)
(1.07827 0.550396 0)
(1.0683 0.550461 0)
(1.07537 0.559076 0)
(1.09901 0.572872 0)
(1.13578 0.589653 0)
(1.18599 0.617097 0)
(1.26208 0.642829 0)
(1.35959 0.659322 0)
(1.61705 0.889826 0)
(1.64863 0.8758 0)
(1.69037 0.851407 0)
(1.73788 0.823553 0)
(1.7749 0.809826 0)
(1.81073 0.79491 0)
(1.86712 0.757737 0)
(1.92453 0.714132 0)
(1.9607 0.699967 0)
(1.99065 0.687127 0)
(2.04803 0.644343 0)
(2.10643 0.585693 0)
(2.14075 0.56476 0)
(2.15953 0.55947 0)
(2.20496 0.520251 0)
(2.25952 0.455515 0)
(2.29275 0.417599 0)
(2.30563 0.419657 0)
(2.3263 0.397193 0)
(2.3751 0.340679 0)
(2.40926 0.283353 0)
(2.42723 0.271671 0)
(2.42945 0.27143 0)
(2.45814 0.236125 0)
(2.49369 0.180607 0)
(2.51561 0.144593 0)
(2.5232 0.145714 0)
(2.52752 0.135449 0)
(2.55473 0.0963375 0)
(2.57762 0.0497939 0)
(2.59103 0.0311657 0)
(2.59139 0.0298004 0)
(2.60791 0.000923263 0)
(2.62492 -0.0396248 0)
(2.63445 -0.039747 0)
(2.42709 0.230476 0)
(1.41201 0.58965 0)
(1.25603 0.609632 0)
(1.23601 0.591149 0)
(1.20318 0.584118 0)
(1.17388 0.574832 0)
(1.15036 0.568024 0)
(1.13961 0.560551 0)
(1.14661 0.575094 0)
(1.17253 0.585723 0)
(1.2152 0.601812 0)
(1.27891 0.618747 0)
(1.35655 0.631363 0)
(1.63369 0.911173 0)
(1.66675 0.89327 0)
(1.70793 0.866646 0)
(1.74614 0.843797 0)
(1.77602 0.83111 0)
(1.81622 0.80596 0)
(1.87209 0.765173 0)
(1.91491 0.737076 0)
(1.94106 0.73006 0)
(1.97955 0.703571 0)
(2.04097 0.653067 0)
(2.08693 0.611681 0)
(2.11071 0.607356 0)
(2.13573 0.587652 0)
(2.19156 0.535931 0)
(2.23707 0.47957 0)
(2.26173 0.467288 0)
(2.27178 0.463276 0)
(2.31145 0.421598 0)
(2.35689 0.359364 0)
(2.38401 0.324905 0)
(2.39199 0.329876 0)
(2.40372 0.311481 0)
(2.44588 0.259808 0)
(2.47545 0.20703 0)
(2.49227 0.195421 0)
(2.49065 0.20081 0)
(2.51087 0.171425 0)
(2.54249 0.118763 0)
(2.56196 0.0809258 0)
(2.5681 0.0851127 0)
(2.56567 0.0806621 0)
(2.59107 0.0417644 0)
(2.60924 0.00436287 0)
(2.62742 -0.0198087 0)
(2.63032 0.00897223 0)
(1.79722 0.526862 0)
(1.31041 0.645786 0)
(1.28918 0.637959 0)
(1.27043 0.632198 0)
(1.25068 0.624216 0)
(1.23241 0.613321 0)
(1.21564 0.606926 0)
(1.21139 0.599898 0)
(1.21967 0.603892 0)
(1.2495 0.60806 0)
(1.30266 0.612647 0)
(1.36716 0.616548 0)
(1.65389 0.924523 0)
(1.689 0.903801 0)
(1.72644 0.879519 0)
(1.75543 0.866078 0)
(1.78452 0.850305 0)
(1.832 0.815658 0)
(1.87923 0.778657 0)
(1.90725 0.768595 0)
(1.93051 0.75717 0)
(1.98141 0.717708 0)
(2.036 0.665613 0)
(2.06831 0.647291 0)
(2.08427 0.644959 0)
(2.12303 0.611234 0)
(2.17845 0.55294 0)
(2.21459 0.513854 0)
(2.23055 0.515246 0)
(2.24846 0.496867 0)
(2.29701 0.445592 0)
(2.33419 0.38973 0)
(2.35498 0.376621 0)
(2.35944 0.378231 0)
(2.38826 0.344817 0)
(2.42731 0.290086 0)
(2.45122 0.251292 0)
(2.46099 0.253131 0)
(2.46483 0.244626 0)
(2.49651 0.204086 0)
(2.52192 0.155687 0)
(2.53728 0.135292 0)
(2.53761 0.140644 0)
(2.54864 0.120478 0)
(2.57501 0.0745435 0)
(2.58923 0.0504407 0)
(2.5974 0.041676 0)
(2.61293 0.0282409 0)
(2.44343 0.245188 0)
(1.53006 0.640499 0)
(1.33296 0.665123 0)
(1.32748 0.65439 0)
(1.31284 0.65317 0)
(1.30328 0.646775 0)
(1.29419 0.636709 0)
(1.29005 0.623506 0)
(1.29177 0.61387 0)
(1.30877 0.610215 0)
(1.34514 0.608058 0)
(1.39552 0.606603 0)
(1.6713 0.945722 0)
(1.70907 0.922573 0)
(1.73954 0.904087 0)
(1.76481 0.891703 0)
(1.8007 0.866161 0)
(1.8464 0.828743 0)
(1.87868 0.807778 0)
(1.89837 0.803418 0)
(1.93326 0.776353 0)
(1.98892 0.725637 0)
(2.02872 0.688613 0)
(2.0473 0.688861 0)
(2.06761 0.674262 0)
(2.12068 0.626718 0)
(2.16796 0.569552 0)
(2.19378 0.555111 0)
(2.20274 0.55658 0)
(2.23613 0.522922 0)
(2.28457 0.46405 0)
(2.31501 0.42317 0)
(2.32797 0.426376 0)
(2.33628 0.415361 0)
(2.37737 0.370466 0)
(2.41098 0.314892 0)
(2.43089 0.294795 0)
(2.43355 0.301814 0)
(2.44822 0.279392 0)
(2.48358 0.2301 0)
(2.50607 0.18572 0)
(2.51856 0.179919 0)
(2.51646 0.182453 0)
(2.53636 0.154385 0)
(2.56159 0.105969 0)
(2.57596 0.0864016 0)
(2.58466 0.0822549 0)
(2.60112 0.0507843 0)
(2.5998 0.0685978 0)
(1.98372 0.527784 0)
(1.40048 0.686723 0)
(1.37974 0.680474 0)
(1.37154 0.671433 0)
(1.36538 0.663262 0)
(1.36144 0.655532 0)
(1.36144 0.647967 0)
(1.36613 0.639675 0)
(1.37769 0.634284 0)
(1.40175 0.628455 0)
(1.43696 0.621851 0)
(1.68327 0.959742 0)
(1.71445 0.944059 0)
(1.74994 0.925211 0)
(1.77769 0.909806 0)
(1.81694 0.880029 0)
(1.85529 0.847641 0)
(1.8788 0.837629 0)
(1.90024 0.825335 0)
(1.94579 0.787588 0)
(1.99346 0.739402 0)
(2.02026 0.723719 0)
(2.03311 0.723258 0)
(2.06839 0.69146 0)
(2.12199 0.635592 0)
(2.15665 0.597306 0)
(2.17143 0.600855 0)
(2.18451 0.588637 0)
(2.23184 0.541794 0)
(2.27271 0.483663 0)
(2.2958 0.465993 0)
(2.30123 0.47227 0)
(2.32375 0.445337 0)
(2.36676 0.391664 0)
(2.39373 0.346447 0)
(2.40719 0.345578 0)
(2.40819 0.344386 0)
(2.4388 0.307487 0)
(2.46938 0.255112 0)
(2.48754 0.227135 0)
(2.49212 0.234539 0)
(2.49572 0.223895 0)
(2.5272 0.183111 0)
(2.54738 0.13807 0)
(2.55988 0.129386 0)
(2.55812 0.13853 0)
(2.57985 0.101736 0)
(2.59409 0.0776553 0)
(2.50132 0.221918 0)
(1.67692 0.662318 0)
(1.40783 0.708892 0)
(1.40714 0.702777 0)
(1.40516 0.694415 0)
(1.40703 0.685948 0)
(1.41366 0.678979 0)
(1.42445 0.671609 0)
(1.4398 0.662542 0)
(1.46202 0.650424 0)
(1.48934 0.636022 0)
(1.76996 0.964008 0)
(1.71933 0.960317 0)
(1.74934 0.943875 0)
(1.7883 0.922312 0)
(1.82829 0.891673 0)
(1.85777 0.871643 0)
(1.87725 0.866197 0)
(1.90927 0.84251 0)
(1.95967 0.796373 0)
(1.99535 0.761353 0)
(2.01092 0.762223 0)
(2.0272 0.750407 0)
(2.07563 0.706804 0)
(2.12111 0.65151 0)
(2.1456 0.63522 0)
(2.15314 0.640227 0)
(2.17971 0.612304 0)
(2.22882 0.557324 0)
(2.26076 0.512002 0)
(2.2758 0.512895 0)
(2.28136 0.508544 0)
(2.31885 0.468652 0)
(2.35585 0.412023 0)
(2.37766 0.38477 0)
(2.38406 0.393022 0)
(2.3933 0.37738 0)
(2.43051 0.331405 0)
(2.4555 0.282695 0)
(2.47088 0.271394 0)
(2.47112 0.277924 0)
(2.48696 0.254242 0)
(2.51687 0.209537 0)
(2.53449 0.172665 0)
(2.54346 0.175158 0)
(2.54482 0.172481 0)
(2.56699 0.136851 0)
(2.58672 0.0978838 0)
(2.58439 0.110688 0)
(2.20399 0.480405 0)
(1.51461 0.734143 0)
(1.45105 0.711844 0)
(1.45215 0.700474 0)
(1.45445 0.697291 0)
(1.46328 0.693695 0)
(1.47586 0.688415 0)
(1.49283 0.680413 0)
(1.51483 0.668596 0)
(1.54008 0.653041 0)
(2.15281 0.803106 0)
(1.76859 0.963315 0)
(1.75959 0.962554 0)
(1.79367 0.939829 0)
(1.83314 0.910031 0)
(1.85733 0.898594 0)
(1.88101 0.88591 0)
(1.92403 0.851309 0)
(1.96685 0.80833 0)
(1.98933 0.795933 0)
(1.9997 0.797522 0)
(2.032 0.768745 0)
(2.08471 0.714432 0)
(2.119 0.673813 0)
(2.1327 0.677683 0)
(2.14087 0.671812 0)
(2.18339 0.630368 0)
(2.22678 0.571482 0)
(2.25131 0.546455 0)
(2.25841 0.5551 0)
(2.27233 0.536642 0)
(2.31558 0.487641 0)
(2.34569 0.436265 0)
(2.36281 0.428081 0)
(2.36478 0.433378 0)
(2.38777 0.403963 0)
(2.42259 0.352243 0)
(2.44286 0.315031 0)
(2.45312 0.318956 0)
(2.45307 0.317085 0)
(2.48193 0.282475 0)
(2.50729 0.234248 0)
(2.52253 0.210447 0)
(2.52722 0.219015 0)
(2.52967 0.210242 0)
(2.55556 0.171753 0)
(2.57425 0.130765 0)
(2.58645 0.124262 0)
(2.54496 0.208056 0)
(1.85597 0.65022 0)
(1.49172 0.740991 0)
(1.49364 0.730622 0)
(1.49795 0.724132 0)
(1.50497 0.717631 0)
(1.51556 0.709747 0)
(1.53099 0.700564 0)
(1.55279 0.688216 0)
(1.57931 0.67199 0)
(2.77936 0.328848 0)
(2.0422 0.865138 0)
(1.80091 0.965726 0)
(1.8008 0.961052 0)
(1.8349 0.935053 0)
(1.8617 0.920933 0)
(1.8913 0.899841 0)
(1.9335 0.862267 0)
(1.96421 0.832516 0)
(1.97881 0.832116 0)
(1.99632 0.819867 0)
(2.04333 0.778371 0)
(2.08775 0.7256 0)
(2.11031 0.70985 0)
(2.11625 0.717894 0)
(2.13894 0.694173 0)
(2.18864 0.64133 0)
(2.22244 0.591602 0)
(2.23855 0.589311 0)
(2.24092 0.593316 0)
(2.27084 0.560667 0)
(2.31234 0.504505 0)
(2.33678 0.46645 0)
(2.34764 0.472385 0)
(2.3508 0.467628 0)
(2.38471 0.428763 0)
(2.41394 0.376161 0)
(2.43146 0.353863 0)
(2.43639 0.363014 0)
(2.44412 0.348496 0)
(2.47687 0.306897 0)
(2.49696 0.262575 0)
(2.51005 0.253033 0)
(2.50945 0.261487 0)
(2.524 0.238559 0)
(2.54822 0.191344 0)
(2.5596 0.173786 0)
(2.57976 0.153183 0)
(2.57665 0.160664 0)
(2.35015 0.401862 0)
(1.68439 0.73979 0)
(1.52407 0.752862 0)
(1.53382 0.746492 0)
(1.53932 0.738638 0)
(1.54921 0.726662 0)
(1.56389 0.714286 0)
(1.58553 0.700557 0)
(1.61211 0.685329 0)
(2.99168 0.0293274 0)
(2.63097 0.467542 0)
(1.98928 0.902468 0)
(1.82886 0.965588 0)
(1.83627 0.958337 0)
(1.86644 0.939971 0)
(1.90435 0.911703 0)
(1.94023 0.87564 0)
(1.96067 0.861828 0)
(1.97243 0.860531 0)
(2.0034 0.833463 0)
(2.05337 0.783605 0)
(2.08583 0.745674 0)
(2.09825 0.749851 0)
(2.10514 0.746703 0)
(2.14531 0.708961 0)
(2.19083 0.651622 0)
(2.21639 0.621693 0)
(2.22414 0.631661 0)
(2.23184 0.621312 0)
(2.2737 0.57757 0)
(2.30831 0.522091 0)
(2.32779 0.503929 0)
(2.33185 0.514194 0)
(2.34455 0.495541 0)
(2.38263 0.448056 0)
(2.40655 0.40061 0)
(2.42103 0.395084 0)
(2.4214 0.402114 0)
(2.4406 0.376448 0)
(2.47146 0.329063 0)
(2.48827 0.292531 0)
(2.49816 0.294809 0)
(2.4971 0.296168 0)
(2.51962 0.266191 0)
(2.5407 0.218798 0)
(2.55197 0.202345 0)
(2.56283 0.200827 0)
(2.57598 0.17691 0)
(2.55383 0.210549 0)
(2.08875 0.591987 0)
(1.60709 0.772879 0)
(1.57511 0.762543 0)
(1.5785 0.747861 0)
(1.58456 0.7374 0)
(1.59687 0.727023 0)
(1.6173 0.714314 0)
(1.64172 0.701105 0)
(2.9998 0.000765351 0)
(2.97805 0.0573949 0)
(2.4942 0.579836 0)
(1.95882 0.926159 0)
(1.8532 0.967056 0)
(1.86804 0.957016 0)
(1.90952 0.928363 0)
(1.94228 0.897102 0)
(1.95778 0.892953 0)
(1.97483 0.880716 0)
(2.01725 0.841233 0)
(2.05754 0.792692 0)
(2.07723 0.779467 0)
(2.08182 0.788764 0)
(2.10307 0.767639 0)
(2.15341 0.717807 0)
(2.18978 0.666326 0)
(2.20674 0.660818 0)
(2.2078 0.670173 0)
(2.23036 0.644052 0)
(2.275 0.591479 0)
(2.30278 0.545447 0)
(2.31656 0.545793 0)
(2.3171 0.550507 0)
(2.34355 0.519898 0)
(2.37888 0.467186 0)
(2.3989 0.431214 0)
(2.40875 0.437433 0)
(2.4097 0.435295 0)
(2.43917 0.400742 0)
(2.46463 0.351811 0)
(2.47944 0.327957 0)
(2.48445 0.336807 0)
(2.48764 0.327464 0)
(2.51683 0.289268 0)
(2.53355 0.244185 0)
(2.54339 0.239489 0)
(2.5479 0.243901 0)
(2.56826 0.205758 0)
(2.57084 0.199731 0)
(2.47529 0.32532 0)
(1.89185 0.69647 0)
(1.6135 0.783056 0)
(1.61236 0.7735 0)
(1.62146 0.759206 0)
(1.63191 0.746624 0)
(1.64932 0.732725 0)
(1.66952 0.72002 0)
(3 1.99602e-06 0)
(2.99946 0.00238618 0)
(2.95179 0.098747 0)
(2.38047 0.663979 0)
(1.95596 0.944114 0)
(1.88114 0.963521 0)
(1.90377 0.948646 0)
(1.93893 0.921321 0)
(1.95949 0.91473 0)
(1.98567 0.89275 0)
(2.02668 0.849449 0)
(2.05367 0.815054 0)
(2.06459 0.818679 0)
(2.07328 0.81549 0)
(2.11332 0.778972 0)
(2.15963 0.722955 0)
(2.18495 0.692538 0)
(2.19121 0.704278 0)
(2.19491 0.699195 0)
(2.2349 0.65975 0)
(2.27459 0.603242 0)
(2.29662 0.575919 0)
(2.3029 0.587459 0)
(2.30729 0.579604 0)
(2.34442 0.538989 0)
(2.37414 0.485759 0)
(2.39123 0.466263 0)
(2.39546 0.477171 0)
(2.40347 0.463264 0)
(2.43713 0.420947 0)
(2.45782 0.374549 0)
(2.47096 0.365199 0)
(2.47143 0.37414 0)
(2.48436 0.353917 0)
(2.51236 0.311635 0)
(2.52694 0.274266 0)
(2.53679 0.272795 0)
(2.53516 0.279398 0)
(2.55815 0.245542 0)
(2.57451 0.20914 0)
(2.56788 0.222383 0)
(2.30602 0.480038 0)
(1.78526 0.77139 0)
(1.63675 0.794584 0)
(1.64849 0.784529 0)
(1.6632 0.768158 0)
(1.67805 0.753178 0)
(1.69434 0.739999 0)
(3 2.36677e-09 0)
(3 9.76912e-06 0)
(2.99871 0.00545513 0)
(2.90748 0.154231 0)
(2.31421 0.723765 0)
(1.96562 0.949971 0)
(1.91005 0.956411 0)
(1.92829 0.945101 0)
(1.95693 0.931007 0)
(1.99189 0.904601 0)
(2.02625 0.864415 0)
(2.0456 0.846302 0)
(2.05552 0.8509 0)
(2.07814 0.830831 0)
(2.12609 0.78325 0)
(2.1597 0.735302 0)
(2.17357 0.732112 0)
(2.17199 0.743982 0)
(2.19268 0.719886 0)
(2.24061 0.669169 0)
(2.27243 0.618752 0)
(2.28779 0.614164 0)
(2.28679 0.625487 0)
(2.3039 0.602773 0)
(2.34399 0.554129 0)
(2.36858 0.508181 0)
(2.38205 0.505249 0)
(2.38194 0.512776 0)
(2.40143 0.487493 0)
(2.43323 0.439419 0)
(2.45038 0.401875 0)
(2.4606 0.40485 0)
(2.45988 0.407471 0)
(2.48328 0.378507 0)
(2.50725 0.332838 0)
(2.51997 0.305707 0)
(2.52601 0.313199 0)
(2.52567 0.309931 0)
(2.55099 0.276892 0)
(2.57114 0.232488 0)
(2.57902 0.228729 0)
(2.53789 0.285091 0)
(2.12804 0.623762 0)
(1.73002 0.811538 0)
(1.68723 0.800181 0)
(1.69515 0.784861 0)
(1.70735 0.77009 0)
(1.72037 0.756765 0)
(3 3.49489e-13 0)
(3 1.49083e-08 0)
(2.99999 3.57071e-05 0)
(2.99697 0.0101506 0)
(2.85508 0.218166 0)
(2.28449 0.756046 0)
(1.96802 0.954499 0)
(1.92724 0.960458 0)
(1.94663 0.948122 0)
(1.98792 0.919898 0)
(2.02379 0.879903 0)
(2.04103 0.873285 0)
(2.05412 0.871243 0)
(2.08879 0.841014 0)
(2.12974 0.79105 0)
(2.15104 0.762799 0)
(2.15638 0.775293 0)
(2.16144 0.770594 0)
(2.20233 0.731277 0)
(2.24463 0.673805 0)
(2.26725 0.643908 0)
(2.27203 0.657343 0)
(2.2712 0.65601 0)
(2.30626 0.620335 0)
(2.34319 0.566449 0)
(2.364 0.534752 0)
(2.37124 0.544369 0)
(2.37052 0.542826 0)
(2.4004 0.508423 0)
(2.42805 0.458353 0)
(2.44391 0.432825 0)
(2.45046 0.441972 0)
(2.45337 0.435172 0)
(2.48195 0.399654 0)
(2.50093 0.355202 0)
(2.51271 0.34045 0)
(2.51433 0.350546 0)
(2.5222 0.336326 0)
(2.54851 0.296319 0)
(2.56108 0.269577 0)
(2.57921 0.252117 0)
(2.5753 0.26031 0)
(2.4651 0.3855 0)
(1.99534 0.710697 0)
(1.73904 0.814266 0)
(1.73121 0.806392 0)
(1.74165 0.788467 0)
(1.75322 0.772702 0)
(3 -3.4729e-16 0)
(3 3.74463e-12 0)
(3 6.50008e-08 0)
(2.99996 0.000104928 0)
(2.9939 0.0165167 0)
(2.81384 0.275263 0)
(2.24117 0.794594 0)
(1.97433 0.959621 0)
(1.95981 0.953406 0)
(1.98672 0.934777 0)
(2.02044 0.900951 0)
(2.03735 0.896815 0)
(2.05337 0.887447 0)
(2.09139 0.852864 0)
(2.12321 0.808376 0)
(2.13953 0.798187 0)
(2.14552 0.807311 0)
(2.16618 0.784243 0)
(2.21185 0.734162 0)
(2.24099 0.686608 0)
(2.25337 0.684177 0)
(2.25013 0.698321 0)
(2.26675 0.677025 0)
(2.31161 0.629417 0)
(2.34141 0.578709 0)
(2.3566 0.569837 0)
(2.35457 0.584194 0)
(2.36251 0.568409 0)
(2.39925 0.525061 0)
(2.42297 0.477609 0)
(2.43721 0.467378 0)
(2.43841 0.477927 0)
(2.44901 0.461212 0)
(2.47855 0.419326 0)
(2.49438 0.379236 0)
(2.50484 0.376775 0)
(2.5044 0.383729 0)
(2.52045 0.362261 0)
(2.54393 0.319768 0)
(2.55455 0.295227 0)
(2.56574 0.293433 0)
(2.57699 0.274486 0)
(2.56735 0.284021 0)
(2.34821 0.495455 0)
(1.91522 0.761538 0)
(1.75756 0.823884 0)
(1.76152 0.815102 0)
(1.77942 0.796703 0)
(3 -5.45737e-16 0)
(3 -8.08086e-16 0)
(3 2.63604e-11 0)
(3 2.24802e-07 0)
(2.99991 0.000248793 0)
(2.99092 0.0231033 0)
(2.75239 0.338674 0)
(2.22848 0.809816 0)
(2.00825 0.942169 0)
(1.99565 0.946937 0)
(2.00829 0.931938 0)
(2.02591 0.922746 0)
(2.05139 0.90343 0)
(2.09198 0.863038 0)
(2.11865 0.826918 0)
(2.13331 0.827687 0)
(2.14206 0.827258 0)
(2.17372 0.794632 0)
(2.21085 0.743362 0)
(2.23036 0.713929 0)
(2.23567 0.726712 0)
(2.23814 0.724663 0)
(2.27478 0.689155 0)
(2.31409 0.634812 0)
(2.33534 0.601433 0)
(2.34121 0.612912 0)
(2.3358 0.618009 0)
(2.36232 0.587278 0)
(2.39801 0.537287 0)
(2.41815 0.500219 0)
(2.42766 0.505067 0)
(2.42487 0.51016 0)
(2.44675 0.483227 0)
(2.47375 0.437251 0)
(2.48818 0.406643 0)
(2.49621 0.41306 0)
(2.4958 0.41317 0)
(2.52027 0.383456 0)
(2.53919 0.339422 0)
(2.54895 0.322773 0)
(2.55199 0.331419 0)
(2.56683 0.313404 0)
(2.57743 0.282864 0)
(2.54624 0.320162 0)
(2.22736 0.595323 0)
(1.87965 0.811861 0)
(1.77853 0.829702 0)
(1.79133 0.817518 0)
(3 1.05327e-17 0)
(3 -1.04462e-15 0)
(3 2.91217e-15 0)
(3 1.35835e-10 0)
(3 6.10848e-07 0)
(2.99984 0.000467193 0)
(2.98422 0.0331872 0)
(2.72776 0.369223 0)
(2.24171 0.803782 0)
(2.01168 0.947259 0)
(2.0024 0.954059 0)
(2.01897 0.94308 0)
(2.05515 0.91582 0)
(2.09629 0.86842 0)
(2.11517 0.847982 0)
(2.12292 0.85709 0)
(2.13598 0.846452 0)
(2.17551 0.806905 0)
(2.20653 0.757141 0)
(2.22194 0.74639 0)
(2.22486 0.759055 0)
(2.23898 0.741273 0)
(2.28141 0.697051 0)
(2.30963 0.647511 0)
(2.32345 0.637785 0)
(2.32123 0.654403 0)
(2.32744 0.64032 0)
(2.36696 0.598546 0)
(2.39574 0.548102 0)
(2.41164 0.530168 0)
(2.41247 0.544329 0)
(2.41309 0.537435 0)
(2.44498 0.501768 0)
(2.46871 0.45511 0)
(2.483 0.436713 0)
(2.48693 0.447422 0)
(2.49051 0.438737 0)
(2.51709 0.403201 0)
(2.53195 0.362023 0)
(2.54156 0.355955 0)
(2.54025 0.365825 0)
(2.56099 0.341562 0)
(2.57702 0.302662 0)
(2.58042 0.303064 0)
(2.50779 0.387002 0)
(2.14181 0.682894 0)
(1.86494 0.836517 0)
(1.81748 0.833889 0)
(3 1.35702e-15 0)
(3 1.38034e-15 0)
(3 -5.52936e-16 0)
(3 1.14351e-14 0)
(3 4.77313e-10 0)
(3 1.33542e-06 0)
(2.9997 0.000841161 0)
(2.98244 0.0372416 0)
(2.6989 0.401596 0)
(2.21885 0.823307 0)
(2.03297 0.946864 0)
(2.03259 0.94719 0)
(2.05531 0.929091 0)
(2.08772 0.889611 0)
(2.10214 0.878572 0)
(2.10961 0.882426 0)
(2.13807 0.85852 0)
(2.17955 0.811572 0)
(2.20418 0.773714 0)
(2.21465 0.779708 0)
(2.21587 0.78471 0)
(2.24278 0.756346 0)
(2.28052 0.706609 0)
(2.30079 0.66979 0)
(2.309 0.678338 0)
(2.30715 0.684716 0)
(2.33228 0.654877 0)
(2.36967 0.604799 0)
(2.39014 0.565613 0)
(2.39868 0.569925 0)
(2.39255 0.580915 0)
(2.40919 0.558366 0)
(2.44424 0.514169 0)
(2.46433 0.473095 0)
(2.47623 0.470455 0)
(2.47391 0.481415 0)
(2.48538 0.463049 0)
(2.51192 0.421738 0)
(2.52529 0.386611 0)
(2.53516 0.387184 0)
(2.53437 0.392586 0)
(2.55358 0.369293 0)
(2.57355 0.325078 0)
(2.58498 0.310482 0)
(2.5776 0.324057 0)
(2.43796 0.473001 0)
(2.07636 0.741772 0)
(1.87254 0.837461 0)
(3 2.20167e-15 0)
(3 1.04505e-15 0)
(3 2.34407e-16 0)
(3 -4.88923e-16 0)
(3 5.1846e-14 0)
(3 1.39198e-09 0)
(3 2.74916e-06 0)
(2.99963 0.00108081 0)
(2.97635 0.0455247 0)
(2.66674 0.432102 0)
(2.24684 0.817516 0)
(2.05475 0.938746 0)
(2.05179 0.939236 0)
(2.06699 0.920254 0)
(2.08707 0.907104 0)
(2.10792 0.896121 0)
(2.15025 0.86126 0)
(2.18308 0.816086 0)
(2.19826 0.800511 0)
(2.20009 0.814114 0)
(2.20586 0.805477 0)
(2.24422 0.768959 0)
(2.27615 0.719093 0)
(2.29323 0.699463 0)
(2.29782 0.71313 0)
(2.30341 0.703956 0)
(2.33905 0.664904 0)
(2.36632 0.615068 0)
(2.38035 0.595467 0)
(2.3807 0.611108 0)
(2.37968 0.606352 0)
(2.41293 0.573095 0)
(2.44259 0.525264 0)
(2.45918 0.497409 0)
(2.46468 0.508 0)
(2.4599 0.511002 0)
(2.48306 0.48213 0)
(2.50659 0.437722 0)
(2.51947 0.412792 0)
(2.52672 0.421299 0)
(2.52776 0.419508 0)
(2.54982 0.390661 0)
(1.64892 0.967025 0)
(2.16638 0.953754 0)
(2.47322 0.722264 0)
(2.51373 0.353286 0)
(2.48825 0.0415506 0)
(2.46681 -0.0518834 0)
(2.36612 -0.122029 0)
(2.33345 -0.140147 0)
(2.37727 -0.105042 0)
(2.3872 -0.0828492 0)
(2.36133 -0.0775099 0)
(2.32095 -0.0664687 0)
(2.26946 -0.0436033 0)
(2.24461 -0.028384 0)
(2.24091 -0.0172938 0)
(1.74765 0.736141 0)
(2.13206 0.465379 0)
(2.37333 0.157933 0)
(2.48978 -0.140756 0)
(2.50797 -0.32995 0)
(2.50417 -0.382707 0)
(2.48995 -0.318072 0)
(2.46885 -0.231164 0)
(2.42982 -0.123768 0)
(2.40719 -0.0980033 0)
(2.37771 -0.117671 0)
(2.36012 -0.121993 0)
(2.32104 -0.089266 0)
(2.29799 -0.0323616 0)
(2.29589 0.00904858 0)
(1.70064 0.743565 0)
(1.99921 0.587138 0)
(2.19553 0.428807 0)
(2.3519 0.201485 0)
(2.42213 0.0197227 0)
(2.4729 -0.0472403 0)
(2.51112 -0.0636118 0)
(2.50781 -0.169953 0)
(2.48433 -0.192369 0)
(2.47064 -0.236478 0)
(2.46577 -0.255461 0)
(2.46567 -0.21157 0)
(2.45241 -0.133141 0)
(2.4307 -0.0699469 0)
(2.40879 -0.0343857 0)
(1.66377 0.762109 0)
(1.91368 0.635796 0)
(2.1027 0.50869 0)
(2.22817 0.389332 0)
(2.36282 0.182743 0)
(2.4452 0.0123121 0)
(2.50165 -0.084338 0)
(2.54205 -0.15497 0)
(2.54119 -0.255816 0)
(2.53966 -0.307987 0)
(2.54333 -0.310347 0)
(2.54155 -0.279707 0)
(2.53578 -0.252768 0)
(2.51644 -0.223598 0)
(2.47801 -0.183062 0)
(1.62152 0.753242 0)
(1.82827 0.672287 0)
(2.01139 0.554041 0)
(2.14668 0.447341 0)
(2.23314 0.354838 0)
(2.34819 0.200325 0)
(2.43086 0.0447329 0)
(2.48221 -0.0384946 0)
(2.51305 -0.0746866 0)
(2.50392 -0.124187 0)
(2.52299 -0.193845 0)
(2.54259 -0.223172 0)
(2.56994 -0.268994 0)
(2.58226 -0.292391 0)
(2.56068 -0.278081 0)
(1.58115 0.729321 0)
(1.74783 0.679192 0)
(1.90823 0.601667 0)
(2.05565 0.490694 0)
(2.15981 0.40032 0)
(2.2291 0.324271 0)
(2.32102 0.200043 0)
(2.40294 0.0670792 0)
(2.44929 -0.0270445 0)
(2.47964 -0.077678 0)
(2.49608 -0.135912 0)
(2.52614 -0.205085 0)
(2.55638 -0.246127 0)
(2.56803 -0.296395 0)
(2.56275 -0.318951 0)
(1.53881 0.705382 0)
(1.68464 0.664611 0)
(1.81941 0.615744 0)
(1.95534 0.540287 0)
(2.07267 0.448987 0)
(2.15793 0.360778 0)
(2.21914 0.289177 0)
(2.28342 0.201717 0)
(2.36604 0.0940328 0)
(2.41405 -0.00891873 0)
(2.44555 -0.0619326 0)
(2.46397 -0.0835949 0)
(2.47564 -0.127849 0)
(2.49779 -0.1986 0)
(2.51644 -0.257002 0)
(1.5073 0.680972 0)
(1.62852 0.653423 0)
(1.7515 0.614274 0)
(1.86843 0.56028 0)
(1.97131 0.497638 0)
(2.07304 0.412813 0)
(2.15292 0.31551 0)
(2.20495 0.259721 0)
(2.25021 0.199387 0)
(2.32663 0.108393 0)
(2.38029 0.0184714 0)
(2.4123 -0.0489663 0)
(2.436 -0.0901925 0)
(2.44474 -0.130855 0)
(2.46891 -0.188929 0)
(1.47595 0.657698 0)
(1.5911 0.638368 0)
(1.69243 0.610964 0)
(1.80034 0.565501 0)
(1.88978 0.514615 0)
(1.97472 0.449767 0)
(2.06976 0.368721 0)
(2.13904 0.297058 0)
(2.19169 0.235345 0)
(2.23615 0.185136 0)
(2.28422 0.121653 0)
(2.3454 0.0477826 0)
(2.38332 -0.0278615 0)
(2.40543 -0.0808207 0)
(2.41658 -0.0932998 0)
(1.45055 0.635223 0)
(1.55232 0.627553 0)
(1.64691 0.604678 0)
(1.7396 0.566302 0)
(1.8264 0.519392 0)
(1.91098 0.45823 0)
(1.9791 0.40393 0)
(2.04826 0.349456 0)
(2.12853 0.28152 0)
(2.1861 0.210423 0)
(2.22591 0.173073 0)
(2.25309 0.136297 0)
(2.29846 0.0702697 0)
(2.34703 0.00849609 0)
(2.37655 -0.0379668 0)
(1.44899 0.618774 0)
(1.53368 0.610028 0)
(1.61473 0.590198 0)
(1.69662 0.558097 0)
(1.77253 0.521023 0)
(1.85669 0.470502 0)
(1.93161 0.416251 0)
(1.98724 0.379149 0)
(2.04917 0.330244 0)
(2.12069 0.270611 0)
(2.17752 0.222898 0)
(2.21801 0.169831 0)
(2.24893 0.123246 0)
(2.27118 0.0895461 0)
(2.30178 0.0447989 0)
(1.46182 0.601925 0)
(1.52846 0.592619 0)
(1.59932 0.576886 0)
(1.6693 0.554855 0)
(1.73776 0.523263 0)
(1.81099 0.482205 0)
(1.87703 0.44326 0)
(1.9427 0.402491 0)
(2.01343 0.349052 0)
(2.06643 0.313869 0)
(2.10717 0.283048 0)
(2.16126 0.230064 0)
(2.20937 0.165552 0)
(2.23863 0.119057 0)
(2.25636 0.0981998 0)
(1.48366 0.612254 0)
(1.53601 0.596895 0)
(1.59354 0.575011 0)
(1.65021 0.553275 0)
(1.71133 0.527067 0)
(1.77939 0.493238 0)
(1.84161 0.462537 0)
(1.90614 0.427799 0)
(1.97462 0.384625 0)
(2.03121 0.347569 0)
(2.07361 0.312607 0)
(2.11229 0.271971 0)
(2.15348 0.219031 0)
(2.19482 0.172458 0)
(2.22359 0.135483 0)
(1.52391 0.617895 0)
(1.5641 0.595856 0)
(1.60645 0.574304 0)
(1.65178 0.551202 0)
(1.70833 0.523633 0)
(1.76607 0.500577 0)
(1.82151 0.477763 0)
(1.88756 0.442349 0)
(1.9487 0.406242 0)
(1.9911 0.385822 0)
(2.03498 0.348537 0)
(2.08435 0.287972 0)
(2.12245 0.244361 0)
(2.14396 0.226062 0)
(2.17287 0.189404 0)
(1.57071 0.633161 0)
(1.60198 0.613145 0)
(1.63439 0.592007 0)
(1.67423 0.565672 0)
(1.71883 0.543348 0)
(1.76129 0.52684 0)
(1.81237 0.501109 0)
(1.87387 0.462584 0)
(1.92461 0.4319 0)
(1.96158 0.413762 0)
(2.00474 0.374941 0)
(2.05347 0.316891 0)
(2.0911 0.278692 0)
(2.1153 0.257856 0)
(2.14693 0.223251 0)
(1.60944 0.65326 0)
(1.63843 0.634374 0)
(1.6703 0.61092 0)
(1.70789 0.583508 0)
(1.74379 0.562794 0)
(1.77788 0.543776 0)
(1.82499 0.512246 0)
(1.87609 0.475566 0)
(1.91405 0.456583 0)
(1.94656 0.432509 0)
(1.99283 0.38172 0)
(2.03554 0.334203 0)
(2.06549 0.316934 0)
(2.0896 0.294564 0)
(2.13391 0.252455 0)
(1.64069 0.67035 0)
(1.66997 0.65319 0)
(1.70429 0.629119 0)
(1.73905 0.60617 0)
(1.76932 0.590158 0)
(1.80214 0.567532 0)
(1.84554 0.531533 0)
(1.88515 0.499399 0)
(1.91247 0.486774 0)
(1.9428 0.45818 0)
(1.98808 0.403325 0)
(2.02437 0.363739 0)
(2.04929 0.353746 0)
(2.07668 0.330083 0)
(2.12628 0.288703 0)
(1.66753 0.688396 0)
(1.69683 0.671018 0)
(1.73089 0.647986 0)
(1.7628 0.629 0)
(1.79189 0.61255 0)
(1.82672 0.585023 0)
(1.86666 0.547358 0)
(1.8986 0.522466 0)
(1.92187 0.508967 0)
(1.95496 0.472447 0)
(1.99558 0.419077 0)
(2.02543 0.395293 0)
(2.04744 0.388278 0)
(2.08195 0.358924 0)
(2.13009 0.311982 0)
(1.69188 0.706756 0)
(1.72002 0.687548 0)
(1.7517 0.665298 0)
(1.78019 0.649192 0)
(1.80814 0.632013 0)
(1.8441 0.602398 0)
(1.88146 0.567165 0)
(1.91009 0.547721 0)
(1.93351 0.53206 0)
(1.96808 0.494408 0)
(2.00435 0.448851 0)
(2.03247 0.432945 0)
(2.05515 0.424599 0)
(2.09137 0.393316 0)
(2.1335 0.344839 0)
(1.7146 0.723876 0)
(1.74182 0.701463 0)
(1.76985 0.680515 0)
(1.79414 0.667265 0)
(1.82223 0.647746 0)
(1.85988 0.614829 0)
(1.89393 0.584637 0)
(1.91856 0.572901 0)
(1.94274 0.555765 0)
(1.98113 0.515914 0)
(2.01689 0.474743 0)
(2.04381 0.464781 0)
(2.06565 0.456111 0)
(2.10215 0.421242 0)
(2.14003 0.369465 0)
(1.73935 0.738417 0)
(1.7639 0.715881 0)
(1.78666 0.699165 0)
(1.80872 0.685691 0)
(1.83902 0.661615 0)
(1.87338 0.630032 0)
(1.90009 0.610948 0)
(1.92217 0.602067 0)
(1.95211 0.578651 0)
(1.9922 0.537234 0)
(2.02357 0.505316 0)
(2.04742 0.500479 0)
(2.07098 0.487339 0)
(2.10952 0.446213 0)
(2.14287 0.393624 0)
(1.76935 0.753565 0)
(1.78858 0.73411 0)
(1.80721 0.719528 0)
(1.8293 0.702294 0)
(1.8579 0.676606 0)
(1.88527 0.650864 0)
(1.90838 0.635997 0)
(1.93254 0.62185 0)
(1.96434 0.595093 0)
(1.99893 0.559165 0)
(2.02706 0.534494 0)
(2.05122 0.526368 0)
(2.07748 0.506498 0)
(2.11331 0.462973 0)
(2.14116 0.416947 0)
(1.79635 0.776385 0)
(1.81228 0.758034 0)
(1.82901 0.742309 0)
(1.84993 0.722859 0)
(1.8742 0.697639 0)
(1.89707 0.674204 0)
(1.91876 0.659135 0)
(1.94255 0.643706 0)
(1.97235 0.61726 0)
(2.00445 0.581936 0)
(2.03132 0.557879 0)
(2.05353 0.549333 0)
(2.07746 0.529168 0)
(2.11088 0.485929 0)
(2.13799 0.442289 0)
(1.81528 0.795245 0)
(1.8327 0.777538 0)
(1.84973 0.760879 0)
(1.87037 0.73937 0)
(1.89114 0.715248 0)
(1.91082 0.694722 0)
(1.93264 0.678602 0)
(1.95764 0.659318 0)
(1.98582 0.630873 0)
(2.01281 0.599451 0)
(2.03542 0.58167 0)
(2.05545 0.572353 0)
(2.08143 0.545619 0)
(2.11384 0.499497 0)
(2.13732 0.464684 0)
(1.82954 0.815921 0)
(1.8498 0.794977 0)
(1.86821 0.776266 0)
(1.88549 0.75798 0)
(1.90306 0.73798 0)
(1.92503 0.715606 0)
(1.9492 0.69579 0)
(1.97081 0.678993 0)
(1.99289 0.655557 0)
(2.01826 0.625723 0)
(2.04204 0.604803 0)
(2.06166 0.592256 0)
(2.08398 0.566584 0)
(2.11194 0.525513 0)
(2.13521 0.495551 0)
(1.86083 0.834609 0)
(1.87136 0.815619 0)
(1.8894 0.794199 0)
(1.9041 0.776088 0)
(1.92149 0.754305 0)
(1.94336 0.731517 0)
(1.96335 0.717062 0)
(1.9807 0.702876 0)
(2.00452 0.674211 0)
(2.03067 0.640453 0)
(2.05104 0.625203 0)
(2.0649 0.617912 0)
(2.08672 0.590002 0)
(2.11644 0.545587 0)
(2.13981 0.518657 0)
)
;

boundaryField
{
    inlet
    {
        type            fixedValue;
        value           uniform (3 0 0);
    }
    outlet
    {
        type            inletOutlet;
        inletValue      nonuniform 0();
        value           nonuniform 0();
    }
    bottom
    {
        type            slip;
    }
    top
    {
        type            slip;
    }
    obstacle
    {
        type            slip;
    }
    defaultFaces
    {
        type            empty;
    }
    procBoundary0to1
    {
        type            processor;
        value           nonuniform List<vector> 
26
(
(2.27794 -0.0243557 0)
(2.30223 0.00886219 0)
(2.37968 -0.0285544 0)
(2.44395 -0.14359 0)
(2.52539 -0.253441 0)
(2.551 -0.313088 0)
(2.53091 -0.27542 0)
(2.50145 -0.222945 0)
(2.42663 -0.12331 0)
(2.39615 -0.0862269 0)
(2.34805 -0.012414 0)
(2.27729 0.059978 0)
(2.25139 0.0848324 0)
(2.22092 0.132076 0)
(2.19284 0.177963 0)
(2.17992 0.202512 0)
(2.16923 0.240272 0)
(2.16609 0.271106 0)
(2.16418 0.309296 0)
(2.16713 0.338159 0)
(2.16598 0.369662 0)
(2.16222 0.399827 0)
(2.15924 0.428184 0)
(2.15623 0.459694 0)
(2.15553 0.490308 0)
(2.15842 0.518075 0)
)
;
    }
    procBoundary0to2
    {
        type            processor;
        value           nonuniform List<vector> 
112
(
(3 -5.07135e-17 0)
(3 5.45113e-17 0)
(3 -8.12429e-17 0)
(3 -1.45898e-16 0)
(3 -3.14571e-16 0)
(3 -1.37494e-17 0)
(3 1.01547e-16 0)
(3 1.45444e-16 0)
(3 1.66268e-16 0)
(3 -3.03067e-16 0)
(3 -1.22945e-15 0)
(3 -7.0791e-16 0)
(3 1.60247e-16 0)
(3 4.00087e-16 0)
(3 9.71937e-16 0)
(3 1.31735e-15 0)
(3 4.91629e-16 0)
(3 -3.66272e-16 0)
(3 -2.86494e-16 0)
(3 -3.86817e-16 0)
(3 -5.13367e-16 0)
(3 -8.5024e-16 0)
(3 -8.73975e-16 0)
(3 -1.31793e-15 0)
(3 -1.4965e-15 0)
(3 -1.21173e-15 0)
(3 -6.0624e-16 0)
(3 -9.00863e-16 0)
(3 -1.44928e-15 0)
(3 -1.6685e-15 0)
(3 -6.82026e-16 0)
(3 9.67058e-16 0)
(3 1.1819e-15 0)
(3 8.95216e-16 0)
(3 6.34217e-16 0)
(3 3.57979e-16 0)
(3 -1.24545e-16 0)
(3 -7.86116e-16 0)
(3 1.16557e-16 0)
(3 2.71199e-16 0)
(3 -5.10403e-17 0)
(3 3.93263e-17 0)
(3 -1.67279e-16 0)
(3 -1.8612e-16 0)
(3 3.02436e-16 0)
(3 1.16448e-15 0)
(3 1.47368e-15 0)
(3 1.34869e-15 0)
(2.56489 0.350817 0)
(2.57871 0.336698 0)
(2.58398 0.334164 0)
(2.56634 0.35293 0)
(2.35814 0.550396 0)
(2.0289 0.76913 0)
(3 1.27855e-15 0)
(3 1.28259e-15 0)
(3 1.33829e-15 0)
(3 -6.33927e-16 0)
(3 -1.70153e-15 0)
(3 1.93246e-13 0)
(3 3.16712e-09 0)
(3 3.92153e-06 0)
(2.99943 0.00155557 0)
(2.97062 0.0541129 0)
(2.68803 0.427834 0)
(2.23758 0.82534 0)
(2.07295 0.932237 0)
(2.0667 0.93329 0)
(2.08272 0.923119 0)
(2.11422 0.905081 0)
(2.15583 0.868455 0)
(2.17511 0.834599 0)
(2.17976 0.837605 0)
(2.17926 0.843894 0)
(2.20401 0.819527 0)
(2.24778 0.774669 0)
(2.27534 0.731064 0)
(2.28864 0.730418 0)
(2.28857 0.741562 0)
(2.30388 0.720729 0)
(2.339 0.67513 0)
(2.35862 0.632692 0)
(2.36823 0.632874 0)
(2.36549 0.644685 0)
(2.37996 0.62379 0)
(2.41715 0.581794 0)
(2.43915 0.538342 0)
(2.45124 0.530314 0)
(2.44834 0.54567 0)
(2.45076 0.534728 0)
(2.4819 0.497597 0)
(2.50184 0.454567 0)
(2.51481 0.441356 0)
(2.51804 0.452383 0)
(2.52226 0.443225 0)
(2.56489 0.350817 0)
(2.54602 0.408525 0)
(1.89046 0.841682 0)
(1.88936 0.836786 0)
(1.90494 0.819086 0)
(1.92193 0.799652 0)
(1.94023 0.776161 0)
(1.95991 0.753709 0)
(1.97628 0.740729 0)
(1.99205 0.724895 0)
(2.01556 0.694515 0)
(2.03876 0.66346 0)
(2.05616 0.651917 0)
(2.06911 0.642011 0)
(2.09321 0.610251 0)
(2.12092 0.568102 0)
(2.14189 0.549256 0)
)
;
    }
}


// ************************************************************************* //
