/*--------------------------------*- C++ -*----------------------------------*\
  =========                 |
  \\      /  F ield         | OpenFOAM: The Open Source CFD Toolbox
   \\    /   O peration     | Website:  https://openfoam.org
    \\  /    A nd           | Version:  7
     \\/     M anipulation  |
\*---------------------------------------------------------------------------*/
FoamFile
{
    version     2.0;
    format      ascii;
    class       volVectorField;
    location    "3.7";
    object      U;
}
// * * * * * * * * * * * * * * * * * * * * * * * * * * * * * * * * * * * * * //

dimensions      [0 1 -1 0 0 0 0];

internalField   nonuniform List<vector> 
4128
(
(3 -1.29931e-17 0)
(3 1.39373e-16 0)
(3 1.97381e-16 0)
(3 2.53789e-16 0)
(3 4.20315e-16 0)
(3 4.47435e-16 0)
(3 1.91643e-16 0)
(3 2.69321e-16 0)
(3 3.72796e-16 0)
(3 8.31554e-17 0)
(3 -3.3067e-16 0)
(3 -1.08571e-16 0)
(3 5.38425e-16 0)
(3 5.38726e-16 0)
(3 8.8226e-17 0)
(3 -5.9498e-16 0)
(3 -8.17506e-16 0)
(3 -9.29305e-16 0)
(3 -9.43339e-16 0)
(3 -7.74567e-16 0)
(3 -4.08668e-16 0)
(3 -1.58815e-16 0)
(3 2.10474e-16 0)
(3 5.05692e-16 0)
(3 8.34899e-16 0)
(3 -1.82286e-16 0)
(3 -5.05431e-16 0)
(3 -9.22053e-16 0)
(3 -1.04637e-15 0)
(3 -9.91715e-16 0)
(3 -6.11169e-17 0)
(3 2.82234e-16 0)
(3 1.06772e-15 0)
(3 7.42584e-16 0)
(3 5.758e-17 0)
(3 1.0885e-16 0)
(3 1.06164e-16 0)
(3 6.42969e-17 0)
(3 2.4968e-17 0)
(3 6.72862e-17 0)
(3 1.3601e-15 0)
(3 1.215e-15 0)
(3 5.86243e-16 0)
(3 1.15835e-16 0)
(3 4.9904e-17 0)
(3 -1.81483e-16 0)
(3 -2.97161e-16 0)
(3 -9.22999e-17 0)
(3 1.90117e-16 0)
(3 4.04313e-16 0)
(3 6.7529e-16 0)
(3 8.15737e-16 0)
(3 4.26603e-16 0)
(3 -8.69058e-16 0)
(3 -1.58915e-15 0)
(3 -1.17876e-15 0)
(3 -1.19176e-15 0)
(3 -7.51846e-16 0)
(3 -7.08869e-16 0)
(3 -4.74302e-16 0)
(3 7.04753e-17 0)
(3 5.10848e-17 0)
(3 -3.88399e-16 0)
(3 -1.18305e-16 0)
(3 1.43329e-16 0)
(3 5.72659e-16 0)
(3 -1.03616e-16 0)
(3 -2.67425e-16 0)
(3 4.67643e-17 0)
(3 5.27263e-16 0)
(3 3.97135e-16 0)
(3 2.86189e-15 0)
(1.45424 0.00830399 0)
(0.769827 0.00884902 0)
(0.723512 0.0111399 0)
(0.696963 0.0120565 0)
(0.667104 0.0125561 0)
(0.637729 0.0130584 0)
(0.607638 0.0134965 0)
(0.577216 0.0137654 0)
(0.54677 0.0138371 0)
(0.516632 0.0137936 0)
(0.486829 0.0138395 0)
(0.456921 0.0141817 0)
(0.42633 0.0147174 0)
(0.394943 0.015165 0)
(0.362992 0.0154955 0)
(0.330492 0.0158792 0)
(0.297184 0.0163876 0)
(0.262788 0.0170054 0)
(0.227058 0.01774 0)
(0.189735 0.0185999 0)
(0.15063 0.0195729 0)
(0.109468 0.0206663 0)
(0.0664957 0.0212454 0)
(0.0231085 0.0219333 0)
(3 -6.45029e-17 0)
(3 4.39429e-17 0)
(3 3.41102e-16 0)
(3 3.7871e-16 0)
(3 2.67644e-16 0)
(3 4.53522e-16 0)
(3 6.34238e-17 0)
(3 -1.98933e-17 0)
(3 2.75155e-16 0)
(3 2.35519e-16 0)
(3 1.67427e-16 0)
(3 -3.88465e-17 0)
(3 1.58165e-17 0)
(3 1.87888e-16 0)
(3 -7.82057e-16 0)
(3 -9.80358e-16 0)
(3 -1.06785e-15 0)
(3 -1.41639e-15 0)
(3 -1.1639e-15 0)
(3 -8.59207e-16 0)
(3 -7.61365e-16 0)
(3 -7.21018e-16 0)
(3 -4.0099e-17 0)
(3 2.63295e-16 0)
(3 9.7907e-16 0)
(3 -1.20573e-16 0)
(3 -1.02628e-15 0)
(3 -1.54089e-15 0)
(3 -1.17591e-15 0)
(3 -1.25013e-15 0)
(3 -5.08801e-16 0)
(3 1.13072e-15 0)
(3 1.23178e-15 0)
(3 1.1084e-15 0)
(3 7.67924e-16 0)
(3 8.15705e-16 0)
(3 1.62822e-15 0)
(3 1.42479e-15 0)
(3 7.93079e-16 0)
(3 7.87163e-16 0)
(3 1.43899e-15 0)
(3 1.24276e-15 0)
(3 4.23864e-17 0)
(3 -5.0268e-16 0)
(3 -6.22128e-16 0)
(3 -9.81728e-16 0)
(3 -1.12312e-15 0)
(3 -9.0197e-16 0)
(3 -8.40078e-16 0)
(3 -1.19602e-16 0)
(3 7.48175e-16 0)
(3 9.82072e-16 0)
(3 3.59169e-16 0)
(3 -1.76407e-15 0)
(3 -2.72901e-15 0)
(3 -2.11041e-15 0)
(3 -1.68396e-15 0)
(3 -6.32766e-16 0)
(3 -5.78798e-16 0)
(3 -4.48123e-16 0)
(3 4.76713e-16 0)
(3 -2.70504e-16 0)
(3 -1.42037e-15 0)
(3 -1.47079e-15 0)
(3 -1.06821e-15 0)
(3 -2.46005e-16 0)
(3 -9.50478e-16 0)
(3 -9.8745e-16 0)
(3 -6.37668e-16 0)
(3 -1.96129e-16 0)
(3 4.54608e-16 0)
(3 -2.10713e-15 0)
(1.46928 0.0384689 0)
(0.765726 0.0357413 0)
(0.715985 0.03295 0)
(0.689154 0.0347682 0)
(0.659299 0.0361968 0)
(0.629969 0.0377863 0)
(0.59993 0.0392379 0)
(0.569515 0.0401721 0)
(0.539018 0.0404668 0)
(0.508797 0.0403463 0)
(0.478928 0.0404892 0)
(0.449009 0.0415922 0)
(0.418463 0.0433358 0)
(0.387151 0.0448126 0)
(0.35534 0.0459222 0)
(0.32311 0.0471981 0)
(0.290274 0.0488713 0)
(0.256603 0.0508912 0)
(0.221878 0.0532578 0)
(0.185799 0.0559983 0)
(0.148048 0.0590679 0)
(0.108185 0.0625691 0)
(0.0661177 0.0646487 0)
(0.0232038 0.0672188 0)
(3 -1.85269e-16 0)
(3 -3.3577e-16 0)
(3 6.65328e-17 0)
(3 3.02373e-16 0)
(3 -4.1001e-16 0)
(3 -8.45257e-16 0)
(3 -6.67098e-16 0)
(3 -6.58259e-16 0)
(3 -8.13991e-16 0)
(3 -6.89255e-16 0)
(3 3.34033e-16 0)
(3 6.34557e-16 0)
(3 6.00642e-16 0)
(3 4.85556e-16 0)
(3 4.34732e-16 0)
(3 7.2686e-16 0)
(3 4.34984e-16 0)
(3 -7.07921e-16 0)
(3 -1.52831e-15 0)
(3 -1.62531e-15 0)
(3 -1.54942e-15 0)
(3 -1.13312e-15 0)
(3 -9.60772e-16 0)
(3 -6.74685e-16 0)
(3 -1.82352e-16 0)
(3 -3.98421e-16 0)
(3 -5.84453e-16 0)
(3 -7.88719e-16 0)
(3 -5.11426e-16 0)
(3 1.1595e-17 0)
(3 4.47014e-16 0)
(3 1.18212e-15 0)
(3 1.5216e-15 0)
(3 1.77165e-15 0)
(3 1.69311e-15 0)
(3 1.50349e-15 0)
(3 2.40806e-15 0)
(3 2.3164e-15 0)
(3 1.17485e-15 0)
(3 1.13919e-15 0)
(3 1.11538e-15 0)
(3 6.62319e-16 0)
(3 -1.45956e-17 0)
(3 -7.13167e-16 0)
(3 -1.7138e-15 0)
(3 -1.75423e-15 0)
(3 -1.30619e-15 0)
(3 -1.09499e-16 0)
(3 -1.28228e-16 0)
(3 1.67386e-16 0)
(3 4.19518e-16 0)
(3 3.32413e-16 0)
(3 -1.88224e-16 0)
(3 -1.27912e-15 0)
(3 -1.62057e-15 0)
(3 -1.86066e-15 0)
(3 -1.57408e-15 0)
(3 -7.5148e-16 0)
(3 -2.65056e-16 0)
(3 1.02415e-15 0)
(3 1.91908e-15 0)
(3 1.55527e-15 0)
(3 4.82138e-16 0)
(3 -1.07077e-16 0)
(3 -7.54995e-16 0)
(3 -9.55625e-16 0)
(3 -1.03686e-15 0)
(3 -1.46511e-15 0)
(3 -1.56322e-15 0)
(3 -2.33229e-15 0)
(3 -7.36633e-16 0)
(3 -3.05183e-15 0)
(1.51736 0.0678461 0)
(0.772263 0.0623808 0)
(0.718027 0.0570784 0)
(0.689658 0.0594157 0)
(0.658816 0.0615197 0)
(0.6288 0.0639482 0)
(0.59829 0.0662572 0)
(0.567459 0.0678007 0)
(0.536492 0.0683289 0)
(0.505717 0.0681206 0)
(0.475245 0.068261 0)
(0.444755 0.0699582 0)
(0.413692 0.0727386 0)
(0.381821 0.0750838 0)
(0.349393 0.0767646 0)
(0.316541 0.0786247 0)
(0.283176 0.0810473 0)
(0.249203 0.0839743 0)
(0.214565 0.0874649 0)
(0.179102 0.0916891 0)
(0.142522 0.0966361 0)
(0.104335 0.102606 0)
(0.0639044 0.106483 0)
(0.0226555 0.111408 0)
(3 -5.7332e-17 0)
(3 -8.28188e-17 0)
(3 -1.03913e-16 0)
(3 -2.48086e-16 0)
(3 -6.65454e-16 0)
(3 -1.68624e-15 0)
(3 -1.5785e-15 0)
(3 -1.21875e-15 0)
(3 -1.32104e-15 0)
(3 -1.29241e-15 0)
(3 -1.36687e-15 0)
(3 -6.6582e-16 0)
(3 4.01706e-16 0)
(3 5.63805e-16 0)
(3 9.88156e-16 0)
(3 1.15647e-15 0)
(3 7.09882e-16 0)
(3 -3.7328e-16 0)
(3 -1.18843e-15 0)
(3 -1.55783e-15 0)
(3 -1.35195e-15 0)
(3 -8.03146e-16 0)
(3 -3.78466e-16 0)
(3 5.61193e-17 0)
(3 1.66205e-16 0)
(3 1.21114e-16 0)
(3 -3.15053e-17 0)
(3 1.57158e-16 0)
(3 -1.3104e-16 0)
(3 -2.77729e-16 0)
(3 -2.56628e-16 0)
(3 -1.16764e-16 0)
(3 6.23847e-16 0)
(3 1.00366e-15 0)
(3 8.26676e-16 0)
(3 4.12705e-16 0)
(3 3.60157e-16 0)
(3 8.24945e-16 0)
(3 6.76288e-16 0)
(3 2.16068e-16 0)
(3 1.34791e-16 0)
(3 7.52699e-16 0)
(3 8.07962e-16 0)
(3 4.59349e-16 0)
(3 2.02776e-16 0)
(3 1.2521e-16 0)
(3 4.11588e-16 0)
(3 6.14704e-16 0)
(3 1.06273e-15 0)
(3 7.41354e-16 0)
(3 1.90636e-16 0)
(3 -2.09327e-16 0)
(3 -3.10625e-16 0)
(3 -1.04459e-16 0)
(3 3.59273e-17 0)
(3 -3.92448e-16 0)
(3 -3.70002e-16 0)
(3 1.78938e-16 0)
(3 1.41382e-15 0)
(3 2.2183e-15 0)
(3 2.82558e-15 0)
(3 3.05762e-15 0)
(3 3.01625e-15 0)
(3 2.64089e-15 0)
(3 1.7083e-15 0)
(3 5.76931e-16 0)
(3 1.39904e-16 0)
(3 -1.26515e-15 0)
(3 -1.77765e-15 0)
(3 -2.42292e-15 0)
(3 -1.1925e-15 0)
(3 8.78651e-16 0)
(1.59029 0.0943191 0)
(0.780497 0.0889359 0)
(0.72111 0.0820926 0)
(0.692125 0.0842113 0)
(0.661251 0.0866894 0)
(0.631482 0.0897833 0)
(0.601384 0.0929283 0)
(0.570908 0.0952085 0)
(0.540092 0.09621 0)
(0.509208 0.0961675 0)
(0.478422 0.0964824 0)
(0.447538 0.098903 0)
(0.416043 0.102887 0)
(0.383563 0.106353 0)
(0.350294 0.10888 0)
(0.316393 0.111535 0)
(0.281833 0.114779 0)
(0.24661 0.11846 0)
(0.210839 0.122616 0)
(0.174603 0.127617 0)
(0.137842 0.133588 0)
(0.100384 0.141416 0)
(0.0611531 0.146871 0)
(0.0217446 0.154142 0)
(3 1.22556e-16 0)
(3 1.18127e-16 0)
(3 -4.10353e-16 0)
(3 -4.8911e-16 0)
(3 -6.39426e-16 0)
(3 -1.02374e-15 0)
(3 -1.32663e-15 0)
(3 -1.21519e-15 0)
(3 -1.56537e-15 0)
(3 -1.44285e-15 0)
(3 -1.41924e-15 0)
(3 -1.17e-15 0)
(3 -1.53956e-16 0)
(3 1.13529e-15 0)
(3 1.7541e-15 0)
(3 1.34127e-15 0)
(3 2.93006e-16 0)
(3 1.65363e-19 0)
(3 -2.50686e-16 0)
(3 -7.87871e-16 0)
(3 -8.66434e-16 0)
(3 -9.45994e-16 0)
(3 -2.29767e-17 0)
(3 5.14081e-16 0)
(3 8.03757e-16 0)
(3 1.03114e-15 0)
(3 9.15159e-16 0)
(3 3.36921e-16 0)
(3 -6.29139e-16 0)
(3 -5.56283e-16 0)
(3 8.73015e-17 0)
(3 6.23292e-16 0)
(3 6.05736e-16 0)
(3 9.64292e-16 0)
(3 1.03694e-15 0)
(3 1.08125e-15 0)
(3 4.90299e-16 0)
(3 3.98465e-16 0)
(3 5.65768e-16 0)
(3 7.10029e-16 0)
(3 7.28667e-16 0)
(3 8.76807e-16 0)
(3 9.61773e-16 0)
(3 6.39091e-16 0)
(3 4.82981e-16 0)
(3 3.76041e-16 0)
(3 1.09186e-16 0)
(3 -2.69256e-17 0)
(3 9.67694e-16 0)
(3 1.30401e-15 0)
(3 7.13308e-16 0)
(3 -2.10676e-16 0)
(3 1.45978e-16 0)
(3 1.05726e-15 0)
(3 1.45996e-15 0)
(3 1.44088e-15 0)
(3 1.31957e-15 0)
(3 1.36062e-15 0)
(3 1.97738e-15 0)
(3 2.37436e-15 0)
(3 2.45937e-15 0)
(3 2.64414e-15 0)
(3 2.42369e-15 0)
(3 2.50234e-15 0)
(3 2.01935e-15 0)
(3 1.33721e-15 0)
(3 1.56617e-16 0)
(3 -1.498e-15 0)
(3 -1.84425e-15 0)
(3 -1.15694e-15 0)
(3 -5.68663e-16 0)
(3 -1.33492e-15 0)
(1.69035 0.120728 0)
(0.790849 0.116038 0)
(0.723261 0.108617 0)
(0.693209 0.109536 0)
(0.662072 0.11193 0)
(0.632433 0.115369 0)
(0.602754 0.11922 0)
(0.572763 0.12229 0)
(0.542332 0.12394 0)
(0.51167 0.124233 0)
(0.481013 0.124735 0)
(0.450347 0.12779 0)
(0.419245 0.132945 0)
(0.387141 0.137625 0)
(0.354113 0.141167 0)
(0.320287 0.144824 0)
(0.285581 0.149138 0)
(0.249915 0.153845 0)
(0.213383 0.158847 0)
(0.176171 0.164607 0)
(0.138385 0.17118 0)
(0.100336 0.180233 0)
(0.0607453 0.186689 0)
(0.0216515 0.195786 0)
(3 -6.98712e-17 0)
(3 3.8859e-17 0)
(3 8.06447e-17 0)
(3 6.90779e-17 0)
(3 2.9857e-16 0)
(3 -1.1119e-16 0)
(3 -5.89188e-16 0)
(3 -6.19517e-16 0)
(3 -1.14564e-15 0)
(3 -1.89406e-15 0)
(3 -1.209e-15 0)
(3 -9.7254e-16 0)
(3 -9.70052e-16 0)
(3 1.81031e-16 0)
(3 8.04645e-16 0)
(3 1.13513e-16 0)
(3 -7.12224e-17 0)
(3 4.27159e-16 0)
(3 1.81315e-16 0)
(3 -2.88466e-16 0)
(3 -5.51343e-16 0)
(3 -8.66523e-16 0)
(3 -2.53145e-16 0)
(3 -3.98638e-16 0)
(3 2.44366e-17 0)
(3 3.52277e-16 0)
(3 1.28311e-18 0)
(3 -8.30774e-17 0)
(3 1.229e-16 0)
(3 3.84112e-16 0)
(3 4.88552e-16 0)
(3 6.12985e-16 0)
(3 5.91809e-16 0)
(3 5.42967e-16 0)
(3 7.57626e-16 0)
(3 1.18609e-15 0)
(3 7.7195e-16 0)
(3 3.2209e-16 0)
(3 8.16763e-16 0)
(3 1.4138e-15 0)
(3 1.55076e-15 0)
(3 1.44471e-15 0)
(3 1.65002e-15 0)
(3 1.62397e-15 0)
(3 1.36595e-15 0)
(3 5.46793e-16 0)
(3 -3.63295e-16 0)
(3 -7.498e-16 0)
(3 -7.45277e-16 0)
(3 -1.04862e-16 0)
(3 5.14248e-16 0)
(3 6.17304e-16 0)
(3 6.80229e-16 0)
(3 9.48387e-16 0)
(3 1.11137e-15 0)
(3 9.21234e-16 0)
(3 1.14514e-15 0)
(3 1.0587e-15 0)
(3 1.23724e-15 0)
(3 1.18512e-15 0)
(3 1.76136e-15 0)
(3 1.67478e-15 0)
(3 1.10718e-15 0)
(3 4.43913e-16 0)
(3 8.61096e-16 0)
(3 1.51261e-15 0)
(3 6.0941e-16 0)
(3 -2.91656e-16 0)
(3 -1.79983e-16 0)
(3 -6.58458e-16 0)
(3 -2.43122e-16 0)
(3 -1.10557e-15 0)
(1.82626 0.145297 0)
(0.806961 0.143754 0)
(0.727568 0.136827 0)
(0.696348 0.13553 0)
(0.664762 0.137461 0)
(0.634993 0.14101 0)
(0.605414 0.145455 0)
(0.575606 0.149362 0)
(0.545306 0.151847 0)
(0.514621 0.152698 0)
(0.483829 0.153433 0)
(0.453097 0.157002 0)
(0.42213 0.16324 0)
(0.390172 0.169181 0)
(0.357158 0.173848 0)
(0.323226 0.17862 0)
(0.288305 0.184135 0)
(0.252288 0.190035 0)
(0.215247 0.196034 0)
(0.177413 0.202667 0)
(0.138896 0.209732 0)
(0.100404 0.219775 0)
(0.0604566 0.226934 0)
(0.0215814 0.237495 0)
(3 -2.32527e-16 0)
(3 -1.40486e-16 0)
(3 1.52513e-16 0)
(3 4.61117e-16 0)
(3 1.00862e-15 0)
(3 1.28786e-15 0)
(3 1.11715e-15 0)
(3 1.00696e-15 0)
(3 1.0464e-15 0)
(3 1.02204e-15 0)
(3 -4.40389e-18 0)
(3 -1.42041e-15 0)
(3 -2.16777e-15 0)
(3 -2.13399e-15 0)
(3 -2.35577e-15 0)
(3 -1.69094e-15 0)
(3 -6.12609e-16 0)
(3 1.51274e-16 0)
(3 9.26074e-16 0)
(3 1.15326e-15 0)
(3 9.24846e-16 0)
(3 1.6017e-16 0)
(3 -6.64394e-16 0)
(3 -8.1856e-16 0)
(3 -5.11293e-16 0)
(3 -6.70986e-16 0)
(3 -6.57068e-16 0)
(3 -5.13667e-16 0)
(3 4.99849e-17 0)
(3 4.29341e-16 0)
(3 5.87104e-16 0)
(3 7.34785e-16 0)
(3 1.18136e-15 0)
(3 8.33779e-16 0)
(3 1.09653e-15 0)
(3 9.25421e-16 0)
(3 1.17155e-15 0)
(3 1.38676e-15 0)
(3 1.73348e-15 0)
(3 2.05816e-15 0)
(3 2.07078e-15 0)
(3 1.94883e-15 0)
(3 2.06976e-15 0)
(3 2.8457e-15 0)
(3 3.0323e-15 0)
(3 2.83108e-15 0)
(3 1.72402e-15 0)
(3 9.15958e-16 0)
(3 3.46818e-16 0)
(3 -5.25418e-16 0)
(3 -4.26657e-17 0)
(3 9.37504e-16 0)
(3 8.43305e-16 0)
(3 8.01198e-16 0)
(3 2.63748e-16 0)
(3 9.64588e-17 0)
(3 8.35742e-17 0)
(3 4.96457e-16 0)
(3 4.64313e-16 0)
(3 8.64527e-16 0)
(3 1.11529e-15 0)
(3 7.10098e-16 0)
(3 1.89039e-16 0)
(3 1.13959e-16 0)
(3 6.12754e-16 0)
(3 9.08191e-16 0)
(3 7.39657e-16 0)
(3 6.1384e-16 0)
(3 1.30657e-16 0)
(3 1.24768e-16 0)
(3 1.93347e-16 0)
(3 9.28475e-16 0)
(1.99768 0.164306 0)
(0.829427 0.171828 0)
(0.733418 0.165824 0)
(0.701986 0.161491 0)
(0.670648 0.162623 0)
(0.641536 0.166027 0)
(0.612873 0.17085 0)
(0.584088 0.175493 0)
(0.554697 0.178864 0)
(0.524615 0.18048 0)
(0.494088 0.181549 0)
(0.463457 0.185578 0)
(0.432612 0.192894 0)
(0.400628 0.200293 0)
(0.367301 0.206385 0)
(0.332831 0.212551 0)
(0.297217 0.219511 0)
(0.260369 0.226849 0)
(0.222317 0.234075 0)
(0.183314 0.241817 0)
(0.143363 0.249452 0)
(0.103512 0.260396 0)
(0.0621111 0.26807 0)
(0.0221952 0.279802 0)
(3 4.68079e-17 0)
(3 1.75576e-16 0)
(3 1.23339e-16 0)
(3 3.64364e-16 0)
(3 7.78664e-16 0)
(3 1.92961e-15 0)
(3 2.93019e-15 0)
(3 2.06292e-15 0)
(3 1.62485e-15 0)
(3 1.97967e-15 0)
(3 1.45218e-15 0)
(3 -4.85885e-16 0)
(3 -1.53781e-15 0)
(3 -2.13584e-15 0)
(3 -2.41049e-15 0)
(3 -1.93563e-15 0)
(3 -8.0162e-16 0)
(3 -4.82703e-16 0)
(3 7.62438e-16 0)
(3 1.96642e-15 0)
(3 1.73211e-15 0)
(3 1.70119e-15 0)
(3 6.93067e-16 0)
(3 5.05071e-16 0)
(3 1.94078e-16 0)
(3 3.32728e-16 0)
(3 5.12324e-16 0)
(3 6.28078e-16 0)
(3 7.16466e-16 0)
(3 8.62348e-16 0)
(3 9.85693e-16 0)
(3 1.67359e-15 0)
(3 2.46202e-15 0)
(3 2.87048e-15 0)
(3 2.25837e-15 0)
(3 1.60526e-15 0)
(3 1.72243e-15 0)
(3 1.77101e-15 0)
(3 1.72013e-15 0)
(3 2.02825e-15 0)
(3 2.34867e-15 0)
(3 2.45155e-15 0)
(3 1.98623e-15 0)
(3 1.64363e-15 0)
(3 1.82524e-15 0)
(3 1.72853e-15 0)
(3 2.18691e-15 0)
(3 2.0847e-15 0)
(3 1.6681e-15 0)
(3 1.15404e-15 0)
(3 8.48995e-16 0)
(3 1.29282e-15 0)
(3 1.56644e-15 0)
(3 1.36705e-15 0)
(3 8.39447e-16 0)
(3 1.31473e-15 0)
(3 1.02134e-15 0)
(3 6.36085e-16 0)
(3 1.9871e-16 0)
(3 4.83451e-16 0)
(3 1.81326e-16 0)
(3 2.2413e-16 0)
(3 5.91851e-16 0)
(3 1.3482e-15 0)
(3 2.00776e-15 0)
(3 8.08138e-16 0)
(3 5.7639e-16 0)
(3 4.40148e-16 0)
(3 2.36272e-16 0)
(3 1.15108e-15 0)
(3 1.48648e-15 0)
(3 6.94231e-16 0)
(2.20034 0.177685 0)
(0.853499 0.20436 0)
(0.732473 0.196205 0)
(0.701188 0.188175 0)
(0.669702 0.188335 0)
(0.640777 0.191331 0)
(0.612507 0.196282 0)
(0.584384 0.201603 0)
(0.555866 0.205991 0)
(0.526732 0.208649 0)
(0.497132 0.210218 0)
(0.467543 0.214622 0)
(0.438063 0.222944 0)
(0.407479 0.231892 0)
(0.375219 0.239597 0)
(0.341406 0.247364 0)
(0.305993 0.255996 0)
(0.268868 0.265058 0)
(0.230046 0.273798 0)
(0.189938 0.282925 0)
(0.148492 0.291282 0)
(0.107123 0.303094 0)
(0.0640927 0.311162 0)
(0.0228259 0.323807 0)
(3 1.68395e-16 0)
(3 2.04962e-16 0)
(3 6.53893e-18 0)
(3 -2.83401e-16 0)
(3 -2.49538e-16 0)
(3 -2.69227e-16 0)
(3 2.96156e-17 0)
(3 2.69025e-16 0)
(3 4.88445e-16 0)
(3 1.18391e-15 0)
(3 1.43946e-15 0)
(3 1.10231e-15 0)
(3 7.43853e-16 0)
(3 5.92424e-16 0)
(3 4.24728e-16 0)
(3 4.18755e-16 0)
(3 1.46409e-16 0)
(3 5.31825e-16 0)
(3 8.21376e-16 0)
(3 1.48135e-15 0)
(3 1.56401e-15 0)
(3 1.48753e-15 0)
(3 1.9129e-15 0)
(3 1.53363e-15 0)
(3 8.42816e-16 0)
(3 1.1973e-15 0)
(3 1.23564e-15 0)
(3 1.25359e-15 0)
(3 1.51704e-15 0)
(3 2.07706e-15 0)
(3 2.12535e-15 0)
(3 2.05297e-15 0)
(3 2.33106e-15 0)
(3 2.55709e-15 0)
(3 2.17402e-15 0)
(3 2.09797e-15 0)
(3 1.96883e-15 0)
(3 1.69428e-15 0)
(3 1.82016e-15 0)
(3 1.8815e-15 0)
(3 1.65995e-15 0)
(3 1.72278e-15 0)
(3 1.17547e-15 0)
(3 3.26996e-16 0)
(3 1.77666e-16 0)
(3 -5.29776e-17 0)
(3 3.0951e-16 0)
(3 9.23209e-16 0)
(3 2.02128e-15 0)
(3 2.42102e-15 0)
(3 1.80231e-15 0)
(3 1.41561e-15 0)
(3 1.90044e-15 0)
(3 1.80147e-15 0)
(3 1.59707e-15 0)
(3 8.95147e-16 0)
(3 7.408e-16 0)
(3 4.69613e-16 0)
(3 6.48323e-16 0)
(3 2.28278e-16 0)
(3 1.88484e-16 0)
(3 1.91772e-16 0)
(3 2.99154e-16 0)
(3 9.21325e-16 0)
(3 1.26863e-15 0)
(3 1.07223e-15 0)
(3 7.00839e-16 0)
(3 2.6819e-16 0)
(3 -2.20021e-16 0)
(3 8.52335e-16 0)
(3 1.92829e-15 0)
(3 -4.10843e-16 0)
(2.43837 0.188717 0)
(0.892741 0.244412 0)
(0.743353 0.225822 0)
(0.715051 0.21682 0)
(0.682379 0.216112 0)
(0.652026 0.218521 0)
(0.622111 0.223233 0)
(0.592682 0.22866 0)
(0.56327 0.233438 0)
(0.533554 0.236724 0)
(0.503568 0.238472 0)
(0.473907 0.242731 0)
(0.445043 0.251641 0)
(0.415641 0.262112 0)
(0.384602 0.271712 0)
(0.351863 0.281514 0)
(0.317241 0.292326 0)
(0.280492 0.303663 0)
(0.241439 0.314434 0)
(0.200516 0.325453 0)
(0.15744 0.33505 0)
(0.113928 0.348102 0)
(0.0682106 0.356784 0)
(0.0242724 0.370321 0)
(3 -6.309e-17 0)
(3 -2.15447e-16 0)
(3 -6.64239e-16 0)
(3 -1.03225e-15 0)
(3 -1.46065e-15 0)
(3 -1.47122e-15 0)
(3 -9.94193e-16 0)
(3 1.12862e-16 0)
(3 1.12755e-15 0)
(3 1.13966e-15 0)
(3 4.67223e-16 0)
(3 1.19507e-16 0)
(3 8.17612e-16 0)
(3 1.73945e-15 0)
(3 1.75419e-15 0)
(3 1.30026e-15 0)
(3 8.78724e-16 0)
(3 1.08794e-15 0)
(3 1.37004e-15 0)
(3 1.46828e-15 0)
(3 7.59359e-16 0)
(3 -2.70959e-17 0)
(3 1.68232e-16 0)
(3 4.61954e-16 0)
(3 6.62693e-16 0)
(3 5.91733e-16 0)
(3 8.24283e-16 0)
(3 8.20418e-16 0)
(3 1.01558e-15 0)
(3 1.25464e-15 0)
(3 1.16774e-15 0)
(3 9.72224e-16 0)
(3 9.21953e-16 0)
(3 7.8267e-16 0)
(3 1.54823e-15 0)
(3 1.30094e-15 0)
(3 1.19065e-15 0)
(3 1.82287e-15 0)
(3 2.49398e-15 0)
(3 2.71202e-15 0)
(3 2.09246e-15 0)
(3 1.13995e-15 0)
(3 3.77738e-16 0)
(3 2.90391e-16 0)
(3 3.16282e-16 0)
(3 5.89213e-16 0)
(3 3.09904e-16 0)
(3 6.55224e-16 0)
(3 1.73144e-15 0)
(3 1.89637e-15 0)
(3 6.62245e-16 0)
(3 -1.61497e-16 0)
(3 -3.4438e-16 0)
(3 5.87427e-17 0)
(3 5.7244e-16 0)
(3 -3.60809e-16 0)
(3 -1.00157e-15 0)
(3 -8.63773e-16 0)
(3 -6.63121e-16 0)
(3 -9.23614e-17 0)
(3 5.96614e-16 0)
(3 8.70731e-16 0)
(3 7.93659e-16 0)
(3 4.24647e-16 0)
(3 -3.06543e-16 0)
(3 3.39044e-17 0)
(3 -1.32155e-16 0)
(3 -3.65658e-16 0)
(3 -3.00812e-16 0)
(3 -2.83546e-16 0)
(3 -3.01346e-16 0)
(3 -1.06056e-15 0)
(2.70855 0.184541 0)
(0.966522 0.279848 0)
(0.777631 0.241123 0)
(0.751057 0.239765 0)
(0.715094 0.241895 0)
(0.681623 0.245341 0)
(0.648063 0.25052 0)
(0.615096 0.256531 0)
(0.582446 0.262127 0)
(0.549947 0.266334 0)
(0.517522 0.268358 0)
(0.485806 0.272008 0)
(0.455673 0.280771 0)
(0.426086 0.292232 0)
(0.395476 0.303495 0)
(0.363512 0.31535 0)
(0.329714 0.328628 0)
(0.293438 0.342878 0)
(0.25401 0.356587 0)
(0.211926 0.370454 0)
(0.166857 0.382133 0)
(0.120941 0.396858 0)
(0.0724034 0.406357 0)
(0.0254626 0.420553 0)
(3 -1.43483e-16 0)
(3 -1.45806e-16 0)
(3 7.65572e-18 0)
(3 7.23772e-17 0)
(3 -6.46915e-16 0)
(3 -9.05841e-16 0)
(3 -9.42047e-16 0)
(3 -7.8269e-16 0)
(3 -2.83473e-16 0)
(3 -2.15414e-16 0)
(3 -5.85268e-16 0)
(3 -9.16649e-16 0)
(3 -3.78526e-16 0)
(3 8.04751e-16 0)
(3 1.18659e-15 0)
(3 1.54352e-15 0)
(3 1.04692e-15 0)
(3 1.06816e-15 0)
(3 9.33098e-16 0)
(3 5.83913e-16 0)
(3 7.10941e-16 0)
(3 -1.60999e-16 0)
(3 -1.30514e-15 0)
(3 -1.13876e-15 0)
(3 2.46687e-16 0)
(3 1.27829e-15 0)
(3 4.88485e-16 0)
(3 2.2578e-16 0)
(3 4.87875e-16 0)
(3 3.73601e-16 0)
(3 7.85306e-17 0)
(3 3.38782e-16 0)
(3 4.70627e-16 0)
(3 7.42613e-16 0)
(3 8.59696e-16 0)
(3 5.9334e-16 0)
(3 5.01729e-16 0)
(3 1.05099e-15 0)
(3 1.43038e-15 0)
(3 1.3394e-15 0)
(3 3.04815e-16 0)
(3 -2.00727e-16 0)
(3 2.04703e-16 0)
(3 4.57162e-16 0)
(3 9.06329e-16 0)
(3 1.63699e-15 0)
(3 1.77655e-15 0)
(3 1.61697e-15 0)
(3 1.45623e-15 0)
(3 8.21956e-16 0)
(3 -9.77271e-16 0)
(3 -1.49114e-15 0)
(3 -1.4972e-15 0)
(3 -1.20051e-15 0)
(3 -8.82085e-16 0)
(3 -3.16871e-16 0)
(3 -1.95055e-16 0)
(3 -7.75543e-16 0)
(3 -1.29096e-15 0)
(3 -2.9247e-16 0)
(3 4.82058e-16 0)
(3 9.08046e-16 0)
(3 9.22794e-16 0)
(3 4.71585e-18 0)
(3 -1.64934e-15 0)
(3 -2.12615e-15 0)
(3 -1.61394e-15 0)
(3 1.13401e-16 0)
(3 9.50899e-16 0)
(3 -1.09149e-15 0)
(3 -1.45877e-15 0)
(3 -1.76139e-15 0)
(2.95705 0.0752182 0)
(1.06382 0.292212 0)
(0.806929 0.256955 0)
(0.789971 0.263387 0)
(0.753907 0.268785 0)
(0.71873 0.274256 0)
(0.682407 0.280741 0)
(0.646608 0.287519 0)
(0.611213 0.293519 0)
(0.575887 0.29842 0)
(0.540453 0.300859 0)
(0.505675 0.303653 0)
(0.472825 0.311535 0)
(0.441576 0.323237 0)
(0.410189 0.335588 0)
(0.378114 0.349172 0)
(0.344733 0.364929 0)
(0.309221 0.38249 0)
(0.270337 0.399713 0)
(0.228342 0.416976 0)
(0.182154 0.431512 0)
(0.133669 0.449034 0)
(0.0807167 0.460571 0)
(0.0285149 0.47603 0)
(3 -1.32497e-16 0)
(3 -2.65348e-16 0)
(3 7.97646e-17 0)
(3 2.09811e-16 0)
(3 -3.56754e-16 0)
(3 -1.01554e-15 0)
(3 -1.47259e-15 0)
(3 -2.02896e-15 0)
(3 -2.14341e-15 0)
(3 -1.54004e-15 0)
(3 -5.00898e-16 0)
(3 -3.00032e-16 0)
(3 3.82915e-16 0)
(3 6.57154e-16 0)
(3 1.30411e-15 0)
(3 1.32785e-15 0)
(3 2.26429e-16 0)
(3 1.51297e-16 0)
(3 7.36651e-17 0)
(3 2.13516e-16 0)
(3 7.41536e-16 0)
(3 8.84776e-16 0)
(3 4.49916e-16 0)
(3 -4.74586e-16 0)
(3 -4.32076e-16 0)
(3 -7.39562e-17 0)
(3 -3.82415e-16 0)
(3 -5.10548e-16 0)
(3 -3.65012e-16 0)
(3 -1.72997e-16 0)
(3 -5.70857e-17 0)
(3 3.15664e-16 0)
(3 8.18329e-16 0)
(3 9.54657e-16 0)
(3 4.84886e-16 0)
(3 5.19729e-16 0)
(3 3.20636e-16 0)
(3 4.59188e-17 0)
(3 1.79699e-17 0)
(3 -5.79806e-16 0)
(3 -3.56711e-16 0)
(3 1.34821e-16 0)
(3 9.15076e-16 0)
(3 1.04737e-15 0)
(3 1.66506e-15 0)
(3 1.34935e-15 0)
(3 1.98985e-15 0)
(3 1.76509e-15 0)
(3 1.18094e-15 0)
(3 3.59389e-16 0)
(3 -2.53893e-16 0)
(3 -6.94702e-16 0)
(3 -1.4374e-15 0)
(3 -2.17466e-15 0)
(3 -2.12997e-15 0)
(3 -2.12398e-15 0)
(3 -1.7937e-15 0)
(3 -1.24428e-15 0)
(3 -7.12744e-16 0)
(3 -9.59276e-17 0)
(3 -8.8448e-17 0)
(3 3.01997e-16 0)
(3 -1.95068e-16 0)
(3 -7.05868e-16 0)
(3 -9.40513e-16 0)
(3 -1.54575e-15 0)
(3 -5.39718e-16 0)
(3 1.22218e-15 0)
(3 1.38651e-15 0)
(3 3.00803e-16 0)
(3 -5.915e-16 0)
(3 -1.29546e-15 0)
(3.01696 0.0067487 0)
(1.15237 0.287744 0)
(0.80786 0.270899 0)
(0.798062 0.293394 0)
(0.76925 0.301191 0)
(0.740668 0.305848 0)
(0.709861 0.31127 0)
(0.677322 0.318327 0)
(0.643092 0.326073 0)
(0.607603 0.33265 0)
(0.570821 0.33621 0)
(0.533576 0.338548 0)
(0.49762 0.345131 0)
(0.463687 0.356401 0)
(0.430429 0.369167 0)
(0.397357 0.383834 0)
(0.363862 0.401448 0)
(0.328934 0.422194 0)
(0.29022 0.443653 0)
(0.247187 0.466093 0)
(0.198022 0.485957 0)
(0.145699 0.50818 0)
(0.0882071 0.523031 0)
(0.0300063 0.539181 0)
(3 1.36084e-16 0)
(3 2.88646e-16 0)
(3 3.93983e-18 0)
(3 -1.21439e-16 0)
(3 5.72789e-17 0)
(3 1.3393e-16 0)
(3 -3.60528e-16 0)
(3 -6.54671e-16 0)
(3 -1.00176e-15 0)
(3 -1.78342e-15 0)
(3 -1.59548e-15 0)
(3 3.47886e-16 0)
(3 8.15123e-16 0)
(3 3.427e-16 0)
(3 9.62069e-16 0)
(3 7.48072e-16 0)
(3 1.24876e-15 0)
(3 7.15487e-16 0)
(3 5.17859e-16 0)
(3 1.26362e-16 0)
(3 2.50238e-16 0)
(3 9.32213e-16 0)
(3 1.00416e-15 0)
(3 1.05464e-15 0)
(3 2.27389e-16 0)
(3 -5.83642e-16 0)
(3 -2.62167e-16 0)
(3 -3.69831e-16 0)
(3 -6.15336e-16 0)
(3 -7.64288e-16 0)
(3 -5.80498e-16 0)
(3 -4.03042e-16 0)
(3 -1.61956e-17 0)
(3 3.44736e-16 0)
(3 2.65488e-16 0)
(3 1.73092e-16 0)
(3 -8.22895e-17 0)
(3 -6.19191e-16 0)
(3 -1.38451e-15 0)
(3 -1.72421e-15 0)
(3 -3.16e-16 0)
(3 6.86187e-16 0)
(3 1.34445e-15 0)
(3 1.62209e-15 0)
(3 1.7525e-15 0)
(3 8.82396e-16 0)
(3 7.13223e-16 0)
(3 6.6939e-16 0)
(3 1.79786e-16 0)
(3 1.48366e-16 0)
(3 1.31688e-16 0)
(3 2.61113e-17 0)
(3 -1.08971e-15 0)
(3 -2.11719e-15 0)
(3 -2.02353e-15 0)
(3 -2.01096e-15 0)
(3 -2.13076e-15 0)
(3 -1.81938e-15 0)
(3 -1.49789e-15 0)
(3 -6.29869e-16 0)
(3 -4.15375e-16 0)
(3 -5.37003e-16 0)
(3 -4.78403e-16 0)
(3 -6.37595e-16 0)
(3 -2.64874e-16 0)
(3 -7.27416e-17 0)
(3 4.07742e-16 0)
(3 -5.37972e-18 0)
(3 5.35777e-16 0)
(3 9.68009e-16 0)
(3 -1.63731e-16 0)
(3 -1.42057e-15 0)
(3.00055 1.54492e-05 0)
(1.28532 0.307213 0)
(0.797629 0.278229 0)
(0.780572 0.308502 0)
(0.75835 0.325267 0)
(0.73609 0.332835 0)
(0.71463 0.339443 0)
(0.692711 0.347091 0)
(0.667799 0.355726 0)
(0.638055 0.364819 0)
(0.604028 0.371579 0)
(0.567106 0.375457 0)
(0.529489 0.381577 0)
(0.493057 0.392411 0)
(0.457445 0.405073 0)
(0.422643 0.420104 0)
(0.387886 0.439093 0)
(0.352915 0.463026 0)
(0.314724 0.48949 0)
(0.272614 0.518032 0)
(0.224191 0.543327 0)
(0.171161 0.571142 0)
(0.106685 0.593067 0)
(0.0384898 0.613519 0)
(3 7.57629e-17 0)
(3 1.19745e-16 0)
(3 2.54313e-16 0)
(3 2.81594e-16 0)
(3 7.56606e-16 0)
(3 8.59907e-16 0)
(3 3.08932e-16 0)
(3 -7.63137e-18 0)
(3 -1.05544e-16 0)
(3 -3.39238e-16 0)
(3 -4.60471e-16 0)
(3 -1.15932e-17 0)
(3 -6.90629e-17 0)
(3 -5.10014e-16 0)
(3 -5.19603e-16 0)
(3 -4.76669e-17 0)
(3 1.01482e-15 0)
(3 1.10491e-15 0)
(3 8.9681e-16 0)
(3 2.42154e-16 0)
(3 6.63999e-17 0)
(3 2.97791e-16 0)
(3 6.55178e-16 0)
(3 1.05939e-15 0)
(3 1.07921e-15 0)
(3 2.16353e-16 0)
(3 -7.61711e-17 0)
(3 -9.04143e-17 0)
(3 -4.54462e-16 0)
(3 -9.34778e-16 0)
(3 -7.86848e-16 0)
(3 -7.95561e-16 0)
(3 -5.32882e-16 0)
(3 -2.83644e-16 0)
(3 -2.17576e-16 0)
(3 -4.06083e-16 0)
(3 -2.53471e-16 0)
(3 -4.59642e-17 0)
(3 -6.30894e-16 0)
(3 -1.31124e-15 0)
(3 -2.38388e-16 0)
(3 9.66663e-17 0)
(3 8.91409e-16 0)
(3 1.38887e-15 0)
(3 1.34843e-15 0)
(3 1.14504e-15 0)
(3 7.02439e-16 0)
(3 3.83046e-16 0)
(3 3.43564e-16 0)
(3 7.66939e-16 0)
(3 7.818e-16 0)
(3 1.78514e-16 0)
(3 -2.09753e-17 0)
(3 -6.15962e-16 0)
(3 -3.77801e-16 0)
(3 2.04717e-17 0)
(3 -4.83603e-17 0)
(3 -5.36901e-16 0)
(3 -6.99981e-16 0)
(3 -1.22865e-15 0)
(3 -1.57237e-15 0)
(3 -1.89912e-15 0)
(3 -8.75537e-16 0)
(3 -9.22115e-16 0)
(3 -2.9627e-16 0)
(3 5.55041e-16 0)
(3 9.35157e-16 0)
(3 1.23585e-16 0)
(3 4.52503e-16 0)
(3 4.40593e-16 0)
(3 -1.03844e-15 0)
(3 -2.1954e-15 0)
(3 -5.59904e-08 0)
(1.50563 0.336535 0)
(0.808491 0.309939 0)
(0.752139 0.318371 0)
(0.735611 0.332181 0)
(0.718677 0.341994 0)
(0.703964 0.35306 0)
(0.688152 0.365184 0)
(0.672593 0.379362 0)
(0.653788 0.392815 0)
(0.628974 0.404027 0)
(0.598033 0.411789 0)
(0.563231 0.419423 0)
(0.527289 0.430768 0)
(0.490643 0.443479 0)
(0.454199 0.458788 0)
(0.41849 0.478377 0)
(0.383731 0.50457 0)
(0.346666 0.535177 0)
(0.306172 0.570302 0)
(0.255281 0.605854 0)
(0.194932 0.646507 0)
(0.122781 0.684319 0)
(0.0388001 0.709654 0)
(3 -1.72529e-16 0)
(3 -3.14243e-16 0)
(3 -2.63419e-17 0)
(3 4.47103e-16 0)
(3 5.18236e-16 0)
(3 2.07507e-16 0)
(3 -3.72735e-16 0)
(3 -1.12e-16 0)
(3 4.92064e-16 0)
(3 1.28941e-15 0)
(3 9.2769e-16 0)
(3 9.80313e-16 0)
(3 9.34693e-16 0)
(3 5.85225e-16 0)
(3 1.9599e-16 0)
(3 3.551e-16 0)
(3 8.77332e-16 0)
(3 1.06572e-15 0)
(3 4.73208e-16 0)
(3 2.50825e-16 0)
(3 1.46278e-17 0)
(3 6.96274e-17 0)
(3 1.54995e-16 0)
(3 6.37316e-16 0)
(3 3.18344e-16 0)
(3 3.69775e-16 0)
(3 2.82893e-16 0)
(3 -2.37185e-16 0)
(3 -1.04155e-15 0)
(3 -1.1654e-15 0)
(3 -9.13353e-16 0)
(3 4.23649e-16 0)
(3 1.76748e-15 0)
(3 1.17546e-15 0)
(3 5.42271e-16 0)
(3 4.81802e-16 0)
(3 3.99295e-16 0)
(3 2.66986e-16 0)
(3 8.07139e-17 0)
(3 -3.6377e-16 0)
(3 -2.79421e-16 0)
(3 -3.53915e-16 0)
(3 -9.01545e-17 0)
(3 2.87491e-16 0)
(3 7.82173e-16 0)
(3 6.63003e-16 0)
(3 6.89863e-16 0)
(3 9.75516e-16 0)
(3 7.50387e-16 0)
(3 6.27813e-16 0)
(3 5.60702e-16 0)
(3 4.98237e-17 0)
(3 -6.50735e-17 0)
(3 -5.27787e-19 0)
(3 2.43313e-16 0)
(3 6.53352e-16 0)
(3 7.46985e-16 0)
(3 8.68326e-16 0)
(3 6.49741e-16 0)
(3 -3.50415e-16 0)
(3 -2.07848e-15 0)
(3 -2.57464e-15 0)
(3 -2.15615e-15 0)
(3 -4.04248e-16 0)
(3 4.98258e-16 0)
(3 2.9667e-16 0)
(3 1.25411e-16 0)
(3 5.04824e-16 0)
(3 4.06105e-16 0)
(3 -3.97105e-16 0)
(3 -1.31398e-15 0)
(3 -1.52397e-15 0)
(3 -7.22323e-08 0)
(1.84196 0.375319 0)
(0.83696 0.370024 0)
(0.74498 0.349113 0)
(0.725624 0.349271 0)
(0.710841 0.356504 0)
(0.696521 0.365588 0)
(0.682597 0.377373 0)
(0.669053 0.392465 0)
(0.65626 0.410664 0)
(0.641079 0.428476 0)
(0.619453 0.442646 0)
(0.591994 0.454662 0)
(0.561098 0.468724 0)
(0.526523 0.483567 0)
(0.491035 0.499733 0)
(0.455225 0.519521 0)
(0.420509 0.547302 0)
(0.384639 0.58253 0)
(0.346134 0.627005 0)
(0.30037 0.676781 0)
(0.245937 0.728898 0)
(0.177519 0.781654 0)
(0.0692109 0.828923 0)
(3 -2.19446e-17 0)
(3 1.81307e-16 0)
(3 4.25614e-16 0)
(3 3.9331e-16 0)
(3 3.66067e-16 0)
(3 3.21525e-16 0)
(3 -8.64464e-17 0)
(3 2.2668e-16 0)
(3 4.75363e-16 0)
(3 8.56079e-16 0)
(3 1.01048e-15 0)
(3 8.92603e-16 0)
(3 8.17087e-16 0)
(3 9.04134e-16 0)
(3 8.18405e-16 0)
(3 1.10925e-15 0)
(3 1.14652e-15 0)
(3 1.11379e-15 0)
(3 1.42625e-15 0)
(3 1.3058e-15 0)
(3 9.05993e-16 0)
(3 5.05069e-16 0)
(3 2.80499e-16 0)
(3 3.3081e-16 0)
(3 2.99364e-16 0)
(3 3.90556e-16 0)
(3 8.26271e-16 0)
(3 5.71871e-16 0)
(3 -2.54022e-16 0)
(3 -7.41421e-16 0)
(3 -7.23928e-17 0)
(3 4.23428e-16 0)
(3 1.27106e-15 0)
(3 1.35912e-15 0)
(3 1.27829e-15 0)
(3 1.46459e-15 0)
(3 1.299e-15 0)
(3 6.74888e-16 0)
(3 2.27953e-16 0)
(3 2.00236e-16 0)
(3 3.15026e-17 0)
(3 1.84392e-16 0)
(3 -3.48874e-16 0)
(3 -8.92571e-16 0)
(3 -6.3e-16 0)
(3 6.74614e-17 0)
(3 4.55702e-16 0)
(3 5.7728e-16 0)
(3 9.52526e-17 0)
(3 -3.65096e-16 0)
(3 -2.97671e-16 0)
(3 -4.21513e-16 0)
(3 -4.59714e-16 0)
(3 8.1951e-16 0)
(3 5.69419e-16 0)
(3 -1.13756e-16 0)
(3 -7.51866e-17 0)
(3 4.591e-16 0)
(3 3.25294e-16 0)
(3 -7.68869e-16 0)
(3 -1.23138e-15 0)
(3 -1.30973e-15 0)
(3 -7.18663e-16 0)
(3 3.17663e-16 0)
(3 7.232e-16 0)
(3 1.46323e-16 0)
(3 -7.61286e-16 0)
(3 -6.70001e-16 0)
(3 -1.08677e-15 0)
(3 -1.56409e-15 0)
(3 -1.43312e-15 0)
(3 -1.94541e-15 0)
(3 -1.5437e-08 0)
(2.33251 0.374274 0)
(0.911461 0.438469 0)
(0.787547 0.376372 0)
(0.755236 0.373467 0)
(0.72742 0.376694 0)
(0.705008 0.383969 0)
(0.686972 0.394596 0)
(0.671467 0.408026 0)
(0.658411 0.425252 0)
(0.646642 0.445365 0)
(0.632889 0.465326 0)
(0.613733 0.483427 0)
(0.590315 0.501986 0)
(0.562531 0.521292 0)
(0.531203 0.540349 0)
(0.497305 0.561432 0)
(0.464376 0.590864 0)
(0.431794 0.629893 0)
(0.400377 0.680022 0)
(0.364591 0.738895 0)
(0.312965 0.817122 0)
(0.218229 0.927216 0)
(0.120287 1.05318 0)
(3 -1.6156e-16 0)
(3 -1.37197e-16 0)
(3 -5.0345e-17 0)
(3 1.08116e-16 0)
(3 -2.17365e-16 0)
(3 4.77803e-16 0)
(3 6.50806e-16 0)
(3 5.85284e-16 0)
(3 1.62646e-16 0)
(3 -2.54032e-17 0)
(3 1.78543e-17 0)
(3 -1.36967e-16 0)
(3 4.62696e-17 0)
(3 3.44531e-16 0)
(3 7.18504e-16 0)
(3 3.76637e-16 0)
(3 -3.83586e-16 0)
(3 5.70133e-17 0)
(3 9.30186e-16 0)
(3 1.07035e-15 0)
(3 6.81724e-16 0)
(3 4.40339e-16 0)
(3 1.99791e-16 0)
(3 -9.89679e-18 0)
(3 2.50244e-16 0)
(3 8.33631e-16 0)
(3 1.39742e-15 0)
(3 1.09744e-15 0)
(3 1.0763e-15 0)
(3 1.18058e-15 0)
(3 1.52842e-15 0)
(3 5.97707e-16 0)
(3 -2.76576e-16 0)
(3 -9.70763e-16 0)
(3 -1.16466e-15 0)
(3 6.39893e-17 0)
(3 7.88541e-16 0)
(3 1.04623e-15 0)
(3 9.09449e-16 0)
(3 8.04301e-17 0)
(3 4.54322e-17 0)
(3 -2.37996e-16 0)
(3 -6.05811e-16 0)
(3 -6.94408e-16 0)
(3 -5.27176e-16 0)
(3 -1.00299e-16 0)
(3 -4.79775e-16 0)
(3 -5.54321e-16 0)
(3 -6.79548e-17 0)
(3 7.32046e-16 0)
(3 8.25973e-16 0)
(3 9.52097e-16 0)
(3 7.20176e-16 0)
(3 1.05085e-15 0)
(3 5.43978e-16 0)
(3 1.49011e-16 0)
(3 -9.90873e-17 0)
(3 -1.53237e-17 0)
(3 1.49949e-17 0)
(3 -2.05692e-16 0)
(3 -1.06989e-16 0)
(3 -2.41859e-17 0)
(3 6.32379e-17 0)
(3 1.49739e-16 0)
(3 5.15746e-17 0)
(3 -3.64649e-17 0)
(3 -1.0775e-15 0)
(3 -1.07554e-15 0)
(3 -1.02437e-15 0)
(3 -1.39923e-15 0)
(3 -1.09332e-15 0)
(3 -2.1506e-15 0)
(3 -1.59942e-09 0)
(2.92205 0.182193 0)
(1.08146 0.462704 0)
(0.863115 0.398699 0)
(0.82658 0.395806 0)
(0.779831 0.400886 0)
(0.740738 0.405931 0)
(0.710841 0.413923 0)
(0.687587 0.425634 0)
(0.669552 0.441435 0)
(0.656105 0.461192 0)
(0.644125 0.483012 0)
(0.631133 0.50574 0)
(0.614027 0.529332 0)
(0.594987 0.554286 0)
(0.570778 0.578697 0)
(0.542443 0.603112 0)
(0.513999 0.634308 0)
(0.486659 0.674891 0)
(0.462704 0.729812 0)
(0.435513 0.807839 0)
(0.408864 0.932106 0)
(0.395552 1.08757 0)
(0.509531 1.34402 0)
(3 7.8168e-18 0)
(3 2.30765e-16 0)
(3 -3.12472e-16 0)
(3 -5.8466e-16 0)
(3 -8.26569e-16 0)
(3 -4.54371e-16 0)
(3 2.59551e-16 0)
(3 7.53588e-16 0)
(3 7.61166e-16 0)
(3 4.98621e-16 0)
(3 6.22264e-16 0)
(3 5.258e-16 0)
(3 4.23553e-16 0)
(3 4.24481e-16 0)
(3 6.37923e-16 0)
(3 1.39241e-16 0)
(3 -1.20267e-16 0)
(3 -4.99577e-16 0)
(3 -7.62761e-19 0)
(3 5.0164e-16 0)
(3 5.2072e-16 0)
(3 4.07093e-16 0)
(3 2.01901e-16 0)
(3 -5.64887e-17 0)
(3 5.51584e-16 0)
(3 1.19387e-15 0)
(3 1.3713e-15 0)
(3 1.40447e-15 0)
(3 2.21782e-15 0)
(3 2.23663e-15 0)
(3 1.5533e-15 0)
(3 9.1898e-16 0)
(3 -7.65086e-16 0)
(3 -1.92962e-15 0)
(3 -1.32591e-15 0)
(3 -9.87655e-16 0)
(3 -1.11535e-15 0)
(3 -9.74197e-16 0)
(3 -7.50124e-16 0)
(3 -8.84505e-16 0)
(3 -8.75287e-16 0)
(3 -1.03295e-15 0)
(3 -1.14517e-15 0)
(3 -6.68114e-16 0)
(3 1.3636e-16 0)
(3 -3.29822e-16 0)
(3 -8.85955e-16 0)
(3 1.10389e-16 0)
(3 1.10751e-15 0)
(3 1.32631e-15 0)
(3 1.41992e-15 0)
(3 1.74087e-15 0)
(3 1.75919e-15 0)
(3 1.77649e-15 0)
(3 1.35441e-15 0)
(3 1.27006e-15 0)
(3 1.33862e-15 0)
(3 1.37087e-15 0)
(3 1.46119e-15 0)
(3 1.9142e-15 0)
(3 1.37973e-15 0)
(3 6.02472e-16 0)
(3 2.8869e-16 0)
(3 4.70052e-16 0)
(3 -4.82821e-17 0)
(3 -1.26152e-15 0)
(3 -1.24586e-15 0)
(3 -8.69153e-16 0)
(3 -2.77086e-16 0)
(3 -1.05101e-15 0)
(3 -2.15452e-15 0)
(3 -1.90156e-15 0)
(3 -6.52835e-11 0)
(3.04486 0.0106521 0)
(1.26908 0.425914 0)
(0.88199 0.430489 0)
(0.857558 0.448929 0)
(0.821973 0.446519 0)
(0.783467 0.443311 0)
(0.747221 0.444491 0)
(0.716277 0.450189 0)
(0.691352 0.460895 0)
(0.673609 0.477915 0)
(0.65976 0.499163 0)
(0.648783 0.523593 0)
(0.636968 0.550478 0)
(0.624864 0.579908 0)
(0.609572 0.610371 0)
(0.589644 0.640164 0)
(0.568369 0.674014 0)
(0.548509 0.716492 0)
(0.533432 0.776135 0)
(0.528735 0.866382 0)
(0.537023 0.998457 0)
(0.615899 1.14747 0)
(0.920229 1.34137 0)
(3 9.08123e-17 0)
(3 6.65147e-17 0)
(3 -1.94507e-16 0)
(3 -4.59694e-16 0)
(3 -3.05128e-16 0)
(3 -3.01941e-16 0)
(3 6.59964e-18 0)
(3 7.6841e-16 0)
(3 1.29477e-15 0)
(3 1.68667e-15 0)
(3 1.66881e-15 0)
(3 9.11958e-16 0)
(3 3.8552e-16 0)
(3 7.99233e-17 0)
(3 -3.1391e-16 0)
(3 -5.82367e-16 0)
(3 -4.41946e-16 0)
(3 -4.54018e-16 0)
(3 -3.74158e-16 0)
(3 2.51818e-16 0)
(3 6.32813e-16 0)
(3 1.04524e-15 0)
(3 9.66564e-16 0)
(3 2.81629e-17 0)
(3 9.21255e-17 0)
(3 -3.61105e-17 0)
(3 9.2433e-16 0)
(3 1.57351e-15 0)
(3 2.24763e-15 0)
(3 2.41566e-15 0)
(3 1.75401e-15 0)
(3 1.88913e-15 0)
(3 1.91112e-15 0)
(3 1.17179e-15 0)
(3 -1.91221e-16 0)
(3 -7.83512e-16 0)
(3 -2.47698e-15 0)
(3 -3.02672e-15 0)
(3 -3.13397e-15 0)
(3 -1.8452e-15 0)
(3 -1.70292e-15 0)
(3 -1.69429e-15 0)
(3 -1.82091e-15 0)
(3 -2.10406e-15 0)
(3 -1.03805e-15 0)
(3 -2.07242e-16 0)
(3 8.01913e-16 0)
(3 1.55648e-15 0)
(3 1.53479e-15 0)
(3 7.82914e-16 0)
(3 -3.94022e-17 0)
(3 -3.23765e-17 0)
(3 6.42775e-16 0)
(3 1.17242e-15 0)
(3 2.13299e-15 0)
(3 2.15866e-15 0)
(3 2.2665e-15 0)
(3 2.49041e-15 0)
(3 2.3867e-15 0)
(3 2.25604e-15 0)
(3 1.92611e-15 0)
(3 1.62934e-15 0)
(3 1.50457e-15 0)
(3 1.19119e-15 0)
(3 8.97919e-16 0)
(3 5.7961e-16 0)
(3 3.75187e-16 0)
(3 -5.97964e-16 0)
(3 -1.57255e-15 0)
(3 -1.01511e-15 0)
(3 -1.27141e-15 0)
(3 -5.42591e-16 0)
(3 -1.38498e-12 0)
(3.00152 -8.60716e-06 0)
(1.49709 0.424714 0)
(0.86522 0.46066 0)
(0.843843 0.470501 0)
(0.822905 0.474316 0)
(0.801343 0.475807 0)
(0.775469 0.477598 0)
(0.747042 0.481259 0)
(0.72 0.487057 0)
(0.697712 0.499362 0)
(0.680985 0.517528 0)
(0.668893 0.540911 0)
(0.659881 0.568786 0)
(0.65228 0.600821 0)
(0.645194 0.635992 0)
(0.635562 0.671801 0)
(0.623865 0.709626 0)
(0.614315 0.754398 0)
(0.61077 0.814349 0)
(0.627783 0.902386 0)
(0.671284 1.02163 0)
(0.813766 1.15702 0)
(1.13858 1.28275 0)
(3 -9.27057e-17 0)
(3 -3.91765e-16 0)
(3 -3.35796e-16 0)
(3 -2.70846e-16 0)
(3 -7.47376e-17 0)
(3 3.95396e-16 0)
(3 2.21323e-16 0)
(3 -1.02715e-16 0)
(3 2.6708e-16 0)
(3 1.52381e-15 0)
(3 1.17747e-15 0)
(3 4.55716e-16 0)
(3 2.45742e-16 0)
(3 -1.04541e-16 0)
(3 -6.42374e-16 0)
(3 -1.18997e-15 0)
(3 -6.96443e-16 0)
(3 -4.49915e-16 0)
(3 -6.43416e-16 0)
(3 -6.95373e-16 0)
(3 -2.49154e-16 0)
(3 1.32085e-16 0)
(3 3.70505e-16 0)
(3 1.40296e-16 0)
(3 -5.2394e-16 0)
(3 -6.53376e-16 0)
(3 -3.05255e-16 0)
(3 4.92402e-16 0)
(3 7.81155e-16 0)
(3 1.22605e-15 0)
(3 1.44156e-15 0)
(3 7.28918e-16 0)
(3 8.28791e-16 0)
(3 9.43157e-16 0)
(3 7.09299e-16 0)
(3 -6.53839e-17 0)
(3 -5.80645e-16 0)
(3 -8.80566e-16 0)
(3 -8.16641e-16 0)
(3 -1.13383e-15 0)
(3 -1.4852e-15 0)
(3 -1.96819e-15 0)
(3 -2.24218e-15 0)
(3 -2.47508e-15 0)
(3 -9.9294e-16 0)
(3 -1.0782e-16 0)
(3 1.59148e-15 0)
(3 1.57708e-15 0)
(3 1.02378e-15 0)
(3 3.79302e-16 0)
(3 3.59212e-16 0)
(3 6.77088e-16 0)
(3 1.32919e-15 0)
(3 1.09593e-15 0)
(3 1.02338e-15 0)
(3 1.5559e-15 0)
(3 1.47473e-15 0)
(3 9.53636e-16 0)
(3 8.43313e-16 0)
(3 1.03979e-15 0)
(3 1.43419e-15 0)
(3 1.89081e-15 0)
(3 1.75302e-15 0)
(3 5.03068e-16 0)
(3 5.56346e-16 0)
(3 1.03003e-15 0)
(3 7.11415e-16 0)
(3 -6.68626e-16 0)
(3 -1.95767e-15 0)
(3 -1.27782e-15 0)
(3 -3.37393e-16 0)
(3 5.94124e-16 0)
(3 -1.10789e-14 0)
(3 -1.63004e-07 0)
(1.94222 0.452868 0)
(0.895475 0.491869 0)
(0.831203 0.477097 0)
(0.825504 0.487547 0)
(0.812133 0.495911 0)
(0.795451 0.502666 0)
(0.774538 0.509057 0)
(0.751467 0.514594 0)
(0.728638 0.523399 0)
(0.70973 0.537785 0)
(0.695139 0.558099 0)
(0.686363 0.584415 0)
(0.68121 0.616462 0)
(0.679454 0.653919 0)
(0.679325 0.694476 0)
(0.678815 0.736756 0)
(0.681027 0.78359 0)
(0.691018 0.841217 0)
(0.722118 0.920771 0)
(0.79471 1.02421 0)
(0.962264 1.13422 0)
(1.23779 1.20918 0)
(3 -3.86853e-17 0)
(3 -1.25304e-16 0)
(3 -1.30566e-16 0)
(3 -3.64766e-16 0)
(3 1.14148e-16 0)
(3 9.3724e-16 0)
(3 7.43107e-16 0)
(3 7.33746e-16 0)
(3 2.54825e-16 0)
(3 1.62995e-16 0)
(3 4.61506e-16 0)
(3 5.25955e-16 0)
(3 5.85799e-16 0)
(3 -3.12891e-16 0)
(3 -3.95518e-16 0)
(3 -3.35872e-16 0)
(3 -2.03175e-16 0)
(3 -6.4787e-16 0)
(3 -5.78114e-16 0)
(3 -9.76029e-17 0)
(3 2.56851e-16 0)
(3 2.23629e-16 0)
(3 6.44294e-16 0)
(3 1.10148e-15 0)
(3 9.9388e-16 0)
(3 3.06971e-16 0)
(3 -1.94831e-16 0)
(3 -7.37516e-17 0)
(3 6.73393e-17 0)
(3 2.13218e-16 0)
(3 3.18235e-16 0)
(3 2.40944e-17 0)
(3 -1.9497e-16 0)
(3 5.10469e-16 0)
(3 1.58705e-15 0)
(3 5.86836e-16 0)
(3 7.61506e-16 0)
(3 7.75191e-16 0)
(3 -3.88087e-16 0)
(3 -4.62954e-16 0)
(3 -2.09497e-16 0)
(3 -3.42537e-16 0)
(3 -3.85256e-16 0)
(3 4.77918e-16 0)
(3 8.28624e-16 0)
(3 1.22911e-15 0)
(3 9.23742e-16 0)
(3 -5.37305e-17 0)
(3 -4.66099e-16 0)
(3 -3.66889e-16 0)
(3 4.2577e-16 0)
(3 6.084e-16 0)
(3 5.6368e-16 0)
(3 4.7944e-16 0)
(3 -1.69268e-17 0)
(3 -1.87027e-16 0)
(3 -3.02107e-16 0)
(3 -2.48604e-16 0)
(3 -1.60194e-16 0)
(3 -3.73499e-17 0)
(3 9.92781e-16 0)
(3 1.2025e-15 0)
(3 1.0732e-15 0)
(3 9.93718e-16 0)
(3 2.78896e-17 0)
(3 1.91026e-16 0)
(3 -3.12029e-17 0)
(3 -7.91752e-16 0)
(3 -8.63568e-16 0)
(3 -8.20047e-16 0)
(3 -1.20466e-15 0)
(3 -3.56413e-16 0)
(3 1.10154e-16 0)
(3 -2.07276e-07 0)
(2.62193 0.353235 0)
(1.01813 0.546784 0)
(0.874579 0.485103 0)
(0.854998 0.495072 0)
(0.836788 0.509563 0)
(0.819731 0.521486 0)
(0.801594 0.532427 0)
(0.782726 0.541292 0)
(0.762268 0.550402 0)
(0.743204 0.562658 0)
(0.727123 0.579384 0)
(0.716567 0.602452 0)
(0.712287 0.632152 0)
(0.713518 0.668502 0)
(0.719999 0.710632 0)
(0.730042 0.756417 0)
(0.744493 0.805235 0)
(0.768041 0.860161 0)
(0.810746 0.929382 0)
(0.900205 1.01478 0)
(1.06278 1.09474 0)
(1.29758 1.14365 0)
(3 1.77537e-16 0)
(3 2.64184e-16 0)
(3 2.56912e-16 0)
(3 7.86556e-16 0)
(3 8.45554e-16 0)
(3 7.55812e-16 0)
(3 6.57305e-16 0)
(3 3.86213e-16 0)
(3 3.20819e-16 0)
(3 -6.49763e-16 0)
(3 -9.79955e-16 0)
(3 -3.49478e-16 0)
(3 2.2339e-17 0)
(3 -4.19608e-16 0)
(3 -7.74178e-16 0)
(3 -4.88846e-16 0)
(3 -2.26837e-16 0)
(3 -6.66645e-17 0)
(3 7.64261e-16 0)
(3 1.23922e-15 0)
(3 9.6919e-16 0)
(3 1.72827e-15 0)
(3 1.25403e-15 0)
(3 1.74989e-15 0)
(3 1.59329e-15 0)
(3 3.92007e-16 0)
(3 -1.80702e-16 0)
(3 -3.09741e-16 0)
(3 -5.58209e-16 0)
(3 -1.02363e-15 0)
(3 -2.41696e-17 0)
(3 7.97035e-16 0)
(3 1.80235e-16 0)
(3 -2.97339e-17 0)
(3 -9.33999e-17 0)
(3 6.56828e-17 0)
(3 5.11512e-16 0)
(3 2.36908e-16 0)
(3 -2.14928e-16 0)
(3 3.37613e-16 0)
(3 8.49635e-16 0)
(3 8.42156e-16 0)
(3 1.47711e-15 0)
(3 1.86154e-15 0)
(3 2.31608e-15 0)
(3 1.68671e-15 0)
(3 6.27494e-16 0)
(3 -6.23696e-16 0)
(3 -1.34113e-15 0)
(3 -1.25765e-15 0)
(3 -1.1205e-15 0)
(3 -1.11358e-15 0)
(3 -8.51183e-16 0)
(3 -5.36472e-16 0)
(3 -8.70442e-16 0)
(3 -1.77814e-15 0)
(3 -1.74734e-15 0)
(3 -1.31195e-15 0)
(3 -5.86003e-16 0)
(3 -1.12617e-16 0)
(3 -1.52873e-16 0)
(3 -2.61531e-16 0)
(3 1.06716e-16 0)
(3 6.27179e-16 0)
(3 7.33558e-16 0)
(3 4.87091e-16 0)
(3 1.13585e-16 0)
(3 -3.15049e-16 0)
(3 -3.90784e-16 0)
(3 -6.82889e-16 0)
(3 -9.57056e-16 0)
(3 -1.65534e-15 0)
(3 -9.20025e-16 0)
(3 -4.37591e-08 0)
(3.08134 0.0463384 0)
(1.27364 0.525945 0)
(0.930163 0.514983 0)
(0.897209 0.524543 0)
(0.871817 0.531678 0)
(0.850143 0.539899 0)
(0.83237 0.550954 0)
(0.816113 0.56203 0)
(0.79865 0.573174 0)
(0.781325 0.58568 0)
(0.765507 0.600624 0)
(0.753097 0.62011 0)
(0.747804 0.646365 0)
(0.749728 0.679579 0)
(0.759328 0.719757 0)
(0.776344 0.765852 0)
(0.801322 0.815783 0)
(0.836478 0.868944 0)
(0.890028 0.92846 0)
(0.984843 0.996064 0)
(1.13123 1.05163 0)
(1.32402 1.08048 0)
(3 1.38923e-16 0)
(3 1.43875e-16 0)
(3 7.99176e-17 0)
(3 4.0351e-16 0)
(3 3.09533e-16 0)
(3 -2.37306e-17 0)
(3 -4.24042e-16 0)
(3 -9.11005e-16 0)
(3 -7.53789e-16 0)
(3 -9.5927e-16 0)
(3 -1.1901e-15 0)
(3 -1.90604e-15 0)
(3 -1.63351e-15 0)
(3 -1.04443e-15 0)
(3 -9.71451e-16 0)
(3 -4.76159e-16 0)
(3 3.72544e-16 0)
(3 1.07311e-15 0)
(3 1.63939e-15 0)
(3 1.74165e-15 0)
(3 1.92634e-15 0)
(3 1.1564e-15 0)
(3 1.02693e-15 0)
(3 1.43638e-15 0)
(3 9.72771e-16 0)
(3 4.06521e-16 0)
(3 4.52575e-16 0)
(3 1.58513e-17 0)
(3 -4.05598e-16 0)
(3 -5.28253e-16 0)
(3 -4.02624e-16 0)
(3 -2.50764e-16 0)
(3 -6.35375e-16 0)
(3 -1.12768e-15 0)
(3 -1.3035e-15 0)
(3 2.13622e-17 0)
(3 8.15151e-17 0)
(3 1.47388e-16 0)
(3 9.08776e-16 0)
(3 9.80725e-16 0)
(3 9.91263e-16 0)
(3 1.34744e-15 0)
(3 1.64393e-15 0)
(3 1.46786e-15 0)
(3 1.29697e-15 0)
(3 5.17479e-16 0)
(3 -4.10408e-16 0)
(3 -4.76632e-16 0)
(3 -3.72662e-16 0)
(3 -5.40954e-16 0)
(3 -5.56516e-16 0)
(3 -8.37973e-16 0)
(3 -9.76668e-16 0)
(3 -1.21525e-15 0)
(3 -1.42101e-15 0)
(3 -1.04197e-15 0)
(3 -8.3696e-16 0)
(3 -1.11023e-15 0)
(3 -1.32618e-15 0)
(3 -1.24036e-15 0)
(3 -1.35369e-15 0)
(3 -1.40676e-15 0)
(3 -1.77536e-15 0)
(3 -1.78618e-15 0)
(3 2.13654e-17 0)
(3 -4.95586e-16 0)
(3 -1.60045e-15 0)
(3 -1.7779e-15 0)
(3 -1.56749e-15 0)
(3 -2.0845e-15 0)
(3 -1.95402e-15 0)
(3 -2.05186e-15 0)
(3 -1.01185e-15 0)
(3 -4.47534e-09 0)
(3.00886 0.000113526 0)
(1.50609 0.50842 0)
(0.918479 0.572096 0)
(0.892471 0.557125 0)
(0.877005 0.558772 0)
(0.861854 0.564109 0)
(0.849159 0.574072 0)
(0.837578 0.585624 0)
(0.825732 0.598073 0)
(0.81364 0.611322 0)
(0.801803 0.626088 0)
(0.791343 0.642716 0)
(0.785879 0.664647 0)
(0.788014 0.693345 0)
(0.799118 0.72892 0)
(0.819599 0.771145 0)
(0.851131 0.81864 0)
(0.895083 0.869927 0)
(0.957907 0.923333 0)
(1.05352 0.976738 0)
(1.18077 1.01486 0)
(1.34172 1.03334 0)
(3 -6.84363e-17 0)
(3 -2.18966e-16 0)
(3 -1.08023e-16 0)
(3 -3.19944e-16 0)
(3 -7.67401e-16 0)
(3 -1.05421e-15 0)
(3 -9.30867e-16 0)
(3 -9.47372e-16 0)
(3 -1.15433e-15 0)
(3 -1.03576e-15 0)
(3 -8.5452e-16 0)
(3 -8.41407e-16 0)
(3 -9.5044e-16 0)
(3 -1.00641e-15 0)
(3 -7.098e-16 0)
(3 -2.43943e-16 0)
(3 8.46411e-16 0)
(3 1.45863e-15 0)
(3 8.61039e-16 0)
(3 -3.38466e-16 0)
(3 -4.34312e-16 0)
(3 -5.89687e-16 0)
(3 -1.97259e-16 0)
(3 -9.56921e-18 0)
(3 -1.45405e-16 0)
(3 -1.7285e-16 0)
(3 5.12532e-16 0)
(3 6.48058e-16 0)
(3 6.03238e-16 0)
(3 2.73252e-16 0)
(3 -1.31114e-16 0)
(3 -5.58864e-16 0)
(3 -6.69259e-16 0)
(3 -5.27961e-16 0)
(3 -5.57042e-17 0)
(3 5.85588e-16 0)
(3 4.62215e-16 0)
(3 9.51669e-18 0)
(3 8.83986e-20 0)
(3 3.52685e-16 0)
(3 4.45212e-16 0)
(3 9.3796e-16 0)
(3 8.81048e-16 0)
(3 7.84264e-16 0)
(3 8.35811e-17 0)
(3 -1.11173e-15 0)
(3 -9.80359e-16 0)
(3 -6.33889e-16 0)
(3 -1.32797e-16 0)
(3 -7.35593e-17 0)
(3 -1.69542e-16 0)
(3 -9.57975e-16 0)
(3 -1.73324e-15 0)
(3 -1.96043e-15 0)
(3 -1.35244e-15 0)
(3 -5.40685e-16 0)
(3 -5.79566e-16 0)
(3 -8.03652e-16 0)
(3 -9.73732e-16 0)
(3 -6.58434e-16 0)
(3 -3.58786e-16 0)
(3 -6.25496e-16 0)
(3 -1.60494e-15 0)
(3 -2.10798e-15 0)
(3 -1.30216e-15 0)
(3 -1.31373e-15 0)
(3 -7.82775e-16 0)
(3 -6.35565e-16 0)
(3 -9.83913e-16 0)
(3 -1.15665e-15 0)
(3 -1.2252e-15 0)
(3 -9.32963e-16 0)
(3 2.69113e-16 0)
(3 -1.43168e-10 0)
(3.00006 -2.29515e-06 0)
(2.08052 0.511445 0)
(0.967604 0.603833 0)
(0.905229 0.567152 0)
(0.896086 0.573081 0)
(0.883613 0.579758 0)
(0.872533 0.589274 0)
(0.862463 0.601021 0)
(0.853786 0.614476 0)
(0.845685 0.629046 0)
(0.838377 0.645082 0)
(0.831613 0.661761 0)
(0.827398 0.68087 0)
(0.829295 0.705392 0)
(0.840382 0.736198 0)
(0.861578 0.773065 0)
(0.894998 0.815243 0)
(0.942716 0.861801 0)
(1.01022 0.909994 0)
(1.10351 0.953474 0)
(1.21666 0.982185 0)
(1.3535 0.994181 0)
(3 2.99618e-17 0)
(3 3.84569e-17 0)
(3 2.94085e-16 0)
(3 4.87352e-17 0)
(3 -3.54378e-16 0)
(3 -1.06386e-15 0)
(3 -9.17081e-16 0)
(3 -4.87786e-16 0)
(3 -5.96464e-16 0)
(3 -3.816e-16 0)
(3 -5.62019e-17 0)
(3 5.41137e-16 0)
(3 4.67684e-16 0)
(3 -7.36291e-16 0)
(3 -4.47033e-16 0)
(3 7.635e-16 0)
(3 1.3289e-15 0)
(3 1.56819e-15 0)
(3 -1.13153e-16 0)
(3 -1.86689e-15 0)
(3 -2.25979e-15 0)
(3 -1.89363e-15 0)
(3 -1.87875e-15 0)
(3 -1.93919e-15 0)
(3 -1.28397e-15 0)
(3 -1.0569e-16 0)
(3 7.25739e-17 0)
(3 9.75158e-16 0)
(3 1.28817e-15 0)
(3 8.45618e-16 0)
(3 3.53641e-16 0)
(3 6.35338e-16 0)
(3 1.0813e-15 0)
(3 1.06133e-15 0)
(3 4.25683e-16 0)
(3 -7.43073e-16 0)
(3 -1.16727e-15 0)
(3 -1.30153e-15 0)
(3 -8.36013e-16 0)
(3 -5.82262e-16 0)
(3 2.91438e-17 0)
(3 -4.19354e-16 0)
(3 -7.0241e-17 0)
(3 -3.79483e-17 0)
(3 -7.80619e-16 0)
(3 -1.38818e-15 0)
(3 -1.34719e-15 0)
(3 -1.34606e-15 0)
(3 -1.39997e-15 0)
(3 -7.03547e-16 0)
(3 -6.74667e-16 0)
(3 -6.86559e-16 0)
(3 -9.09616e-16 0)
(3 -1.00423e-15 0)
(3 -9.13362e-16 0)
(3 -9.14893e-16 0)
(3 -1.044e-15 0)
(3 -9.30496e-16 0)
(3 -4.26303e-16 0)
(3 -1.07938e-16 0)
(3 2.88385e-16 0)
(3 2.25847e-16 0)
(3 6.72458e-17 0)
(3 -1.686e-16 0)
(3 3.32523e-16 0)
(3 2.44372e-16 0)
(3 4.26981e-16 0)
(3 5.26925e-16 0)
(3 -1.81152e-16 0)
(3 -9.92422e-16 0)
(3 -1.44453e-15 0)
(3 -1.49238e-15 0)
(3 -8.10007e-16 0)
(3 -3.47724e-13 0)
(3.00001 -3.01936e-06 0)
(2.89471 0.235729 0)
(1.16172 0.61529 0)
(0.963413 0.573188 0)
(0.940131 0.58113 0)
(0.919641 0.593949 0)
(0.903449 0.605165 0)
(0.890688 0.617183 0)
(0.881433 0.630904 0)
(0.874914 0.64612 0)
(0.870965 0.663185 0)
(0.868655 0.681101 0)
(0.868038 0.699578 0)
(0.871253 0.72052 0)
(0.882419 0.746618 0)
(0.903631 0.77785 0)
(0.937197 0.813369 0)
(0.985328 0.852914 0)
(1.05259 0.894769 0)
(1.14148 0.930981 0)
(1.24491 0.955233 0)
(1.36548 0.965487 0)
(3 -4.56631e-18 0)
(3 -1.01733e-16 0)
(3 -5.33781e-16 0)
(3 -6.4564e-16 0)
(3 -5.18368e-16 0)
(3 -5.39775e-16 0)
(3 -6.21261e-16 0)
(3 -4.63199e-16 0)
(3 -2.23145e-16 0)
(3 -1.62011e-16 0)
(3 -1.7969e-16 0)
(3 -9.12784e-17 0)
(3 -3.26303e-16 0)
(3 -2.52867e-16 0)
(3 -3.97452e-16 0)
(3 -2.37208e-16 0)
(3 2.81363e-16 0)
(3 5.28921e-16 0)
(3 -6.95531e-16 0)
(3 -1.15091e-15 0)
(3 -2.04969e-15 0)
(3 -2.61053e-15 0)
(3 -2.69818e-15 0)
(3 -1.75992e-15 0)
(3 -7.46436e-16 0)
(3 -1.14953e-16 0)
(3 -1.90161e-16 0)
(3 -2.68494e-16 0)
(3 -3.42216e-17 0)
(3 5.0414e-16 0)
(3 1.04563e-17 0)
(3 1.98024e-16 0)
(3 4.0864e-16 0)
(3 3.79669e-16 0)
(3 -3.43176e-17 0)
(3 -1.42722e-15 0)
(3 -1.93769e-15 0)
(3 -1.31058e-15 0)
(3 -3.95145e-16 0)
(3 -5.48808e-16 0)
(3 -3.62719e-16 0)
(3 -2.18582e-16 0)
(3 -4.30043e-16 0)
(3 -6.36731e-16 0)
(3 -8.69985e-16 0)
(3 -5.49757e-16 0)
(3 -3.63984e-16 0)
(3 -6.94031e-16 0)
(3 -1.44346e-15 0)
(3 -1.18186e-15 0)
(3 -8.5555e-16 0)
(3 -5.3347e-16 0)
(3 4.42909e-16 0)
(3 6.63295e-16 0)
(3 -4.93771e-17 0)
(3 -8.49721e-16 0)
(3 -6.7169e-16 0)
(3 -3.83527e-17 0)
(3 1.09418e-16 0)
(3 -3.46047e-16 0)
(3 -5.76551e-18 0)
(3 7.16485e-17 0)
(3 5.8349e-16 0)
(3 7.71375e-16 0)
(3 1.03721e-15 0)
(3 1.30612e-15 0)
(3 1.52058e-15 0)
(3 1.24056e-16 0)
(3 -7.76362e-16 0)
(3 -1.0792e-15 0)
(3 -1.22133e-15 0)
(3 -1.57092e-15 0)
(3 -2.58584e-15 0)
(3 -1.7762e-15 0)
(3 -6.39296e-07 0)
(3.054 0.01146 0)
(1.40827 0.572882 0)
(0.992484 0.625617 0)
(0.962747 0.621375 0)
(0.94025 0.623315 0)
(0.925112 0.628783 0)
(0.91412 0.637144 0)
(0.906198 0.648211 0)
(0.901627 0.661518 0)
(0.900535 0.6775 0)
(0.902267 0.69543 0)
(0.906344 0.714301 0)
(0.91276 0.733457 0)
(0.924604 0.755402 0)
(0.945378 0.781275 0)
(0.977913 0.810313 0)
(1.02393 0.842597 0)
(1.08639 0.876785 0)
(1.16641 0.906133 0)
(1.26087 0.927272 0)
(1.36861 0.936259 0)
(3 7.32762e-17 0)
(3 -2.52901e-16 0)
(3 -7.18605e-16 0)
(3 -7.98622e-16 0)
(3 -3.11726e-16 0)
(3 3.18387e-17 0)
(3 -2.30762e-16 0)
(3 2.28904e-17 0)
(3 3.7792e-16 0)
(3 2.14961e-16 0)
(3 -2.72855e-16 0)
(3 -5.19829e-16 0)
(3 -1.28544e-16 0)
(3 2.43168e-16 0)
(3 -1.98528e-17 0)
(3 -6.10253e-16 0)
(3 -1.4974e-15 0)
(3 -1.58018e-15 0)
(3 -1.02126e-15 0)
(3 -9.24747e-16 0)
(3 -3.74759e-16 0)
(3 -1.41198e-16 0)
(3 -1.45455e-16 0)
(3 -3.79351e-18 0)
(3 -1.29139e-16 0)
(3 -3.19878e-16 0)
(3 -8.03235e-16 0)
(3 -1.22736e-15 0)
(3 -1.09867e-15 0)
(3 -2.15803e-16 0)
(3 -3.14838e-17 0)
(3 -2.22728e-16 0)
(3 -2.26958e-16 0)
(3 -2.01715e-18 0)
(3 9.02312e-18 0)
(3 -2.63193e-16 0)
(3 -2.99448e-16 0)
(3 -7.18408e-16 0)
(3 -1.38757e-15 0)
(3 -1.31728e-15 0)
(3 -1.39909e-15 0)
(3 -1.64741e-15 0)
(3 -1.84288e-15 0)
(3 -1.86898e-15 0)
(3 -1.33173e-15 0)
(3 -8.83333e-16 0)
(3 -8.78228e-16 0)
(3 -1.0576e-15 0)
(3 -8.08295e-16 0)
(3 -8.50908e-16 0)
(3 -9.72338e-16 0)
(3 -1.16044e-15 0)
(3 -9.95309e-17 0)
(3 8.19816e-16 0)
(3 1.10498e-15 0)
(3 5.13377e-16 0)
(3 1.34195e-16 0)
(3 2.6971e-16 0)
(3 4.16867e-16 0)
(3 -2.13356e-16 0)
(3 -4.33757e-16 0)
(3 -1.87085e-16 0)
(3 -1.22984e-16 0)
(3 1.32732e-16 0)
(3 1.52521e-16 0)
(3 4.34854e-16 0)
(3 2.10243e-16 0)
(3 -6.64833e-16 0)
(3 -6.58459e-16 0)
(3 -6.18271e-16 0)
(3 -7.58734e-16 0)
(3 -1.34807e-15 0)
(3 -1.78116e-15 0)
(3 -1.37095e-15 0)
(3 -6.49558e-08 0)
(3.0016 -3.68252e-06 0)
(1.88612 0.564283 0)
(1.00324 0.661083 0)
(0.966001 0.638801 0)
(0.958768 0.643438 0)
(0.949751 0.647471 0)
(0.940589 0.654091 0)
(0.933474 0.663476 0)
(0.929288 0.675238 0)
(0.92922 0.690021 0)
(0.933136 0.707369 0)
(0.940591 0.726542 0)
(0.951274 0.746002 0)
(0.964749 0.765883 0)
(0.98622 0.788198 0)
(1.01824 0.811825 0)
(1.06196 0.838117 0)
(1.11931 0.864561 0)
(1.19043 0.887439 0)
(1.27541 0.904816 0)
(1.37285 0.913287 0)
(3 2.22013e-17 0)
(3 -6.46753e-17 0)
(3 9.45279e-17 0)
(3 3.15122e-16 0)
(3 4.48637e-16 0)
(3 8.48775e-16 0)
(3 8.12676e-16 0)
(3 4.17601e-16 0)
(3 3.31445e-16 0)
(3 5.01094e-16 0)
(3 1.20797e-16 0)
(3 1.27602e-16 0)
(3 7.76834e-16 0)
(3 4.7049e-16 0)
(3 -7.41317e-17 0)
(3 -7.64329e-16 0)
(3 -1.56633e-15 0)
(3 -1.52051e-15 0)
(3 -9.73375e-16 0)
(3 2.3189e-16 0)
(3 9.17521e-16 0)
(3 1.17804e-15 0)
(3 1.26121e-15 0)
(3 7.79576e-16 0)
(3 1.39781e-16 0)
(3 -9.33517e-16 0)
(3 -1.07902e-15 0)
(3 -8.17046e-16 0)
(3 -7.59693e-16 0)
(3 -6.76259e-16 0)
(3 -4.5967e-16 0)
(3 -8.79752e-16 0)
(3 -8.58492e-16 0)
(3 -5.20635e-16 0)
(3 -2.94264e-16 0)
(3 -2.81127e-16 0)
(3 -4.24357e-16 0)
(3 -6.77612e-16 0)
(3 -9.78454e-16 0)
(3 -1.86169e-15 0)
(3 -2.36938e-15 0)
(3 -2.34933e-15 0)
(3 -1.75309e-15 0)
(3 -1.00299e-15 0)
(3 -3.53858e-16 0)
(3 -2.38692e-16 0)
(3 -4.57532e-16 0)
(3 -1.35078e-16 0)
(3 2.03687e-16 0)
(3 1.48917e-17 0)
(3 -3.99403e-16 0)
(3 -8.49531e-16 0)
(3 -6.45323e-16 0)
(3 -2.08865e-16 0)
(3 5.98892e-16 0)
(3 9.78146e-16 0)
(3 9.67785e-16 0)
(3 7.43524e-16 0)
(3 7.13111e-16 0)
(3 5.65477e-16 0)
(3 2.94052e-16 0)
(3 2.48668e-16 0)
(3 2.64715e-16 0)
(3 6.57253e-16 0)
(3 8.88751e-17 0)
(3 -6.48773e-16 0)
(3 -8.87589e-16 0)
(3 -1.48083e-16 0)
(3 6.73215e-17 0)
(3 -7.06852e-17 0)
(3 -4.13474e-16 0)
(3 -6.34079e-16 0)
(3 -3.77302e-16 0)
(3 -2.10893e-16 0)
(3 -2.06414e-09 0)
(3 -1.34245e-07 0)
(2.76401 0.314616 0)
(1.16036 0.671914 0)
(1.00422 0.638795 0)
(0.991666 0.647224 0)
(0.981802 0.659207 0)
(0.971621 0.668282 0)
(0.96376 0.6777 0)
(0.958921 0.688379 0)
(0.958317 0.701363 0)
(0.962926 0.717236 0)
(0.971378 0.735146 0)
(0.985631 0.754759 0)
(1.00166 0.773355 0)
(1.02487 0.791867 0)
(1.05627 0.811685 0)
(1.09708 0.832372 0)
(1.14913 0.852078 0)
(1.21085 0.86856 0)
(1.2864 0.882549 0)
(1.37223 0.889682 0)
(3 -1.2992e-16 0)
(3 -7.81364e-17 0)
(3 -3.88666e-17 0)
(3 1.46816e-16 0)
(3 1.95355e-16 0)
(3 5.37621e-16 0)
(3 6.74013e-16 0)
(3 4.16025e-16 0)
(3 -4.70977e-16 0)
(3 -7.91187e-16 0)
(3 -6.66085e-16 0)
(3 -3.60374e-16 0)
(3 -4.41259e-16 0)
(3 -4.95702e-16 0)
(3 -9.84533e-16 0)
(3 -2.12329e-15 0)
(3 -2.01292e-15 0)
(3 -2.13238e-15 0)
(3 -1.75626e-15 0)
(3 8.61427e-16 0)
(3 1.45982e-15 0)
(3 1.11902e-15 0)
(3 1.07487e-15 0)
(3 6.68108e-16 0)
(3 -1.75565e-16 0)
(3 -1.11911e-15 0)
(3 -1.05492e-15 0)
(3 -1.0874e-15 0)
(3 -1.19997e-15 0)
(3 -9.73189e-16 0)
(3 -8.16247e-16 0)
(3 -7.85994e-16 0)
(3 -7.76428e-16 0)
(3 -1.07554e-15 0)
(3 -1.24701e-15 0)
(3 -1.7936e-15 0)
(3 -1.11824e-15 0)
(3 -8.13467e-16 0)
(3 -5.72947e-16 0)
(3 -9.29913e-16 0)
(3 -1.30279e-15 0)
(3 -9.53013e-16 0)
(3 -3.96862e-16 0)
(3 4.26699e-16 0)
(3 1.05128e-15 0)
(3 1.24863e-15 0)
(3 1.17209e-15 0)
(3 1.02635e-15 0)
(3 1.08296e-15 0)
(3 5.51801e-16 0)
(3 4.3223e-17 0)
(3 -6.49131e-16 0)
(3 -1.0686e-15 0)
(3 -1.32349e-15 0)
(3 -2.0427e-15 0)
(3 -6.28472e-16 0)
(3 2.25267e-16 0)
(3 7.39034e-16 0)
(3 1.3509e-15 0)
(3 2.1145e-15 0)
(3 1.89094e-15 0)
(3 1.07073e-15 0)
(3 9.80333e-16 0)
(3 7.55853e-16 0)
(3 5.23685e-16 0)
(3 -1.92298e-16 0)
(3 -7.15362e-16 0)
(3 -6.13055e-16 0)
(3 -2.20995e-16 0)
(3 5.58388e-16 0)
(3 8.41093e-16 0)
(3 1.12144e-15 0)
(3 1.0334e-15 0)
(3 1.04475e-15 0)
(3 -4.88413e-12 0)
(3 -1.73023e-07 0)
(3.06692 0.0214376 0)
(1.44331 0.635921 0)
(1.04611 0.683859 0)
(1.01362 0.679156 0)
(1.00013 0.684353 0)
(0.991115 0.690523 0)
(0.986068 0.696678 0)
(0.983986 0.705195 0)
(0.985163 0.71504 0)
(0.990767 0.728313 0)
(1.00003 0.743787 0)
(1.01557 0.761763 0)
(1.03451 0.779855 0)
(1.06002 0.797802 0)
(1.0914 0.81539 0)
(1.13033 0.832321 0)
(1.17831 0.847486 0)
(1.23322 0.859603 0)
(1.30152 0.87018 0)
(1.37682 0.874524 0)
(3 -3.91286e-17 0)
(3 3.67387e-16 0)
(3 4.17098e-16 0)
(3 4.0558e-16 0)
(3 4.27027e-16 0)
(3 3.12608e-16 0)
(3 -2.93814e-16 0)
(3 -2.64602e-16 0)
(3 -7.26342e-16 0)
(3 -1.30637e-16 0)
(3 1.33819e-16 0)
(3 4.13651e-16 0)
(3 1.72055e-16 0)
(3 4.28916e-17 0)
(3 -3.97635e-16 0)
(3 -2.08753e-16 0)
(3 -3.44346e-16 0)
(3 -1.3075e-15 0)
(3 -1.97594e-15 0)
(3 -1.54647e-15 0)
(3 3.37434e-16 0)
(3 5.01218e-16 0)
(3 3.12226e-16 0)
(3 4.26036e-16 0)
(3 6.1274e-16 0)
(3 5.8549e-16 0)
(3 -1.03634e-16 0)
(3 -1.42901e-15 0)
(3 -1.78094e-15 0)
(3 -1.53965e-15 0)
(3 -1.35417e-15 0)
(3 -1.20122e-15 0)
(3 -1.51374e-15 0)
(3 -1.99511e-15 0)
(3 -2.95986e-15 0)
(3 -2.51892e-15 0)
(3 -1.42277e-15 0)
(3 -7.76557e-16 0)
(3 -2.55165e-16 0)
(3 1.83423e-17 0)
(3 -8.54739e-18 0)
(3 -2.8389e-16 0)
(3 1.19535e-16 0)
(3 1.25567e-15 0)
(3 1.62964e-15 0)
(3 1.07274e-15 0)
(3 7.20704e-16 0)
(3 4.42375e-16 0)
(3 -3.14902e-16 0)
(3 -3.37315e-16 0)
(3 -1.79275e-17 0)
(3 4.75089e-16 0)
(3 -3.92675e-16 0)
(3 -2.29473e-15 0)
(3 -2.79877e-15 0)
(3 -2.21646e-15 0)
(3 -1.18511e-15 0)
(3 -4.56265e-16 0)
(3 1.52019e-16 0)
(3 1.21604e-15 0)
(3 1.55812e-15 0)
(3 1.16846e-15 0)
(3 5.77965e-16 0)
(3 -7.39904e-17 0)
(3 -1.94772e-16 0)
(3 -5.05642e-17 0)
(3 2.16317e-16 0)
(3 3.4156e-16 0)
(3 2.81852e-16 0)
(3 5.52596e-16 0)
(3 1.03092e-15 0)
(3 1.45349e-15 0)
(3 1.4543e-15 0)
(3 1.75738e-15 0)
(3 -4.68018e-15 0)
(3 -3.71347e-08 0)
(3.00304 5.92227e-05 0)
(2.01183 0.605492 0)
(1.07317 0.727505 0)
(1.0346 0.697736 0)
(1.03006 0.697161 0)
(1.02181 0.702954 0)
(1.01537 0.708258 0)
(1.01341 0.716506 0)
(1.01475 0.725551 0)
(1.01997 0.737504 0)
(1.029 0.750112 0)
(1.04364 0.766429 0)
(1.06398 0.782285 0)
(1.09043 0.798632 0)
(1.12153 0.814055 0)
(1.15936 0.828276 0)
(1.20384 0.840235 0)
(1.25434 0.849244 0)
(1.31594 0.856601 0)
(1.38203 0.85879 0)
(3 4.81638e-17 0)
(3 2.36988e-16 0)
(3 5.55443e-16 0)
(3 6.90786e-16 0)
(3 3.39029e-18 0)
(3 -4.90064e-16 0)
(3 -3.15333e-16 0)
(3 -8.79242e-17 0)
(3 4.78238e-16 0)
(3 6.7482e-16 0)
(3 1.22467e-15 0)
(3 5.71062e-16 0)
(3 2.59689e-16 0)
(3 1.22609e-16 0)
(3 5.85081e-16 0)
(3 2.15072e-15 0)
(3 1.23776e-15 0)
(3 -2.67582e-16 0)
(3 -1.07491e-15 0)
(3 -1.05752e-15 0)
(3 -1.17653e-15 0)
(3 -1.32671e-15 0)
(3 -4.0857e-16 0)
(3 -9.58739e-17 0)
(3 -1.42917e-17 0)
(3 6.0842e-16 0)
(3 9.20703e-16 0)
(3 -1.43119e-16 0)
(3 -2.16186e-15 0)
(3 -2.70118e-15 0)
(3 -1.28245e-15 0)
(3 -4.62302e-16 0)
(3 -1.23598e-15 0)
(3 -1.89027e-15 0)
(3 -1.58806e-15 0)
(3 -7.41198e-16 0)
(3 -8.00841e-16 0)
(3 -1.74675e-16 0)
(3 3.97467e-16 0)
(3 7.67273e-16 0)
(3 6.43227e-16 0)
(3 8.69611e-17 0)
(3 -1.65717e-17 0)
(3 5.64474e-16 0)
(3 5.64059e-16 0)
(3 2.39879e-16 0)
(3 1.50555e-16 0)
(3 -1.91418e-16 0)
(3 -4.55325e-16 0)
(3 -7.12296e-16 0)
(3 -8.07202e-16 0)
(3 -5.52473e-16 0)
(3 -1.07839e-15 0)
(3 -1.53705e-15 0)
(3 -1.32815e-15 0)
(3 -2.37373e-15 0)
(3 -1.75987e-15 0)
(3 -2.0463e-16 0)
(3 -4.4388e-16 0)
(3 -8.99983e-17 0)
(3 6.58546e-16 0)
(3 1.63805e-15 0)
(3 8.58814e-16 0)
(3 -4.59178e-16 0)
(3 -9.49481e-16 0)
(3 -4.91728e-16 0)
(3 8.9157e-16 0)
(3 1.08473e-15 0)
(3 7.02041e-16 0)
(3 4.18286e-16 0)
(3 1.01536e-15 0)
(3 1.72519e-15 0)
(3 1.48821e-15 0)
(3 1.0774e-15 0)
(3 9.32526e-16 0)
(3 -3.18974e-09 0)
(3.00001 -1.90892e-07 0)
(2.96102 0.207726 0)
(1.28672 0.69612 0)
(1.07916 0.695823 0)
(1.07329 0.708366 0)
(1.0636 0.719085 0)
(1.0536 0.7237 0)
(1.04861 0.730979 0)
(1.04735 0.73906 0)
(1.05018 0.749604 0)
(1.05797 0.760346 0)
(1.07105 0.773007 0)
(1.09099 0.786895 0)
(1.11751 0.801784 0)
(1.14844 0.815621 0)
(1.18579 0.828492 0)
(1.22785 0.838894 0)
(1.27552 0.846353 0)
(1.33142 0.851687 0)
(1.39051 0.851826 0)
(3 1.06757e-16 0)
(3 8.29717e-17 0)
(3 5.66325e-17 0)
(3 3.58654e-17 0)
(3 3.45842e-17 0)
(3 2.9759e-16 0)
(3 8.68297e-16 0)
(3 8.37298e-16 0)
(3 9.29414e-16 0)
(3 6.78306e-16 0)
(3 7.25637e-16 0)
(3 6.48353e-16 0)
(3 4.56439e-16 0)
(3 6.86557e-16 0)
(3 9.13991e-16 0)
(3 1.3143e-15 0)
(3 1.68559e-15 0)
(3 1.99065e-15 0)
(3 1.46708e-15 0)
(3 4.14021e-16 0)
(3 -6.78906e-16 0)
(3 -1.12724e-15 0)
(3 -9.96193e-16 0)
(3 -1.41171e-15 0)
(3 -1.20324e-16 0)
(3 1.02858e-15 0)
(3 8.76039e-16 0)
(3 -2.34841e-16 0)
(3 -9.7637e-16 0)
(3 -1.41906e-15 0)
(3 -1.29429e-15 0)
(3 -1.60559e-15 0)
(3 -1.08456e-15 0)
(3 -9.16491e-16 0)
(3 1.51105e-16 0)
(3 9.40828e-16 0)
(3 2.74361e-16 0)
(3 9.90076e-17 0)
(3 8.78078e-16 0)
(3 1.65674e-15 0)
(3 1.42477e-15 0)
(3 1.19339e-15 0)
(3 3.21911e-16 0)
(3 3.36692e-16 0)
(3 8.8497e-16 0)
(3 9.25116e-16 0)
(3 6.24124e-16 0)
(3 -2.196e-16 0)
(3 -4.24978e-16 0)
(3 -6.72984e-16 0)
(3 -1.69474e-15 0)
(3 -2.01749e-15 0)
(3 -1.58242e-15 0)
(3 -1.0798e-15 0)
(3 -8.67142e-16 0)
(3 -1.16268e-15 0)
(3 -1.80337e-15 0)
(3 -1.30444e-15 0)
(3 -6.42579e-16 0)
(3 -4.92631e-16 0)
(3 -3.73799e-17 0)
(3 3.43712e-16 0)
(3 5.22333e-16 0)
(3 8.55821e-17 0)
(3 -6.72233e-16 0)
(3 -9.85459e-16 0)
(3 -4.62681e-16 0)
(3 -4.78345e-16 0)
(3 -2.46679e-16 0)
(3 3.14044e-16 0)
(3 2.01008e-15 0)
(3 2.17141e-15 0)
(3 2.18559e-15 0)
(3 1.336e-15 0)
(3 1.20639e-15 0)
(3 -1.43147e-11 0)
(3 -4.70154e-07 0)
(3.03918 0.0051603 0)
(1.55476 0.655126 0)
(1.08206 0.743251 0)
(1.07571 0.738445 0)
(1.07086 0.741588 0)
(1.0717 0.745829 0)
(1.0736 0.751261 0)
(1.07549 0.756203 0)
(1.0792 0.762534 0)
(1.08702 0.769968 0)
(1.09942 0.77846 0)
(1.11745 0.788936 0)
(1.14212 0.800511 0)
(1.17194 0.812254 0)
(1.20787 0.823559 0)
(1.24793 0.832585 0)
(1.29352 0.839231 0)
(1.34484 0.843496 0)
(1.39999 0.842838 0)
(3 -1.31968e-16 0)
(3 -1.10245e-16 0)
(3 -1.27758e-16 0)
(3 -3.70585e-17 0)
(3 5.30521e-16 0)
(3 1.23085e-15 0)
(3 1.18493e-15 0)
(3 4.43824e-16 0)
(3 8.96974e-16 0)
(3 6.66719e-16 0)
(3 4.79903e-17 0)
(3 4.98191e-16 0)
(3 1.40374e-15 0)
(3 1.82136e-15 0)
(3 1.14355e-15 0)
(3 6.48122e-16 0)
(3 7.18204e-16 0)
(3 1.37481e-15 0)
(3 1.24437e-15 0)
(3 7.43008e-16 0)
(3 8.16849e-17 0)
(3 -2.65504e-16 0)
(3 -9.06751e-16 0)
(3 -1.20886e-15 0)
(3 -3.28012e-16 0)
(3 1.20182e-16 0)
(3 5.75833e-17 0)
(3 -4.05309e-16 0)
(3 -9.78009e-16 0)
(3 -1.10515e-15 0)
(3 -1.48053e-15 0)
(3 -2.23666e-15 0)
(3 -9.04436e-16 0)
(3 4.04783e-16 0)
(3 9.63539e-16 0)
(3 8.9152e-16 0)
(3 6.82581e-16 0)
(3 6.42068e-16 0)
(3 9.72346e-16 0)
(3 1.31286e-15 0)
(3 1.493e-15 0)
(3 1.48062e-15 0)
(3 1.36699e-15 0)
(3 6.51479e-16 0)
(3 9.33046e-16 0)
(3 1.09763e-15 0)
(3 6.27602e-16 0)
(3 -1.04706e-15 0)
(3 -1.65603e-15 0)
(3 -1.04227e-15 0)
(3 -3.77633e-16 0)
(3 2.40828e-17 0)
(3 -2.33326e-17 0)
(3 1.46175e-16 0)
(3 -5.14236e-16 0)
(3 -4.88228e-16 0)
(3 -8.93732e-16 0)
(3 -1.42053e-15 0)
(3 -1.55096e-15 0)
(3 -1.12935e-15 0)
(3 -8.18024e-16 0)
(3 -8.99207e-16 0)
(3 -8.96686e-16 0)
(3 -3.15772e-16 0)
(3 -2.63816e-16 0)
(3 -6.19576e-16 0)
(3 -1.07682e-15 0)
(3 -1.08935e-15 0)
(3 -8.06656e-16 0)
(3 -2.23165e-16 0)
(3 1.30311e-15 0)
(3 1.56974e-15 0)
(3 1.4659e-15 0)
(3 8.16312e-16 0)
(3 4.6003e-16 0)
(3 -2.62273e-14 0)
(3 -9.02636e-08 0)
(3.00073 1.46767e-05 0)
(2.34661 0.542163 0)
(1.15267 0.773991 0)
(1.08825 0.736567 0)
(1.08711 0.744217 0)
(1.09167 0.751814 0)
(1.09588 0.760397 0)
(1.10016 0.767227 0)
(1.10584 0.773893 0)
(1.11472 0.780736 0)
(1.12716 0.788187 0)
(1.14394 0.796456 0)
(1.16623 0.805426 0)
(1.19432 0.814857 0)
(1.22841 0.824176 0)
(1.26671 0.831711 0)
(1.31021 0.837841 0)
(1.35785 0.841394 0)
(1.40953 0.840701 0)
(3 -1.344e-16 0)
(3 -1.26352e-16 0)
(3 -1.00437e-16 0)
(3 -3.51692e-16 0)
(3 -3.94216e-16 0)
(3 -1.67701e-16 0)
(3 7.13032e-18 0)
(3 4.09327e-16 0)
(3 3.29704e-16 0)
(3 2.94185e-16 0)
(3 -2.61575e-17 0)
(3 4.49446e-16 0)
(3 7.51415e-16 0)
(3 9.34788e-16 0)
(3 8.39407e-16 0)
(3 1.1927e-16 0)
(3 1.50273e-16 0)
(3 1.0103e-15 0)
(3 1.85775e-15 0)
(3 9.82106e-16 0)
(3 -1.8296e-16 0)
(3 -3.28432e-16 0)
(3 -3.1177e-16 0)
(3 -1.10193e-16 0)
(3 -9.95166e-16 0)
(3 -1.09387e-15 0)
(3 -1.22411e-15 0)
(3 -1.23713e-15 0)
(3 -1.52917e-15 0)
(3 -1.79679e-15 0)
(3 -1.19881e-15 0)
(3 -8.92977e-17 0)
(3 -1.09859e-17 0)
(3 8.98184e-17 0)
(3 -5.93692e-17 0)
(3 4.55267e-16 0)
(3 7.24053e-16 0)
(3 6.83599e-16 0)
(3 1.62632e-16 0)
(3 6.17359e-16 0)
(3 7.20695e-16 0)
(3 1.14095e-15 0)
(3 1.72424e-15 0)
(3 7.5295e-16 0)
(3 -3.37193e-16 0)
(3 -2.54994e-16 0)
(3 -4.20119e-17 0)
(3 -2.35491e-16 0)
(3 -1.01174e-15 0)
(3 -7.27901e-16 0)
(3 5.38042e-16 0)
(3 3.80279e-16 0)
(3 -7.43458e-17 0)
(3 -6.81144e-16 0)
(3 -1.02453e-15 0)
(3 -1.02275e-15 0)
(3 -4.15921e-16 0)
(3 -4.34058e-16 0)
(3 -9.73301e-16 0)
(3 -1.18698e-15 0)
(3 -1.3557e-16 0)
(3 4.04929e-16 0)
(3 -1.39836e-16 0)
(3 -4.39854e-16 0)
(3 -5.88295e-16 0)
(3 -8.26336e-16 0)
(3 -1.47865e-15 0)
(3 -1.3779e-15 0)
(3 -4.28267e-16 0)
(3 -1.25199e-16 0)
(3 -1.70446e-16 0)
(3 1.86193e-17 0)
(3 6.07447e-18 0)
(3 5.72253e-16 0)
(3 2.80033e-16 0)
(3 1.23967e-15 0)
(3 -2.86347e-09 0)
(3.00003 -9.24899e-06 0)
(3.06473 0.0886092 0)
(1.47042 0.737565 0)
(1.13579 0.747418 0)
(1.1264 0.754962 0)
(1.12056 0.762489 0)
(1.11992 0.769064 0)
(1.12333 0.775275 0)
(1.13026 0.781533 0)
(1.1408 0.787733 0)
(1.15423 0.794015 0)
(1.17088 0.800344 0)
(1.19148 0.806793 0)
(1.21707 0.813606 0)
(1.24828 0.820543 0)
(1.28408 0.826874 0)
(1.32473 0.83213 0)
(1.3694 0.835049 0)
(1.41796 0.834794 0)
(3 1.7949e-16 0)
(3 1.18338e-16 0)
(3 -9.11771e-17 0)
(3 -1.86027e-16 0)
(3 -1.94133e-17 0)
(3 -1.77794e-16 0)
(3 -4.54063e-16 0)
(3 -5.22671e-16 0)
(3 -5.01574e-16 0)
(3 1.3936e-16 0)
(3 7.84565e-16 0)
(3 8.01446e-16 0)
(3 3.34753e-16 0)
(3 3.89545e-16 0)
(3 1.21346e-16 0)
(3 4.44546e-17 0)
(3 2.92622e-16 0)
(3 4.45521e-16 0)
(3 3.01048e-16 0)
(3 -5.2617e-16 0)
(3 -4.12161e-16 0)
(3 -6.17967e-17 0)
(3 -1.21626e-16 0)
(3 -1.63384e-16 0)
(3 -4.91189e-16 0)
(3 -1.03992e-15 0)
(3 -9.70767e-16 0)
(3 -1.37503e-15 0)
(3 -7.71859e-16 0)
(3 -1.03382e-15 0)
(3 -1.55912e-15 0)
(3 -1.56573e-15 0)
(3 -1.71301e-15 0)
(3 -2.14791e-15 0)
(3 -2.08995e-15 0)
(3 -1.18444e-15 0)
(3 -2.02087e-16 0)
(3 1.83996e-16 0)
(3 -1.2817e-17 0)
(3 2.14654e-16 0)
(3 8.8556e-16 0)
(3 1.72132e-15 0)
(3 1.49513e-15 0)
(3 4.89862e-16 0)
(3 -1.03067e-16 0)
(3 3.96199e-17 0)
(3 4.54611e-17 0)
(3 5.06436e-16 0)
(3 1.11129e-15 0)
(3 4.27985e-16 0)
(3 -1.03279e-16 0)
(3 -4.09416e-16 0)
(3 -1.21925e-15 0)
(3 -1.72841e-15 0)
(3 -1.50092e-15 0)
(3 -1.17634e-15 0)
(3 -3.18488e-16 0)
(3 -6.71833e-16 0)
(3 -8.0006e-16 0)
(3 -6.63943e-16 0)
(3 3.69033e-16 0)
(3 6.71752e-16 0)
(3 5.49893e-16 0)
(3 -7.08604e-16 0)
(3 -1.5004e-15 0)
(3 -1.78475e-15 0)
(3 -1.55119e-15 0)
(3 -5.0079e-16 0)
(3 -6.50704e-18 0)
(3 -4.17137e-16 0)
(3 -1.62367e-15 0)
(3 -2.01204e-15 0)
(3 -1.77008e-15 0)
(3 -9.65084e-17 0)
(3 6.00853e-16 0)
(3 1.99072e-15 0)
(3 -1.03977e-11 0)
(3 -2.32024e-06 0)
(3.01246 0.00104194 0)
(1.99219 0.673896 0)
(1.16548 0.808972 0)
(1.1392 0.785412 0)
(1.13974 0.783351 0)
(1.13975 0.785199 0)
(1.14375 0.788007 0)
(1.15169 0.792751 0)
(1.16336 0.798302 0)
(1.17765 0.804142 0)
(1.19479 0.809815 0)
(1.21509 0.815136 0)
(1.23911 0.820324 0)
(1.26773 0.825386 0)
(1.30108 0.829888 0)
(1.33862 0.833363 0)
(1.38022 0.835025 0)
(1.42511 0.834578 0)
(3 -2.02337e-16 0)
(3 -4.56239e-17 0)
(3 -6.01368e-17 0)
(3 3.21658e-16 0)
(3 4.89832e-16 0)
(3 1.38034e-16 0)
(3 -3.20342e-16 0)
(3 -5.06705e-16 0)
(3 -2.58421e-16 0)
(3 -2.90807e-16 0)
(3 -2.06489e-16 0)
(3 4.39336e-17 0)
(3 3.10985e-16 0)
(3 -4.57312e-16 0)
(3 -9.91534e-16 0)
(3 -7.64327e-16 0)
(3 -4.02038e-16 0)
(3 -5.37936e-16 0)
(3 -6.72167e-16 0)
(3 -5.03726e-16 0)
(3 2.19514e-16 0)
(3 2.25992e-16 0)
(3 -3.18774e-16 0)
(3 -1.23654e-15 0)
(3 -1.506e-15 0)
(3 -2.039e-15 0)
(3 -1.27152e-15 0)
(3 2.33003e-16 0)
(3 4.23771e-16 0)
(3 3.14425e-16 0)
(3 4.30261e-17 0)
(3 -8.80213e-16 0)
(3 -1.26673e-15 0)
(3 -1.77506e-15 0)
(3 -1.12112e-15 0)
(3 -2.02666e-16 0)
(3 9.48747e-16 0)
(3 1.2052e-15 0)
(3 1.31196e-15 0)
(3 1.18788e-15 0)
(3 1.55069e-15 0)
(3 1.51278e-15 0)
(3 3.49489e-16 0)
(3 -7.43316e-16 0)
(3 -3.38891e-16 0)
(3 -1.62338e-16 0)
(3 3.32016e-16 0)
(3 1.13854e-15 0)
(3 1.84144e-15 0)
(3 1.2557e-15 0)
(3 -3.50187e-16 0)
(3 -6.48486e-16 0)
(3 -6.14625e-16 0)
(3 -2.04508e-16 0)
(3 8.01435e-16 0)
(3 -8.27092e-17 0)
(3 -1.39169e-15 0)
(3 -1.61114e-15 0)
(3 -1.11613e-15 0)
(3 -4.71237e-16 0)
(3 -9.10721e-16 0)
(3 -1.3725e-15 0)
(3 -1.75337e-15 0)
(3 -1.53986e-15 0)
(3 -1.65801e-15 0)
(3 -1.91653e-15 0)
(3 -1.44373e-15 0)
(3 -1.30916e-15 0)
(3 -1.64163e-15 0)
(3 -1.78845e-15 0)
(3 -1.66787e-15 0)
(3 -1.6007e-15 0)
(3 -9.14862e-16 0)
(3 1.30105e-17 0)
(3 1.229e-15 0)
(3 1.64199e-15 0)
(3 -2.68111e-15 0)
(3 -1.8284e-07 0)
(3.00008 7.55038e-06 0)
(2.96138 0.219401 0)
(1.41245 0.78936 0)
(1.17607 0.781763 0)
(1.17603 0.784346 0)
(1.17239 0.788288 0)
(1.17321 0.791436 0)
(1.17894 0.796122 0)
(1.189 0.801306 0)
(1.20224 0.806842 0)
(1.21893 0.812073 0)
(1.23895 0.816894 0)
(1.26209 0.821237 0)
(1.28889 0.824955 0)
(1.31948 0.827984 0)
(1.35387 0.83005 0)
(1.39202 0.830894 0)
(1.43346 0.830059 0)
(3 2.87399e-17 0)
(3 4.36029e-16 0)
(3 7.7789e-16 0)
(3 7.95736e-16 0)
(3 2.6294e-16 0)
(3 -1.32185e-16 0)
(3 -4.28784e-16 0)
(3 -4.06522e-16 0)
(3 -4.09853e-16 0)
(3 -6.75382e-16 0)
(3 -7.67157e-16 0)
(3 -1.0412e-15 0)
(3 -8.09141e-16 0)
(3 -4.19426e-16 0)
(3 -8.34567e-17 0)
(3 -4.08496e-17 0)
(3 -6.80837e-16 0)
(3 -4.30041e-16 0)
(3 3.19046e-16 0)
(3 1.01432e-15 0)
(3 6.05678e-16 0)
(3 -5.02407e-16 0)
(3 -1.19243e-15 0)
(3 -1.08956e-15 0)
(3 -8.35588e-16 0)
(3 -1.40083e-16 0)
(3 1.42024e-16 0)
(3 6.34816e-16 0)
(3 1.10756e-15 0)
(3 1.1823e-15 0)
(3 1.40942e-15 0)
(3 1.41839e-15 0)
(3 7.91358e-16 0)
(3 -3.60995e-17 0)
(3 -2.64051e-16 0)
(3 -1.01313e-16 0)
(3 3.14939e-16 0)
(3 6.46252e-16 0)
(3 1.37499e-15 0)
(3 1.63985e-15 0)
(3 1.12428e-15 0)
(3 -1.81926e-16 0)
(3 -7.69027e-16 0)
(3 -2.61627e-16 0)
(3 4.05023e-16 0)
(3 5.5113e-16 0)
(3 8.4975e-16 0)
(3 1.2172e-15 0)
(3 1.06011e-15 0)
(3 3.3837e-16 0)
(3 -8.88923e-16 0)
(3 -2.07457e-15 0)
(3 -9.16585e-16 0)
(3 1.14997e-15 0)
(3 2.06141e-15 0)
(3 6.5678e-16 0)
(3 -1.46352e-15 0)
(3 -1.63765e-15 0)
(3 -1.37205e-15 0)
(3 -1.37664e-15 0)
(3 -2.41677e-15 0)
(3 -3.16864e-15 0)
(3 -3.64381e-15 0)
(3 -4.34885e-15 0)
(3 -3.71517e-15 0)
(3 -2.28599e-15 0)
(3 -1.18537e-15 0)
(3 -1.07449e-15 0)
(3 -9.72396e-16 0)
(3 -6.78657e-16 0)
(3 5.20944e-16 0)
(3 6.42903e-16 0)
(3 4.70407e-16 0)
(3 4.58767e-16 0)
(3 1.33675e-15 0)
(3 1.66565e-15 0)
(3 3.1842e-15 0)
(3 -1.11972e-09 0)
(3.00001 -2.41538e-06 0)
(3.03111 0.0050223 0)
(1.81266 0.728091 0)
(1.19733 0.827932 0)
(1.18633 0.813109 0)
(1.18716 0.811039 0)
(1.19119 0.811949 0)
(1.19876 0.813605 0)
(1.20914 0.815985 0)
(1.22261 0.819001 0)
(1.23927 0.822658 0)
(1.25922 0.826479 0)
(1.282 0.830024 0)
(1.30777 0.832844 0)
(1.33647 0.834697 0)
(1.36817 0.835445 0)
(1.40303 0.835014 0)
(1.44127 0.832878 0)
(3 3.28158e-16 0)
(3 4.49411e-16 0)
(3 5.92385e-16 0)
(3 6.01355e-16 0)
(3 8.0305e-17 0)
(3 -5.91991e-16 0)
(3 -8.48901e-16 0)
(3 -1.13057e-15 0)
(3 -1.60627e-15 0)
(3 -1.67349e-15 0)
(3 -1.93393e-15 0)
(3 -1.90032e-15 0)
(3 -1.25904e-15 0)
(3 9.07251e-17 0)
(3 8.6298e-16 0)
(3 7.81313e-16 0)
(3 -4.74682e-16 0)
(3 -6.05494e-16 0)
(3 -3.48846e-16 0)
(3 4.59864e-16 0)
(3 5.44087e-17 0)
(3 -7.83868e-16 0)
(3 -1.76513e-15 0)
(3 -1.57459e-15 0)
(3 -1.16811e-15 0)
(3 -6.06818e-16 0)
(3 -2.49871e-16 0)
(3 3.27118e-16 0)
(3 9.70724e-16 0)
(3 1.66081e-15 0)
(3 1.4521e-15 0)
(3 1.10071e-15 0)
(3 5.98943e-16 0)
(3 5.86787e-16 0)
(3 -4.89096e-17 0)
(3 -6.47269e-16 0)
(3 -1.03601e-15 0)
(3 -5.87143e-16 0)
(3 1.98546e-16 0)
(3 1.302e-15 0)
(3 1.44472e-15 0)
(3 9.10344e-16 0)
(3 4.76626e-16 0)
(3 5.25693e-16 0)
(3 6.3259e-16 0)
(3 6.35711e-16 0)
(3 5.56382e-16 0)
(3 -3.04464e-17 0)
(3 6.89773e-16 0)
(3 1.3933e-15 0)
(3 1.28374e-15 0)
(3 4.96294e-16 0)
(3 6.415e-16 0)
(3 1.51807e-15 0)
(3 1.62611e-15 0)
(3 8.89432e-16 0)
(3 1.29689e-16 0)
(3 -2.54747e-16 0)
(3 -8.57546e-16 0)
(3 -1.8999e-15 0)
(3 -2.69723e-15 0)
(3 -2.8591e-15 0)
(3 -4.18426e-15 0)
(3 -4.95671e-15 0)
(3 -4.13058e-15 0)
(3 -2.64076e-15 0)
(3 -9.77472e-16 0)
(3 1.63979e-16 0)
(3 2.29659e-16 0)
(3 1.55167e-16 0)
(3 4.80266e-16 0)
(3 2.80928e-16 0)
(3 1.15187e-16 0)
(3 -3.78457e-17 0)
(3 8.19405e-17 0)
(3 1.27875e-15 0)
(3 2.07378e-15 0)
(3 -2.11494e-12 0)
(3 -5.29253e-07 0)
(3.00039 8.04251e-05 0)
(2.83028 0.336691 0)
(1.38108 0.824751 0)
(1.21237 0.81005 0)
(1.21809 0.810544 0)
(1.22022 0.813339 0)
(1.22582 0.815341 0)
(1.23464 0.817834 0)
(1.24684 0.820824 0)
(1.26243 0.824353 0)
(1.28134 0.827822 0)
(1.3032 0.830865 0)
(1.32784 0.833345 0)
(1.35503 0.834753 0)
(1.38455 0.834914 0)
(1.41684 0.833694 0)
(1.45212 0.830962 0)
(3 -1.46574e-16 0)
(3 -1.3994e-16 0)
(3 -2.25542e-16 0)
(3 -4.55063e-16 0)
(3 -5.58708e-16 0)
(3 -7.28504e-16 0)
(3 -1.17162e-15 0)
(3 -1.74368e-15 0)
(3 -1.882e-15 0)
(3 -1.58209e-15 0)
(3 -1.68301e-15 0)
(3 -1.53442e-15 0)
(3 -1.23044e-15 0)
(3 -1.2295e-15 0)
(3 -7.5288e-16 0)
(3 -4.38666e-16 0)
(3 -6.15489e-16 0)
(3 -7.59904e-16 0)
(3 -1.30041e-15 0)
(3 -1.09004e-15 0)
(3 -7.85431e-16 0)
(3 -6.8548e-16 0)
(3 -6.27516e-16 0)
(3 -1.83889e-15 0)
(3 -1.26625e-15 0)
(3 -1.15254e-15 0)
(3 -1.16586e-15 0)
(3 -5.57153e-16 0)
(3 4.33509e-16 0)
(3 1.48668e-15 0)
(3 1.27354e-15 0)
(3 4.79706e-16 0)
(3 -3.421e-16 0)
(3 -1.36317e-16 0)
(3 -1.16567e-16 0)
(3 -3.85042e-16 0)
(3 1.34448e-16 0)
(3 9.34727e-17 0)
(3 -2.56388e-16 0)
(3 -2.26946e-16 0)
(3 -2.81225e-16 0)
(3 5.58547e-16 0)
(3 7.77069e-16 0)
(3 1.09146e-15 0)
(3 9.37689e-16 0)
(3 -1.51613e-16 0)
(3 -1.29698e-16 0)
(3 1.98852e-16 0)
(3 8.73139e-16 0)
(3 2.41211e-15 0)
(3 3.45547e-15 0)
(3 3.2919e-15 0)
(3 1.5672e-15 0)
(3 1.46089e-15 0)
(3 1.52277e-15 0)
(3 1.19689e-15 0)
(3 1.14147e-15 0)
(3 1.33607e-16 0)
(3 -6.88704e-16 0)
(3 -1.34396e-15 0)
(3 -2.50209e-15 0)
(3 -2.48637e-15 0)
(3 -2.31586e-15 0)
(3 -2.26567e-15 0)
(3 -2.45391e-15 0)
(3 -2.03654e-15 0)
(3 -1.31959e-15 0)
(3 -1.01643e-15 0)
(3 -1.09539e-15 0)
(3 -1.04999e-15 0)
(3 -1.10753e-15 0)
(3 -1.21597e-15 0)
(3 -1.1319e-15 0)
(3 -4.47926e-16 0)
(3 -2.04017e-16 0)
(3 1.11759e-16 0)
(3 6.15667e-16 0)
(3 1.1646e-15 0)
(3 -4.52674e-08 0)
(3 5.44767e-09 0)
(3.04657 0.013021 0)
(1.74404 0.757466 0)
(1.22978 0.841488 0)
(1.22712 0.835293 0)
(1.23433 0.832735 0)
(1.24268 0.833408 0)
(1.25298 0.834628 0)
(1.26544 0.836169 0)
(1.28086 0.838021 0)
(1.29898 0.839993 0)
(1.31975 0.84187 0)
(1.34344 0.843099 0)
(1.36943 0.843429 0)
(1.39764 0.842545 0)
(1.42821 0.840403 0)
(1.46078 0.837268 0)
(3 8.89385e-18 0)
(3 9.64064e-17 0)
(3 -7.7393e-17 0)
(3 -2.16423e-16 0)
(3 -4.21397e-16 0)
(3 -6.5632e-17 0)
(3 -3.81875e-16 0)
(3 -6.15784e-16 0)
(3 -7.05088e-16 0)
(3 -1.28357e-16 0)
(3 6.61091e-16 0)
(3 7.12786e-16 0)
(3 3.30745e-16 0)
(3 -2.08658e-15 0)
(3 -2.1338e-15 0)
(3 -1.96202e-15 0)
(3 -1.51114e-15 0)
(3 -1.43014e-15 0)
(3 -1.78563e-15 0)
(3 -2.1317e-15 0)
(3 -1.66693e-15 0)
(3 -9.24314e-17 0)
(3 5.34465e-16 0)
(3 5.76528e-16 0)
(3 4.40644e-16 0)
(3 -1.26832e-16 0)
(3 -4.206e-16 0)
(3 -1.1089e-15 0)
(3 -1.19792e-15 0)
(3 -1.07351e-15 0)
(3 -6.2138e-16 0)
(3 5.04488e-16 0)
(3 5.90093e-16 0)
(3 6.64684e-16 0)
(3 3.93663e-16 0)
(3 4.09794e-16 0)
(3 8.14685e-16 0)
(3 9.30128e-16 0)
(3 2.82448e-16 0)
(3 -3.3965e-16 0)
(3 -8.03097e-16 0)
(3 -2.54566e-16 0)
(3 6.94385e-16 0)
(3 1.00875e-15 0)
(3 4.30137e-16 0)
(3 -9.41616e-17 0)
(3 -3.12454e-17 0)
(3 1.14517e-15 0)
(3 1.72253e-15 0)
(3 3.08999e-15 0)
(3 3.31265e-15 0)
(3 3.59981e-15 0)
(3 3.07937e-15 0)
(3 2.16718e-15 0)
(3 6.52591e-16 0)
(3 4.20509e-16 0)
(3 -7.18463e-17 0)
(3 -6.065e-16 0)
(3 -1.44055e-15 0)
(3 -1.6482e-15 0)
(3 -1.81767e-15 0)
(3 -1.62437e-15 0)
(3 -8.70771e-16 0)
(3 1.09494e-16 0)
(3 -3.41527e-17 0)
(3 -1.1586e-15 0)
(3 -1.8184e-15 0)
(3 -2.51585e-15 0)
(3 -2.45977e-15 0)
(3 -1.97302e-15 0)
(3 -2.7406e-15 0)
(3 -2.28463e-15 0)
(3 -1.73152e-15 0)
(3 -6.7097e-16 0)
(3 5.86263e-16 0)
(3 1.01316e-15 0)
(3 1.91375e-15 0)
(3 1.9e-15 0)
(3 -2.39811e-10 0)
(3 -1.38676e-08 0)
(3.00109 0.000270605 0)
(2.73637 0.413974 0)
(1.37579 0.855915 0)
(1.24586 0.829963 0)
(1.25882 0.830783 0)
(1.2665 0.834522 0)
(1.27688 0.836713 0)
(1.28906 0.838726 0)
(1.3038 0.840377 0)
(1.32074 0.841795 0)
(1.34012 0.842817 0)
(1.3621 0.843315 0)
(1.38643 0.843214 0)
(1.41316 0.842147 0)
(1.44206 0.839999 0)
(1.4727 0.836779 0)
(3 -3.43761e-17 0)
(3 -3.01852e-16 0)
(3 -8.963e-17 0)
(3 2.80842e-16 0)
(3 3.74954e-16 0)
(3 9.04241e-16 0)
(3 1.80088e-15 0)
(3 1.57624e-15 0)
(3 1.16309e-15 0)
(3 9.51993e-16 0)
(3 1.22395e-15 0)
(3 1.61934e-15 0)
(3 -4.39036e-18 0)
(3 -6.12954e-16 0)
(3 -1.41081e-15 0)
(3 -1.88196e-15 0)
(3 -2.44942e-15 0)
(3 -2.65418e-15 0)
(3 -2.41276e-15 0)
(3 -2.42829e-15 0)
(3 -1.90832e-15 0)
(3 -1.0607e-15 0)
(3 1.19229e-16 0)
(3 8.81529e-16 0)
(3 6.41594e-16 0)
(3 2.27852e-16 0)
(3 5.05742e-16 0)
(3 -8.46762e-16 0)
(3 -1.84542e-15 0)
(3 -2.11745e-15 0)
(3 -1.88784e-15 0)
(3 -1.017e-15 0)
(3 -5.06829e-16 0)
(3 -3.35914e-16 0)
(3 1.46811e-16 0)
(3 2.2617e-16 0)
(3 2.38871e-16 0)
(3 2.8696e-17 0)
(3 -5.71943e-16 0)
(3 -1.1178e-15 0)
(3 -1.25999e-15 0)
(3 -1.00283e-15 0)
(3 -5.86167e-16 0)
(3 -4.73374e-16 0)
(3 -1.92673e-16 0)
(3 -3.57584e-17 0)
(3 1.37581e-16 0)
(3 8.16028e-16 0)
(3 1.27002e-15 0)
(3 1.25936e-15 0)
(3 1.26439e-15 0)
(3 2.46296e-15 0)
(3 2.74473e-15 0)
(3 2.2728e-15 0)
(3 1.82365e-15 0)
(3 1.70069e-15 0)
(3 7.75166e-16 0)
(3 2.74842e-16 0)
(3 2.64031e-16 0)
(3 -1.80072e-17 0)
(3 -2.73854e-16 0)
(3 -1.18896e-15 0)
(3 -1.315e-15 0)
(3 -2.7456e-16 0)
(3 1.38385e-15 0)
(3 4.0998e-16 0)
(3 -7.47167e-16 0)
(3 -1.29174e-15 0)
(3 -1.32583e-15 0)
(3 -1.54685e-15 0)
(3 -9.67332e-16 0)
(3 -4.26997e-16 0)
(3 -7.44581e-17 0)
(3 3.16844e-16 0)
(3 1.32482e-15 0)
(3 1.86304e-15 0)
(3 1.72926e-15 0)
(3 1.18933e-15 0)
(3 -6.51597e-13 0)
(3 -2.69535e-09 0)
(3 4.07445e-07 0)
(3.05282 0.0224323 0)
(1.74687 0.776605 0)
(1.26918 0.855129 0)
(1.26802 0.851885 0)
(1.2801 0.851037 0)
(1.29152 0.852315 0)
(1.30495 0.853697 0)
(1.32003 0.854639 0)
(1.3367 0.855064 0)
(1.35528 0.854993 0)
(1.37609 0.854312 0)
(1.39911 0.853041 0)
(1.42424 0.85114 0)
(1.45165 0.848241 0)
(1.48112 0.844047 0)
(1.37067 1.3784 0)
(1.77859 1.43134 0)
(2.07744 1.52407 0)
(1.97906 1.58693 0)
(2.02023 0.407689 0)
(2.33832 -0.109757 0)
(2.51798 -0.475433 0)
(2.59582 -0.500472 0)
(1.73876 1.41298 0)
(2.3267 0.997826 0)
(2.65742 0.430847 0)
(2.85282 0.419022 0)
(2.88266 0.03463 0)
(2.91141 -0.147649 0)
(2.93248 -0.53958 0)
(2.89296 -0.715554 0)
(1.69252 1.2642 0)
(2.14046 1.0369 0)
(2.38043 0.8701 0)
(2.53499 0.77315 0)
(2.81241 0.366216 0)
(2.9423 -0.0813461 0)
(2.90937 -0.230095 0)
(2.89976 -0.281519 0)
(1.62699 1.19179 0)
(1.94898 1.08514 0)
(2.22015 0.886912 0)
(2.43973 0.631415 0)
(2.57862 0.526207 0)
(2.61132 0.427644 0)
(2.72344 0.182828 0)
(2.81789 -0.0438015 0)
(1.58768 1.1213 0)
(1.83899 1.0464 0)
(2.05561 0.926236 0)
(2.2683 0.744954 0)
(2.42374 0.56292 0)
(2.51742 0.427236 0)
(2.57129 0.351815 0)
(2.64831 0.210523 0)
(1.54713 1.06729 0)
(1.76238 1.00313 0)
(1.95357 0.908495 0)
(2.10765 0.821665 0)
(2.26832 0.685578 0)
(2.41442 0.504405 0)
(2.49507 0.366786 0)
(2.55416 0.310166 0)
(1.52103 1.02484 0)
(1.69246 0.986848 0)
(1.87402 0.904915 0)
(2.03286 0.805812 0)
(2.14503 0.736024 0)
(2.24676 0.649471 0)
(2.3903 0.497216 0)
(2.48629 0.337912 0)
(1.49969 0.987137 0)
(1.65475 0.950328 0)
(1.80435 0.897604 0)
(1.9257 0.849149 0)
(2.06937 0.749231 0)
(2.19183 0.625986 0)
(2.26147 0.582906 0)
(2.33421 0.502776 0)
(1.48921 0.960386 0)
(1.62222 0.932755 0)
(1.75825 0.885075 0)
(1.87045 0.842475 0)
(1.98364 0.77673 0)
(2.09753 0.689361 0)
(2.19384 0.609778 0)
(2.2818 0.512013 0)
(1.47765 0.932293 0)
(1.5995 0.908492 0)
(1.71667 0.876358 0)
(1.81579 0.84383 0)
(1.93736 0.768286 0)
(2.03857 0.693259 0)
(2.10095 0.664312 0)
(2.18506 0.591894 0)
(1.47075 0.910778 0)
(1.57775 0.893382 0)
(1.68594 0.864602 0)
(1.7771 0.834245 0)
(1.88054 0.780043 0)
(1.97699 0.720319 0)
(2.0507 0.674754 0)
(2.14002 0.596856 0)
(1.45939 0.886477 0)
(1.55844 0.872899 0)
(1.65288 0.855487 0)
(1.74127 0.827053 0)
(1.84598 0.772133 0)
(1.92658 0.733149 0)
(1.98763 0.703513 0)
(2.08024 0.632452 0)
(1.45475 0.870238 0)
(1.54282 0.859844 0)
(1.62601 0.846065 0)
(1.71353 0.817384 0)
(1.80415 0.776051 0)
(1.87075 0.752296 0)
(1.94918 0.710215 0)
(2.04041 0.636123 0)
(1.45332 0.854061 0)
(1.53083 0.846562 0)
(1.6064 0.833774 0)
(1.69075 0.807214 0)
(1.76746 0.780503 0)
(1.83413 0.757335 0)
(1.9133 0.71606 0)
(1.9939 0.658733 0)
(1.45518 0.846974 0)
(1.52232 0.840376 0)
(1.59285 0.826037 0)
(1.66835 0.803586 0)
(1.73323 0.786626 0)
(1.80338 0.760252 0)
(1.88729 0.712123 0)
(1.94937 0.677359 0)
(1.45911 0.838612 0)
(1.519 0.83185 0)
(1.58591 0.817554 0)
(1.65104 0.801934 0)
(1.71135 0.785592 0)
(1.78519 0.753914 0)
(1.8533 0.719698 0)
(1.9003 0.703008 0)
(1.46327 0.837148 0)
(1.51914 0.829102 0)
(1.57956 0.816502 0)
(1.63659 0.804452 0)
(1.6974 0.78449 0)
(1.76462 0.755103 0)
(1.81839 0.73491 0)
(1.8673 0.716518 0)
(1.46819 0.831611 0)
(1.52191 0.82382 0)
(1.57606 0.814417 0)
(1.62938 0.802254 0)
(1.69026 0.78068 0)
(1.74652 0.759937 0)
(1.79284 0.746097 0)
(1.85071 0.717803 0)
(1.4726 0.830841 0)
(1.5225 0.824276 0)
(1.57202 0.816369 0)
(1.62504 0.802255 0)
(1.67958 0.783974 0)
(1.72703 0.770528 0)
(1.77748 0.751463 0)
(1.83915 0.7178 0)
(1.47837 0.826397 0)
(1.52447 0.821143 0)
(1.57159 0.813246 0)
(1.62326 0.79995 0)
(1.67102 0.787317 0)
(1.71638 0.773907 0)
(1.77151 0.749364 0)
(1.82485 0.722629 0)
(1.48233 0.829105 0)
(1.52504 0.823639 0)
(1.57062 0.814361 0)
(1.61662 0.803872 0)
(1.66096 0.79356 0)
(1.70957 0.776166 0)
(1.76059 0.7532 0)
(1.80189 0.737423 0)
(1.48953 0.827043 0)
(1.52975 0.820848 0)
(1.57251 0.812449 0)
(1.61391 0.804067 0)
(1.65737 0.792424 0)
(1.7061 0.775032 0)
(1.74903 0.759834 0)
(1.7864 0.747572 0)
(1.49578 0.832285 0)
(1.53335 0.825262 0)
(1.57134 0.818187 0)
(1.61076 0.809074 0)
(1.65384 0.795331 0)
(1.69562 0.781725 0)
(1.73393 0.770785 0)
(1.77694 0.753393 0)
(1.50595 0.831601 0)
(1.54066 0.825153 0)
(1.5755 0.818185 0)
(1.61371 0.807995 0)
(1.65396 0.795644 0)
(1.68996 0.785891 0)
(1.72803 0.772849 0)
(1.77389 0.752247 0)
)
;

boundaryField
{
    inlet
    {
        type            fixedValue;
        value           uniform (3 0 0);
    }
    outlet
    {
        type            inletOutlet;
        inletValue      nonuniform 0();
        value           nonuniform 0();
    }
    bottom
    {
        type            slip;
    }
    top
    {
        type            slip;
    }
    obstacle
    {
        type            slip;
    }
    defaultFaces
    {
        type            empty;
    }
    procBoundary0to1
    {
        type            processor;
        value           nonuniform List<vector> 
24
(
(2.64747 -0.339298 0)
(2.86927 -0.72428 0)
(2.9206 -0.297694 0)
(2.8398 -0.228256 0)
(2.75154 0.0320827 0)
(2.59634 0.235104 0)
(2.53038 0.267333 0)
(2.43959 0.365953 0)
(2.34092 0.444524 0)
(2.28308 0.478916 0)
(2.19905 0.540418 0)
(2.16033 0.54934 0)
(2.09326 0.596759 0)
(2.05126 0.623643 0)
(1.99044 0.660318 0)
(1.95595 0.673263 0)
(1.93663 0.675842 0)
(1.91898 0.675296 0)
(1.89005 0.688662 0)
(1.86272 0.707979 0)
(1.8407 0.723548 0)
(1.83297 0.725088 0)
(1.82552 0.727537 0)
(1.8149 0.733821 0)
)
;
    }
    procBoundary0to4
    {
        type            processor;
        value           nonuniform List<vector> 
105
(
(3 -2.4766e-16 0)
(3 -6.4941e-16 0)
(3 -6.05834e-16 0)
(3 -2.52782e-16 0)
(3 6.11789e-16 0)
(3 1.39807e-15 0)
(3 1.77644e-15 0)
(3 1.52918e-15 0)
(3 1.9998e-15 0)
(3 2.48605e-15 0)
(3 1.98317e-15 0)
(3 7.10186e-16 0)
(3 -2.61646e-16 0)
(3 -3.17965e-16 0)
(3 -1.00958e-15 0)
(3 -1.30391e-15 0)
(3 -1.87199e-15 0)
(3 -1.81925e-15 0)
(3 -1.54928e-15 0)
(3 -1.71699e-15 0)
(3 -2.3298e-15 0)
(3 -2.67265e-15 0)
(3 -1.14202e-15 0)
(3 -9.81254e-16 0)
(3 -7.88165e-16 0)
(3 -4.83666e-16 0)
(3 3.39742e-16 0)
(3 8.04748e-16 0)
(3 -7.54739e-16 0)
(3 -1.94268e-15 0)
(3 -2.0177e-15 0)
(3 -1.43692e-15 0)
(3 -1.23907e-15 0)
(3 -1.20919e-15 0)
(3 -1.24106e-15 0)
(3 -4.37793e-16 0)
(3 -7.27293e-16 0)
(3 -1.07102e-15 0)
(3 -1.16365e-15 0)
(3 -1.3489e-15 0)
(3 -1.46853e-15 0)
(3 -1.63879e-15 0)
(3 -1.07157e-15 0)
(3 -2.43625e-16 0)
(3 4.30232e-17 0)
(3 3.03201e-16 0)
(3 6.12181e-16 0)
(3 8.3379e-16 0)
(3 1.03622e-15 0)
(3 2.0263e-16 0)
(3 -1.283e-16 0)
(3 3.7481e-16 0)
(3 1.37049e-15 0)
(3 1.1437e-15 0)
(3 1.2153e-15 0)
(3 4.89039e-16 0)
(3 1.00388e-16 0)
(3 -8.44966e-17 0)
(3 -2.4537e-16 0)
(3 -5.21461e-16 0)
(3 -1.03152e-15 0)
(3 -1.16265e-15 0)
(3 -7.38598e-16 0)
(3 -2.73139e-16 0)
(3 1.01026e-15 0)
(3 1.11045e-15 0)
(3 1.08035e-15 0)
(3 6.08671e-16 0)
(3 5.888e-16 0)
(3 2.45639e-17 0)
(3 -1.29411e-17 0)
(3 1.18928e-16 0)
(3 6.50357e-16 0)
(3 1.46175e-15 0)
(3 2.38312e-15 0)
(3 2.30877e-15 0)
(3 1.21656e-15 0)
(3 7.53784e-17 0)
(3 -1.19198e-15 0)
(3 -2.6605e-10 0)
(3 -2.2975e-10 0)
(3.00175 0.000553414 0)
(2.70479 0.437791 0)
(1.4089 0.87984 0)
(1.28407 0.848669 0)
(1.30182 0.850376 0)
(1.31174 0.854 0)
(1.32526 0.855702 0)
(1.34014 0.856837 0)
(1.35638 0.857288 0)
(1.3742 0.856979 0)
(1.39389 0.855849 0)
(1.41549 0.854036 0)
(1.43897 0.851634 0)
(1.46485 0.848304 0)
(1.49282 0.844078 0)
(1.51216 0.83889 0)
(1.51216 0.83889 0)
(1.54444 0.832763 0)
(1.57855 0.824358 0)
(1.61425 0.813882 0)
(1.64904 0.804337 0)
(1.68431 0.793752 0)
(1.72426 0.776958 0)
(1.76373 0.759147 0)
)
;
    }
}


// ************************************************************************* //
