/*--------------------------------*- C++ -*----------------------------------*\
  =========                 |
  \\      /  F ield         | OpenFOAM: The Open Source CFD Toolbox
   \\    /   O peration     | Website:  https://openfoam.org
    \\  /    A nd           | Version:  7
     \\/     M anipulation  |
\*---------------------------------------------------------------------------*/
FoamFile
{
    version     2.0;
    format      ascii;
    class       volVectorField;
    location    "3.9";
    object      U;
}
// * * * * * * * * * * * * * * * * * * * * * * * * * * * * * * * * * * * * * //

dimensions      [0 1 -1 0 0 0 0];

internalField   nonuniform List<vector> 
4128
(
(2.44646 -0.431764 0)
(2.45368 -0.430917 0)
(2.46095 -0.43054 0)
(2.46885 -0.431264 0)
(2.4776 -0.433068 0)
(2.48508 -0.436236 0)
(2.4919 -0.439108 0)
(2.49825 -0.441574 0)
(2.50214 -0.445092 0)
(2.50423 -0.446465 0)
(2.50759 -0.444757 0)
(2.51172 -0.440911 0)
(2.51517 -0.434903 0)
(2.51774 -0.427423 0)
(2.52007 -0.422665 0)
(2.52352 -0.423799 0)
(2.52745 -0.428033 0)
(2.53201 -0.430849 0)
(2.53558 -0.433083 0)
(2.53919 -0.43439 0)
(2.54619 -0.434494 0)
(2.55363 -0.43356 0)
(2.56118 -0.431422 0)
(2.56864 -0.428671 0)
(2.57547 -0.426927 0)
(2.58107 -0.427097 0)
(2.58577 -0.429387 0)
(2.58843 -0.432631 0)
(2.58501 -0.43211 0)
(2.57709 -0.425374 0)
(2.57611 -0.419251 0)
(2.58193 -0.417341 0)
(2.58917 -0.417138 0)
(2.59658 -0.418024 0)
(2.60459 -0.419756 0)
(2.61265 -0.422361 0)
(2.61965 -0.424242 0)
(2.62618 -0.426777 0)
(2.63136 -0.429593 0)
(2.63503 -0.432526 0)
(2.63574 -0.433169 0)
(2.6315 -0.427186 0)
(2.62646 -0.417281 0)
(2.62848 -0.411511 0)
(2.63341 -0.409901 0)
(2.63949 -0.410441 0)
(2.64588 -0.41146 0)
(2.6522 -0.41275 0)
(2.65815 -0.414368 0)
(2.6636 -0.415828 0)
(2.66785 -0.416651 0)
(2.67036 -0.417835 0)
(2.67281 -0.418103 0)
(2.6749 -0.415247 0)
(2.67485 -0.409372 0)
(2.67025 -0.403884 0)
(2.66786 -0.402279 0)
(2.6724 -0.402379 0)
(2.67835 -0.403609 0)
(2.6843 -0.404649 0)
(2.69056 -0.405794 0)
(2.69626 -0.407351 0)
(2.70044 -0.40922 0)
(2.70374 -0.410349 0)
(2.70807 -0.410163 0)
(2.71256 -0.409805 0)
(2.7158 -0.407552 0)
(2.7159 -0.402233 0)
(2.71176 -0.395019 0)
(2.70792 -0.390854 0)
(2.71128 -0.391109 0)
(2.71622 -0.392219 0)
(2.72159 -0.393616 0)
(2.72736 -0.394921 0)
(2.73136 -0.39609 0)
(2.7344 -0.398285 0)
(2.73729 -0.399633 0)
(2.74227 -0.397891 0)
(2.74803 -0.394827 0)
(2.75267 -0.392198 0)
(2.75646 -0.390093 0)
(2.75881 -0.388192 0)
(2.75768 -0.38735 0)
(2.75414 -0.386347 0)
(2.74932 -0.386085 0)
(2.75149 -0.382522 0)
(2.75389 -0.38083 0)
(2.75707 -0.378056 0)
(2.76042 -0.373298 0)
(2.76157 -0.360649 0)
(2.75357 -0.328013 0)
(2.73433 -0.257581 0)
(2.71508 -0.167436 0)
(2.67805 -0.0587068 0)
(2.68068 -0.0169911 0)
(2.65642 0.0494915 0)
(2.60795 0.122831 0)
(2.58699 0.166717 0)
(2.57227 0.16293 0)
(2.57629 0.162643 0)
(2.57568 0.164815 0)
(2.57853 0.163948 0)
(2.58679 0.16099 0)
(2.59186 0.159065 0)
(2.59344 0.158725 0)
(2.5949 0.160149 0)
(2.5967 0.165371 0)
(2.59727 0.172034 0)
(2.59563 0.180269 0)
(2.59226 0.189859 0)
(2.58894 0.197599 0)
(2.58765 0.202003 0)
(2.58752 0.20382 0)
(2.58837 0.204398 0)
(2.58945 0.204579 0)
(2.59176 0.204889 0)
(2.59267 0.204992 0)
(2.59267 0.205346 0)
(2.59253 0.207191 0)
(2.59268 0.213144 0)
(2.59437 0.219837 0)
(2.59724 0.224415 0)
(2.60088 0.229537 0)
(2.602 0.232483 0)
(2.60354 0.234247 0)
(2.60468 0.235836 0)
(2.60518 0.237346 0)
(2.604 0.237117 0)
(2.6009 0.242126 0)
(2.45486 -0.422117 0)
(2.46025 -0.41964 0)
(2.46618 -0.417854 0)
(2.47202 -0.415704 0)
(2.47752 -0.415081 0)
(2.48226 -0.418623 0)
(2.48615 -0.423827 0)
(2.49065 -0.426839 0)
(2.49829 -0.428352 0)
(2.50646 -0.429766 0)
(2.51416 -0.430257 0)
(2.52092 -0.428673 0)
(2.52529 -0.424992 0)
(2.52689 -0.4197 0)
(2.52748 -0.414195 0)
(2.52898 -0.41109 0)
(2.53069 -0.412746 0)
(2.53174 -0.417142 0)
(2.53564 -0.419858 0)
(2.54266 -0.420597 0)
(2.54936 -0.420338 0)
(2.55664 -0.419538 0)
(2.56431 -0.418072 0)
(2.57183 -0.41545 0)
(2.57813 -0.41234 0)
(2.58225 -0.412088 0)
(2.58395 -0.415446 0)
(2.58523 -0.419717 0)
(2.58598 -0.422428 0)
(2.58515 -0.420105 0)
(2.58432 -0.413133 0)
(2.58744 -0.407614 0)
(2.59324 -0.405076 0)
(2.59872 -0.403877 0)
(2.60427 -0.404228 0)
(2.61089 -0.405933 0)
(2.61738 -0.407912 0)
(2.62354 -0.409986 0)
(2.62929 -0.411913 0)
(2.63464 -0.413359 0)
(2.63937 -0.413597 0)
(2.64145 -0.411161 0)
(2.6372 -0.404562 0)
(2.63062 -0.398459 0)
(2.63161 -0.397341 0)
(2.63599 -0.397601 0)
(2.64116 -0.39866 0)
(2.64692 -0.400078 0)
(2.65266 -0.401602 0)
(2.65756 -0.403041 0)
(2.66103 -0.403526 0)
(2.66512 -0.402317 0)
(2.67189 -0.401377 0)
(2.67799 -0.401239 0)
(2.68333 -0.400097 0)
(2.68334 -0.395885 0)
(2.67628 -0.389768 0)
(2.67451 -0.387723 0)
(2.68009 -0.389074 0)
(2.68554 -0.390881 0)
(2.69149 -0.392719 0)
(2.6977 -0.394295 0)
(2.70275 -0.395457 0)
(2.70582 -0.395613 0)
(2.70825 -0.39504 0)
(2.71242 -0.394941 0)
(2.71795 -0.395137 0)
(2.72224 -0.393959 0)
(2.72178 -0.388863 0)
(2.71718 -0.380781 0)
(2.71353 -0.376513 0)
(2.71287 -0.378849 0)
(2.71525 -0.382148 0)
(2.71914 -0.383079 0)
(2.72389 -0.382049 0)
(2.73022 -0.381001 0)
(2.73577 -0.380961 0)
(2.74303 -0.380214 0)
(2.74759 -0.37951 0)
(2.75381 -0.379323 0)
(2.75905 -0.379084 0)
(2.76066 -0.378981 0)
(2.75786 -0.380294 0)
(2.7545 -0.380089 0)
(2.75264 -0.376126 0)
(2.75353 -0.372097 0)
(2.75737 -0.368669 0)
(2.76009 -0.366842 0)
(2.76437 -0.365249 0)
(2.76869 -0.364308 0)
(2.77168 -0.36181 0)
(2.77391 -0.354345 0)
(2.77034 -0.333296 0)
(2.75622 -0.283915 0)
(2.73775 -0.204891 0)
(2.71027 -0.116766 0)
(2.66663 -0.0213973 0)
(2.67205 0.00370881 0)
(2.6369 0.0655392 0)
(2.59395 0.146573 0)
(2.58235 0.17573 0)
(2.58109 0.182479 0)
(2.58939 0.185756 0)
(2.58919 0.182007 0)
(2.59027 0.175418 0)
(2.5976 0.170758 0)
(2.60237 0.171657 0)
(2.6036 0.173826 0)
(2.60353 0.179246 0)
(2.60137 0.187044 0)
(2.59785 0.193659 0)
(2.59477 0.198001 0)
(2.59181 0.202198 0)
(2.59037 0.206377 0)
(2.59111 0.208954 0)
(2.59262 0.210784 0)
(2.5941 0.213145 0)
(2.59539 0.215266 0)
(2.59663 0.217997 0)
(2.59722 0.220427 0)
(2.59956 0.223757 0)
(2.60246 0.228341 0)
(2.60336 0.232934 0)
(2.60427 0.235731 0)
(2.60569 0.237786 0)
(2.60626 0.238035 0)
(2.60634 0.239287 0)
(2.60466 0.238885 0)
(2.60292 0.244626 0)
(2.46479 -0.411135 0)
(2.46782 -0.405861 0)
(2.47019 -0.402615 0)
(2.47518 -0.401233 0)
(2.48093 -0.400948 0)
(2.48674 -0.402783 0)
(2.48852 -0.4076 0)
(2.49342 -0.411835 0)
(2.50068 -0.413095 0)
(2.50858 -0.413467 0)
(2.51753 -0.412915 0)
(2.52495 -0.411898 0)
(2.53202 -0.410058 0)
(2.53682 -0.407297 0)
(2.53548 -0.403968 0)
(2.52742 -0.401971 0)
(2.52441 -0.401994 0)
(2.53166 -0.403413 0)
(2.53885 -0.404599 0)
(2.54625 -0.404638 0)
(2.55375 -0.404538 0)
(2.56077 -0.404924 0)
(2.56792 -0.405038 0)
(2.57533 -0.404679 0)
(2.58245 -0.403326 0)
(2.58695 -0.40094 0)
(2.58756 -0.399583 0)
(2.58719 -0.402198 0)
(2.58849 -0.406799 0)
(2.59066 -0.408464 0)
(2.59293 -0.405108 0)
(2.59439 -0.398363 0)
(2.59601 -0.392448 0)
(2.60064 -0.390153 0)
(2.6073 -0.390234 0)
(2.61441 -0.391529 0)
(2.62082 -0.393103 0)
(2.62694 -0.394877 0)
(2.63272 -0.396552 0)
(2.6382 -0.39773 0)
(2.64346 -0.398614 0)
(2.64766 -0.399098 0)
(2.64771 -0.397453 0)
(2.64155 -0.391835 0)
(2.63703 -0.385844 0)
(2.63923 -0.38343 0)
(2.64385 -0.383204 0)
(2.6493 -0.38443 0)
(2.65471 -0.385945 0)
(2.65992 -0.387457 0)
(2.66434 -0.38867 0)
(2.66822 -0.388706 0)
(2.67244 -0.388229 0)
(2.67813 -0.388223 0)
(2.68426 -0.388476 0)
(2.68854 -0.387571 0)
(2.68782 -0.382762 0)
(2.68151 -0.376242 0)
(2.67774 -0.374765 0)
(2.68184 -0.376966 0)
(2.68656 -0.379057 0)
(2.69202 -0.380197 0)
(2.69803 -0.380382 0)
(2.70384 -0.380104 0)
(2.70944 -0.380643 0)
(2.71473 -0.38131 0)
(2.72015 -0.381063 0)
(2.72523 -0.379003 0)
(2.72717 -0.374501 0)
(2.72151 -0.368951 0)
(2.71232 -0.366303 0)
(2.71167 -0.36657 0)
(2.71677 -0.367082 0)
(2.72168 -0.367566 0)
(2.72609 -0.367694 0)
(2.73079 -0.366144 0)
(2.73489 -0.36493 0)
(2.74021 -0.365818 0)
(2.74562 -0.36714 0)
(2.7508 -0.368185 0)
(2.75509 -0.369494 0)
(2.75616 -0.370832 0)
(2.75281 -0.371415 0)
(2.75187 -0.370904 0)
(2.75539 -0.37007 0)
(2.76007 -0.366253 0)
(2.76414 -0.360047 0)
(2.76637 -0.3535 0)
(2.76693 -0.351527 0)
(2.76737 -0.351361 0)
(2.76985 -0.351621 0)
(2.77411 -0.353527 0)
(2.77713 -0.356221 0)
(2.77939 -0.351467 0)
(2.77819 -0.338018 0)
(2.77077 -0.314428 0)
(2.74933 -0.260432 0)
(2.72905 -0.176373 0)
(2.68725 -0.0609544 0)
(2.65178 0.0253513 0)
(2.66425 0.0448024 0)
(2.63679 0.100997 0)
(2.60859 0.17408 0)
(2.59938 0.193967 0)
(2.59568 0.191515 0)
(2.60368 0.190005 0)
(2.60091 0.190635 0)
(2.59987 0.190154 0)
(2.60183 0.189673 0)
(2.60395 0.190432 0)
(2.60525 0.193754 0)
(2.60159 0.197378 0)
(2.59781 0.201505 0)
(2.59534 0.206157 0)
(2.59488 0.210156 0)
(2.59649 0.212315 0)
(2.59905 0.216008 0)
(2.60094 0.221967 0)
(2.60062 0.22474 0)
(2.60178 0.226932 0)
(2.60356 0.228891 0)
(2.60528 0.233026 0)
(2.60574 0.237225 0)
(2.60708 0.241178 0)
(2.60756 0.24535 0)
(2.60731 0.245773 0)
(2.60722 0.246179 0)
(2.6066 0.244964 0)
(2.60667 0.248158 0)
(2.47288 -0.403097 0)
(2.47832 -0.396661 0)
(2.47981 -0.389215 0)
(2.47798 -0.385888 0)
(2.47641 -0.387738 0)
(2.47765 -0.390682 0)
(2.48443 -0.392995 0)
(2.49197 -0.394243 0)
(2.49858 -0.394669 0)
(2.50593 -0.395069 0)
(2.5148 -0.395701 0)
(2.52475 -0.395983 0)
(2.53371 -0.396706 0)
(2.5427 -0.397427 0)
(2.545 -0.396211 0)
(2.5335 -0.392199 0)
(2.5256 -0.388741 0)
(2.5304 -0.387116 0)
(2.53658 -0.386494 0)
(2.54436 -0.386691 0)
(2.55305 -0.387454 0)
(2.56306 -0.38854 0)
(2.57118 -0.389679 0)
(2.5787 -0.39086 0)
(2.58542 -0.391101 0)
(2.588 -0.389836 0)
(2.58399 -0.388613 0)
(2.58105 -0.389563 0)
(2.58499 -0.390882 0)
(2.5915 -0.39181 0)
(2.59763 -0.392383 0)
(2.60217 -0.391064 0)
(2.60385 -0.386305 0)
(2.60547 -0.380227 0)
(2.60966 -0.376728 0)
(2.61552 -0.376966 0)
(2.6221 -0.378401 0)
(2.62846 -0.379923 0)
(2.63449 -0.381435 0)
(2.6402 -0.382711 0)
(2.64533 -0.383732 0)
(2.64956 -0.385006 0)
(2.65208 -0.386645 0)
(2.65067 -0.385781 0)
(2.64672 -0.380825 0)
(2.64517 -0.375028 0)
(2.64699 -0.371563 0)
(2.65079 -0.371803 0)
(2.65599 -0.373511 0)
(2.66145 -0.37518 0)
(2.66671 -0.37651 0)
(2.67176 -0.377076 0)
(2.6756 -0.376672 0)
(2.6784 -0.37532 0)
(2.68246 -0.373659 0)
(2.68783 -0.372003 0)
(2.6921 -0.369807 0)
(2.69097 -0.365689 0)
(2.68359 -0.361722 0)
(2.68129 -0.362547 0)
(2.68636 -0.364849 0)
(2.69203 -0.366177 0)
(2.69876 -0.366865 0)
(2.70614 -0.366986 0)
(2.71343 -0.366931 0)
(2.71921 -0.367359 0)
(2.72436 -0.36781 0)
(2.72961 -0.367859 0)
(2.73311 -0.366113 0)
(2.72905 -0.362196 0)
(2.71752 -0.35773 0)
(2.71532 -0.35512 0)
(2.72029 -0.3535 0)
(2.72538 -0.352508 0)
(2.73027 -0.351606 0)
(2.73538 -0.35097 0)
(2.74064 -0.351528 0)
(2.74556 -0.352199 0)
(2.74899 -0.35297 0)
(2.75277 -0.35458 0)
(2.75604 -0.356612 0)
(2.75578 -0.359048 0)
(2.751 -0.360038 0)
(2.75219 -0.35625 0)
(2.7563 -0.353076 0)
(2.7616 -0.350256 0)
(2.76714 -0.3476 0)
(2.77175 -0.343943 0)
(2.77386 -0.340566 0)
(2.77353 -0.337581 0)
(2.77324 -0.335992 0)
(2.77546 -0.337759 0)
(2.7779 -0.341661 0)
(2.77816 -0.346269 0)
(2.77936 -0.34646 0)
(2.7833 -0.344914 0)
(2.78353 -0.338996 0)
(2.78101 -0.320442 0)
(2.77173 -0.28412 0)
(2.74343 -0.202822 0)
(2.72454 -0.10753 0)
(2.67551 0.0168768 0)
(2.64944 0.0802571 0)
(2.66435 0.0911143 0)
(2.64556 0.136468 0)
(2.62168 0.188585 0)
(2.60746 0.20095 0)
(2.60295 0.198384 0)
(2.6053 0.202709 0)
(2.60581 0.203486 0)
(2.60477 0.204552 0)
(2.60307 0.206621 0)
(2.60202 0.208633 0)
(2.60031 0.21132 0)
(2.60007 0.214509 0)
(2.60163 0.215992 0)
(2.60435 0.218753 0)
(2.6075 0.225215 0)
(2.60777 0.228443 0)
(2.6088 0.231358 0)
(2.6098 0.233814 0)
(2.61038 0.23692 0)
(2.61122 0.239777 0)
(2.61256 0.244934 0)
(2.61245 0.251403 0)
(2.61059 0.255631 0)
(2.6092 0.257209 0)
(2.60904 0.255936 0)
(2.60953 0.255029 0)
(2.47809 -0.389163 0)
(2.48571 -0.386002 0)
(2.49012 -0.381234 0)
(2.48694 -0.376335 0)
(2.47795 -0.375089 0)
(2.47768 -0.377056 0)
(2.48506 -0.37784 0)
(2.49279 -0.378423 0)
(2.50134 -0.379362 0)
(2.51066 -0.380283 0)
(2.52115 -0.381099 0)
(2.52852 -0.38243 0)
(2.53695 -0.384453 0)
(2.54531 -0.386637 0)
(2.54893 -0.387935 0)
(2.54138 -0.384817 0)
(2.53177 -0.378026 0)
(2.53651 -0.375599 0)
(2.54387 -0.37476 0)
(2.55068 -0.373854 0)
(2.55711 -0.372826 0)
(2.56412 -0.372997 0)
(2.57236 -0.374262 0)
(2.58043 -0.375816 0)
(2.58752 -0.37759 0)
(2.59119 -0.379206 0)
(2.58676 -0.378105 0)
(2.58276 -0.37685 0)
(2.5876 -0.37609 0)
(2.59324 -0.375094 0)
(2.59921 -0.374039 0)
(2.60541 -0.372772 0)
(2.61038 -0.37036 0)
(2.61102 -0.365979 0)
(2.60863 -0.363246 0)
(2.61089 -0.363543 0)
(2.61615 -0.364689 0)
(2.62192 -0.366253 0)
(2.6277 -0.368096 0)
(2.63316 -0.370154 0)
(2.63815 -0.372168 0)
(2.64281 -0.373434 0)
(2.64827 -0.373095 0)
(2.65367 -0.371693 0)
(2.65618 -0.367364 0)
(2.65294 -0.361033 0)
(2.6464 -0.357666 0)
(2.64468 -0.358566 0)
(2.64818 -0.360793 0)
(2.65311 -0.362244 0)
(2.65905 -0.362548 0)
(2.66522 -0.362105 0)
(2.67165 -0.361901 0)
(2.67873 -0.362319 0)
(2.68507 -0.362161 0)
(2.69113 -0.360188 0)
(2.69601 -0.356706 0)
(2.69512 -0.352352 0)
(2.68547 -0.348873 0)
(2.68205 -0.348672 0)
(2.68594 -0.349683 0)
(2.69 -0.350405 0)
(2.69462 -0.350787 0)
(2.70154 -0.350185 0)
(2.70973 -0.349792 0)
(2.71766 -0.350726 0)
(2.72429 -0.352589 0)
(2.73054 -0.354953 0)
(2.7355 -0.358097 0)
(2.73406 -0.358905 0)
(2.72425 -0.352845 0)
(2.71811 -0.344844 0)
(2.71951 -0.340304 0)
(2.72329 -0.337816 0)
(2.72811 -0.33652 0)
(2.73368 -0.336169 0)
(2.73988 -0.336627 0)
(2.7461 -0.337578 0)
(2.75171 -0.338878 0)
(2.75611 -0.339501 0)
(2.75543 -0.34142 0)
(2.74938 -0.346988 0)
(2.75253 -0.349835 0)
(2.75743 -0.349205 0)
(2.76195 -0.345212 0)
(2.76656 -0.34012 0)
(2.77042 -0.335212 0)
(2.77215 -0.329631 0)
(2.77132 -0.325126 0)
(2.77021 -0.323163 0)
(2.77 -0.322591 0)
(2.77125 -0.325348 0)
(2.7748 -0.329754 0)
(2.77741 -0.335024 0)
(2.77806 -0.336321 0)
(2.78355 -0.336441 0)
(2.78728 -0.336189 0)
(2.79282 -0.333092 0)
(2.79458 -0.327381 0)
(2.7936 -0.313388 0)
(2.786 -0.281411 0)
(2.76636 -0.227189 0)
(2.72905 -0.13238 0)
(2.71125 -0.0388618 0)
(2.66875 0.0910698 0)
(2.65354 0.118743 0)
(2.6607 0.121583 0)
(2.64269 0.158175 0)
(2.62527 0.187981 0)
(2.61423 0.202048 0)
(2.6126 0.206322 0)
(2.61127 0.215091 0)
(2.60737 0.219559 0)
(2.60282 0.220949 0)
(2.60122 0.223751 0)
(2.6024 0.225785 0)
(2.60507 0.228663 0)
(2.61007 0.232925 0)
(2.61447 0.234678 0)
(2.61625 0.235315 0)
(2.61664 0.236405 0)
(2.61702 0.238099 0)
(2.61778 0.240701 0)
(2.61882 0.245563 0)
(2.61928 0.252744 0)
(2.61783 0.259606 0)
(2.61446 0.264665 0)
(2.61257 0.265951 0)
(2.61242 0.264761 0)
(2.4819 -0.373601 0)
(2.49082 -0.372559 0)
(2.49705 -0.369943 0)
(2.49317 -0.365798 0)
(2.48107 -0.363598 0)
(2.4809 -0.362827 0)
(2.48725 -0.362276 0)
(2.49422 -0.362221 0)
(2.50168 -0.362078 0)
(2.51052 -0.361582 0)
(2.52104 -0.362415 0)
(2.52979 -0.364908 0)
(2.53721 -0.368346 0)
(2.5434 -0.372553 0)
(2.54791 -0.375578 0)
(2.5461 -0.374823 0)
(2.5404 -0.368369 0)
(2.53932 -0.361375 0)
(2.54452 -0.358379 0)
(2.55243 -0.357801 0)
(2.56082 -0.358303 0)
(2.56842 -0.359445 0)
(2.5754 -0.360585 0)
(2.58133 -0.361696 0)
(2.58641 -0.364189 0)
(2.589 -0.367669 0)
(2.58834 -0.369648 0)
(2.58567 -0.366179 0)
(2.58805 -0.36208 0)
(2.59529 -0.360614 0)
(2.60251 -0.359479 0)
(2.60928 -0.358353 0)
(2.6155 -0.357878 0)
(2.61845 -0.356369 0)
(2.61545 -0.352204 0)
(2.61361 -0.34915 0)
(2.61766 -0.348744 0)
(2.62334 -0.349842 0)
(2.62852 -0.351514 0)
(2.63268 -0.353871 0)
(2.63633 -0.35643 0)
(2.6405 -0.358282 0)
(2.64662 -0.35845 0)
(2.65382 -0.357727 0)
(2.66044 -0.35623 0)
(2.66257 -0.352294 0)
(2.65585 -0.346732 0)
(2.64806 -0.343634 0)
(2.64931 -0.344733 0)
(2.65419 -0.346373 0)
(2.65989 -0.347113 0)
(2.66631 -0.347426 0)
(2.67297 -0.347236 0)
(2.6802 -0.346755 0)
(2.68709 -0.347055 0)
(2.69355 -0.347766 0)
(2.70018 -0.347895 0)
(2.7013 -0.345959 0)
(2.69181 -0.340483 0)
(2.68515 -0.335509 0)
(2.68872 -0.334573 0)
(2.69368 -0.335378 0)
(2.69815 -0.33693 0)
(2.70644 -0.338158 0)
(2.71269 -0.338115 0)
(2.72025 -0.339072 0)
(2.72762 -0.341077 0)
(2.73347 -0.343821 0)
(2.73732 -0.346706 0)
(2.73658 -0.348193 0)
(2.73019 -0.344992 0)
(2.72528 -0.338569 0)
(2.72639 -0.332756 0)
(2.72989 -0.327977 0)
(2.73338 -0.323899 0)
(2.73686 -0.321234 0)
(2.74127 -0.320816 0)
(2.74551 -0.321955 0)
(2.74906 -0.324389 0)
(2.75061 -0.327655 0)
(2.74854 -0.331397 0)
(2.75029 -0.33383 0)
(2.75473 -0.333904 0)
(2.76013 -0.332075 0)
(2.76572 -0.329284 0)
(2.77089 -0.327549 0)
(2.77576 -0.325764 0)
(2.7787 -0.322546 0)
(2.77888 -0.317439 0)
(2.77691 -0.312879 0)
(2.77561 -0.311299 0)
(2.77606 -0.312194 0)
(2.77594 -0.316284 0)
(2.77935 -0.322325 0)
(2.78368 -0.325973 0)
(2.78779 -0.326798 0)
(2.79222 -0.32688 0)
(2.79595 -0.325246 0)
(2.80009 -0.321707 0)
(2.80282 -0.315314 0)
(2.80315 -0.313568 0)
(2.79836 -0.297087 0)
(2.79063 -0.276868 0)
(2.77689 -0.240766 0)
(2.75044 -0.168504 0)
(2.72816 -0.0887139 0)
(2.69856 0.0236818 0)
(2.66282 0.143278 0)
(2.65386 0.133138 0)
(2.6551 0.145542 0)
(2.64394 0.178659 0)
(2.63353 0.203573 0)
(2.62099 0.215958 0)
(2.61311 0.223536 0)
(2.60723 0.232136 0)
(2.60331 0.235038 0)
(2.60509 0.239414 0)
(2.60935 0.243639 0)
(2.61425 0.246823 0)
(2.61889 0.246724 0)
(2.62171 0.244991 0)
(2.62248 0.243732 0)
(2.62275 0.243686 0)
(2.62366 0.245758 0)
(2.62483 0.252062 0)
(2.62456 0.259965 0)
(2.62182 0.26736 0)
(2.61759 0.270562 0)
(2.61497 0.271169 0)
(2.48583 -0.35715 0)
(2.49432 -0.359381 0)
(2.50204 -0.361802 0)
(2.50043 -0.361599 0)
(2.4892 -0.355824 0)
(2.48587 -0.349535 0)
(2.49257 -0.347654 0)
(2.50052 -0.347669 0)
(2.50741 -0.347616 0)
(2.51635 -0.347396 0)
(2.52439 -0.348071 0)
(2.53341 -0.349478 0)
(2.54118 -0.351167 0)
(2.54586 -0.353689 0)
(2.54749 -0.357586 0)
(2.54734 -0.361593 0)
(2.54723 -0.36122 0)
(2.54942 -0.356081 0)
(2.55276 -0.349725 0)
(2.55553 -0.344802 0)
(2.55902 -0.342997 0)
(2.56639 -0.34393 0)
(2.57447 -0.345423 0)
(2.58183 -0.347722 0)
(2.58795 -0.34995 0)
(2.5913 -0.351474 0)
(2.59172 -0.353684 0)
(2.59207 -0.354267 0)
(2.59457 -0.351178 0)
(2.59843 -0.347989 0)
(2.60258 -0.346222 0)
(2.60776 -0.345837 0)
(2.61338 -0.34588 0)
(2.61837 -0.345933 0)
(2.62073 -0.344368 0)
(2.62001 -0.340075 0)
(2.62102 -0.336775 0)
(2.62557 -0.337129 0)
(2.63128 -0.338194 0)
(2.63692 -0.339395 0)
(2.64147 -0.342147 0)
(2.64565 -0.345203 0)
(2.6512 -0.34605 0)
(2.65746 -0.345322 0)
(2.66309 -0.343493 0)
(2.66615 -0.339821 0)
(2.66125 -0.335445 0)
(2.653 -0.332907 0)
(2.65601 -0.3324 0)
(2.66088 -0.332519 0)
(2.66548 -0.332775 0)
(2.67015 -0.332532 0)
(2.67686 -0.331773 0)
(2.68255 -0.331842 0)
(2.68971 -0.333227 0)
(2.69657 -0.335788 0)
(2.70245 -0.338561 0)
(2.70415 -0.339626 0)
(2.69793 -0.33591 0)
(2.69163 -0.328919 0)
(2.69439 -0.323648 0)
(2.69814 -0.321333 0)
(2.7016 -0.321947 0)
(2.70497 -0.324725 0)
(2.71018 -0.326224 0)
(2.71671 -0.327123 0)
(2.72296 -0.328023 0)
(2.72835 -0.329157 0)
(2.7327 -0.330716 0)
(2.7346 -0.33363 0)
(2.7343 -0.33659 0)
(2.73333 -0.333512 0)
(2.73416 -0.326984 0)
(2.73649 -0.32015 0)
(2.73955 -0.314165 0)
(2.74256 -0.309699 0)
(2.74542 -0.308109 0)
(2.74922 -0.30949 0)
(2.75256 -0.310809 0)
(2.75112 -0.313655 0)
(2.74721 -0.317711 0)
(2.75079 -0.318609 0)
(2.75448 -0.318271 0)
(2.75909 -0.317509 0)
(2.76482 -0.316755 0)
(2.77077 -0.315322 0)
(2.77609 -0.313437 0)
(2.78077 -0.312266 0)
(2.78384 -0.310045 0)
(2.78332 -0.305247 0)
(2.77927 -0.301723 0)
(2.77374 -0.303181 0)
(2.7738 -0.306627 0)
(2.77767 -0.308435 0)
(2.78184 -0.30963 0)
(2.78591 -0.310259 0)
(2.79107 -0.310786 0)
(2.79775 -0.311905 0)
(2.80402 -0.3107 0)
(2.8074 -0.308334 0)
(2.81039 -0.305592 0)
(2.80801 -0.299774 0)
(2.79969 -0.296186 0)
(2.79939 -0.287632 0)
(2.7984 -0.279662 0)
(2.79197 -0.254797 0)
(2.77745 -0.208238 0)
(2.74504 -0.115127 0)
(2.7267 -0.0427022 0)
(2.68229 0.0903263 0)
(2.66049 0.172607 0)
(2.66693 0.160441 0)
(2.65284 0.183567 0)
(2.64138 0.203871 0)
(2.6259 0.2247 0)
(2.61457 0.231913 0)
(2.60957 0.23854 0)
(2.61384 0.249179 0)
(2.61573 0.253729 0)
(2.61872 0.255979 0)
(2.62265 0.256257 0)
(2.62515 0.255589 0)
(2.62589 0.255446 0)
(2.62668 0.256389 0)
(2.62761 0.2576 0)
(2.62896 0.261041 0)
(2.62766 0.267397 0)
(2.62304 0.271981 0)
(2.61836 0.274764 0)
(2.48579 -0.339979 0)
(2.49371 -0.345097 0)
(2.50038 -0.34969 0)
(2.50269 -0.352887 0)
(2.4973 -0.350514 0)
(2.49533 -0.342438 0)
(2.49852 -0.3347 0)
(2.50265 -0.329586 0)
(2.50799 -0.328199 0)
(2.51455 -0.329953 0)
(2.5212 -0.332761 0)
(2.52794 -0.335413 0)
(2.53422 -0.337259 0)
(2.5377 -0.339597 0)
(2.53912 -0.343474 0)
(2.54345 -0.34488 0)
(2.55004 -0.345115 0)
(2.55685 -0.344287 0)
(2.56188 -0.341372 0)
(2.5637 -0.336858 0)
(2.56585 -0.332319 0)
(2.56949 -0.329471 0)
(2.57388 -0.330143 0)
(2.57804 -0.333662 0)
(2.58185 -0.337024 0)
(2.58442 -0.338572 0)
(2.5871 -0.338049 0)
(2.59316 -0.337194 0)
(2.59905 -0.337046 0)
(2.60419 -0.337308 0)
(2.6073 -0.336857 0)
(2.60938 -0.33548 0)
(2.61386 -0.334082 0)
(2.61913 -0.332236 0)
(2.6233 -0.329292 0)
(2.62331 -0.325808 0)
(2.61917 -0.324345 0)
(2.61875 -0.324162 0)
(2.62354 -0.324567 0)
(2.6289 -0.324975 0)
(2.63492 -0.325724 0)
(2.64095 -0.327017 0)
(2.64641 -0.32802 0)
(2.65305 -0.328773 0)
(2.66033 -0.330134 0)
(2.66663 -0.332223 0)
(2.66724 -0.331211 0)
(2.6582 -0.323793 0)
(2.65215 -0.317524 0)
(2.65606 -0.315956 0)
(2.66132 -0.316007 0)
(2.66693 -0.316777 0)
(2.67327 -0.317545 0)
(2.67987 -0.318385 0)
(2.68675 -0.319609 0)
(2.69289 -0.321738 0)
(2.69792 -0.324052 0)
(2.70192 -0.325101 0)
(2.70228 -0.323957 0)
(2.69666 -0.317973 0)
(2.69194 -0.310896 0)
(2.69398 -0.308212 0)
(2.69916 -0.308457 0)
(2.70518 -0.310117 0)
(2.71058 -0.311662 0)
(2.71603 -0.312616 0)
(2.72097 -0.313393 0)
(2.72417 -0.315616 0)
(2.72619 -0.319251 0)
(2.7286 -0.320242 0)
(2.73265 -0.318766 0)
(2.73789 -0.317484 0)
(2.74201 -0.314568 0)
(2.74415 -0.308191 0)
(2.74324 -0.300549 0)
(2.74239 -0.296495 0)
(2.74303 -0.295601 0)
(2.74382 -0.296492 0)
(2.74496 -0.300041 0)
(2.74565 -0.302368 0)
(2.74861 -0.304597 0)
(2.75351 -0.305628 0)
(2.75818 -0.306605 0)
(2.76347 -0.307375 0)
(2.76857 -0.307535 0)
(2.77369 -0.305759 0)
(2.77856 -0.302442 0)
(2.78312 -0.298982 0)
(2.78611 -0.295586 0)
(2.78422 -0.293118 0)
(2.77597 -0.292765 0)
(2.77068 -0.29324 0)
(2.77457 -0.293763 0)
(2.77987 -0.294121 0)
(2.78393 -0.29441 0)
(2.78748 -0.295062 0)
(2.7929 -0.294859 0)
(2.79604 -0.293852 0)
(2.80155 -0.293795 0)
(2.80767 -0.294195 0)
(2.81324 -0.29457 0)
(2.81527 -0.293056 0)
(2.80986 -0.288736 0)
(2.80025 -0.283301 0)
(2.80286 -0.280577 0)
(2.80448 -0.279764 0)
(2.8056 -0.275043 0)
(2.80261 -0.258711 0)
(2.79203 -0.219935 0)
(2.76972 -0.151312 0)
(2.73658 -0.0485976 0)
(2.73244 0.0165024 0)
(2.68081 0.150107 0)
(2.65933 0.212019 0)
(2.6558 0.198541 0)
(2.63861 0.209617 0)
(2.62832 0.223619 0)
(2.62683 0.239687 0)
(2.62262 0.249161 0)
(2.62294 0.257406 0)
(2.62608 0.260139 0)
(2.63001 0.263014 0)
(2.63072 0.264346 0)
(2.63113 0.264202 0)
(2.63127 0.265119 0)
(2.6302 0.269189 0)
(2.62821 0.273973 0)
(2.62646 0.278135 0)
(2.62237 0.28102 0)
(2.49181 -0.322468 0)
(2.49853 -0.324807 0)
(2.50119 -0.329551 0)
(2.50083 -0.335277 0)
(2.50029 -0.336513 0)
(2.50313 -0.332914 0)
(2.5079 -0.327736 0)
(2.51244 -0.322336 0)
(2.51634 -0.317934 0)
(2.52008 -0.3159 0)
(2.52442 -0.316408 0)
(2.52894 -0.319063 0)
(2.53256 -0.322251 0)
(2.53401 -0.325314 0)
(2.53863 -0.327194 0)
(2.54664 -0.32824 0)
(2.5537 -0.328111 0)
(2.56115 -0.328371 0)
(2.56768 -0.32738 0)
(2.5697 -0.323207 0)
(2.56875 -0.318739 0)
(2.57168 -0.317118 0)
(2.57685 -0.317411 0)
(2.5819 -0.318548 0)
(2.58387 -0.32124 0)
(2.5855 -0.324157 0)
(2.58883 -0.324096 0)
(2.59287 -0.322664 0)
(2.59764 -0.322034 0)
(2.60251 -0.32156 0)
(2.60787 -0.321542 0)
(2.61261 -0.321345 0)
(2.61705 -0.32076 0)
(2.6223 -0.320526 0)
(2.62738 -0.320123 0)
(2.6282 -0.317687 0)
(2.62252 -0.313164 0)
(2.61947 -0.30977 0)
(2.62506 -0.309761 0)
(2.63233 -0.31069 0)
(2.63955 -0.311659 0)
(2.64602 -0.312288 0)
(2.65203 -0.313264 0)
(2.65682 -0.315149 0)
(2.6619 -0.316393 0)
(2.66736 -0.317539 0)
(2.66952 -0.318339 0)
(2.66519 -0.315924 0)
(2.6595 -0.30886 0)
(2.65996 -0.302897 0)
(2.6643 -0.300614 0)
(2.66996 -0.300232 0)
(2.67599 -0.300915 0)
(2.68205 -0.30198 0)
(2.68814 -0.303082 0)
(2.6935 -0.304624 0)
(2.69749 -0.30727 0)
(2.70107 -0.309101 0)
(2.70319 -0.310256 0)
(2.70271 -0.309957 0)
(2.70028 -0.304891 0)
(2.69912 -0.298713 0)
(2.70078 -0.295507 0)
(2.70464 -0.295075 0)
(2.70962 -0.296211 0)
(2.71426 -0.297753 0)
(2.71865 -0.299417 0)
(2.72124 -0.301937 0)
(2.72502 -0.304905 0)
(2.7303 -0.305688 0)
(2.73513 -0.303826 0)
(2.74054 -0.301983 0)
(2.74683 -0.30157 0)
(2.75171 -0.300747 0)
(2.7528 -0.296308 0)
(2.75008 -0.289154 0)
(2.74519 -0.28389 0)
(2.74106 -0.284033 0)
(2.74222 -0.287173 0)
(2.74618 -0.290908 0)
(2.75092 -0.291877 0)
(2.75641 -0.291919 0)
(2.76158 -0.292333 0)
(2.76552 -0.292955 0)
(2.76938 -0.293127 0)
(2.77526 -0.292292 0)
(2.78093 -0.291493 0)
(2.78717 -0.290973 0)
(2.79161 -0.288543 0)
(2.78764 -0.284859 0)
(2.77408 -0.282979 0)
(2.77141 -0.281907 0)
(2.77637 -0.281006 0)
(2.78099 -0.280276 0)
(2.78601 -0.279734 0)
(2.79096 -0.279667 0)
(2.79595 -0.280583 0)
(2.79982 -0.281408 0)
(2.80561 -0.282766 0)
(2.81146 -0.28374 0)
(2.81678 -0.284228 0)
(2.81974 -0.283997 0)
(2.81554 -0.280989 0)
(2.80336 -0.275968 0)
(2.7975 -0.272864 0)
(2.80214 -0.271084 0)
(2.80619 -0.270612 0)
(2.81177 -0.269788 0)
(2.81548 -0.266828 0)
(2.81672 -0.257352 0)
(2.80955 -0.228988 0)
(2.79411 -0.174141 0)
(2.76399 -0.0839725 0)
(2.73771 0.00663282 0)
(2.72286 0.0831884 0)
(2.66339 0.204839 0)
(2.64118 0.246124 0)
(2.63573 0.228379 0)
(2.63663 0.231382 0)
(2.63313 0.247906 0)
(2.63637 0.257991 0)
(2.63834 0.264122 0)
(2.63953 0.265772 0)
(2.64018 0.266058 0)
(2.63884 0.26729 0)
(2.63602 0.270093 0)
(2.63219 0.276432 0)
(2.63038 0.28612 0)
(2.62596 0.291109 0)
(2.4834 -0.307597 0)
(2.48787 -0.311039 0)
(2.48987 -0.315679 0)
(2.49343 -0.318809 0)
(2.50141 -0.319998 0)
(2.50869 -0.32014 0)
(2.5153 -0.318097 0)
(2.52013 -0.313825 0)
(2.52188 -0.308283 0)
(2.52164 -0.30355 0)
(2.52293 -0.301887 0)
(2.52695 -0.303239 0)
(2.53062 -0.307967 0)
(2.53401 -0.31174 0)
(2.53845 -0.312173 0)
(2.54408 -0.311755 0)
(2.55125 -0.311766 0)
(2.5592 -0.311768 0)
(2.56714 -0.311766 0)
(2.57396 -0.311106 0)
(2.57607 -0.307428 0)
(2.57219 -0.304629 0)
(2.57058 -0.305964 0)
(2.57272 -0.307283 0)
(2.57665 -0.308263 0)
(2.5832 -0.309651 0)
(2.59041 -0.311165 0)
(2.59706 -0.311841 0)
(2.60252 -0.309979 0)
(2.60627 -0.305272 0)
(2.60888 -0.30183 0)
(2.61188 -0.302473 0)
(2.6158 -0.305311 0)
(2.62009 -0.307945 0)
(2.62516 -0.309428 0)
(2.62915 -0.310412 0)
(2.62779 -0.307799 0)
(2.62408 -0.301164 0)
(2.62505 -0.296905 0)
(2.62986 -0.295668 0)
(2.6362 -0.295222 0)
(2.64244 -0.29527 0)
(2.64918 -0.296048 0)
(2.65511 -0.298598 0)
(2.65978 -0.302221 0)
(2.6637 -0.304884 0)
(2.66635 -0.306823 0)
(2.66817 -0.307885 0)
(2.66836 -0.304186 0)
(2.66782 -0.296071 0)
(2.66917 -0.28902 0)
(2.67348 -0.286041 0)
(2.67916 -0.286627 0)
(2.6849 -0.288051 0)
(2.69058 -0.289538 0)
(2.69596 -0.29119 0)
(2.70003 -0.292993 0)
(2.69982 -0.296097 0)
(2.69992 -0.298421 0)
(2.70361 -0.29899 0)
(2.70718 -0.297999 0)
(2.70867 -0.293206 0)
(2.70787 -0.28646 0)
(2.70879 -0.282263 0)
(2.71204 -0.28185 0)
(2.71653 -0.283637 0)
(2.72091 -0.28653 0)
(2.72409 -0.28958 0)
(2.72415 -0.290663 0)
(2.72653 -0.291237 0)
(2.7331 -0.291602 0)
(2.73969 -0.291293 0)
(2.74611 -0.290325 0)
(2.75213 -0.289173 0)
(2.75711 -0.28781 0)
(2.75843 -0.283085 0)
(2.75433 -0.276731 0)
(2.74657 -0.274216 0)
(2.73919 -0.276852 0)
(2.74005 -0.278687 0)
(2.74524 -0.278469 0)
(2.75007 -0.278054 0)
(2.75502 -0.277478 0)
(2.76092 -0.276757 0)
(2.76869 -0.27618 0)
(2.77265 -0.276359 0)
(2.77936 -0.277357 0)
(2.78606 -0.278022 0)
(2.79203 -0.277737 0)
(2.79109 -0.275934 0)
(2.77718 -0.272407 0)
(2.76856 -0.269372 0)
(2.77248 -0.267557 0)
(2.77754 -0.267168 0)
(2.78251 -0.266906 0)
(2.78783 -0.266996 0)
(2.79358 -0.268018 0)
(2.79781 -0.269281 0)
(2.80288 -0.270766 0)
(2.80822 -0.272071 0)
(2.81383 -0.272605 0)
(2.81862 -0.272499 0)
(2.81955 -0.271142 0)
(2.811 -0.266633 0)
(2.80283 -0.261871 0)
(2.80552 -0.25947 0)
(2.80975 -0.258775 0)
(2.81504 -0.259172 0)
(2.81929 -0.259103 0)
(2.82337 -0.25941 0)
(2.82842 -0.259092 0)
(2.83164 -0.252858 0)
(2.82823 -0.233175 0)
(2.81389 -0.187545 0)
(2.78989 -0.117581 0)
(2.74517 -0.00605587 0)
(2.73846 0.0494808 0)
(2.68458 0.144804 0)
(2.64517 0.257698 0)
(2.63249 0.273261 0)
(2.6408 0.260081 0)
(2.65098 0.261961 0)
(2.65274 0.266787 0)
(2.64872 0.264961 0)
(2.64654 0.265158 0)
(2.64297 0.266534 0)
(2.63899 0.270681 0)
(2.63654 0.279113 0)
(2.63202 0.293032 0)
(2.48246 -0.291604 0)
(2.48412 -0.295947 0)
(2.48624 -0.30044 0)
(2.49417 -0.301999 0)
(2.50211 -0.302428 0)
(2.5102 -0.302326 0)
(2.51809 -0.302145 0)
(2.5251 -0.301304 0)
(2.52871 -0.297997 0)
(2.52806 -0.293598 0)
(2.52508 -0.291776 0)
(2.52215 -0.294155 0)
(2.52729 -0.296115 0)
(2.53599 -0.29722 0)
(2.54318 -0.298108 0)
(2.55017 -0.298959 0)
(2.55647 -0.299017 0)
(2.56162 -0.297484 0)
(2.56739 -0.295512 0)
(2.57441 -0.29428 0)
(2.5792 -0.293398 0)
(2.57665 -0.292171 0)
(2.57112 -0.292635 0)
(2.57211 -0.294473 0)
(2.57673 -0.294704 0)
(2.58187 -0.293666 0)
(2.58852 -0.292875 0)
(2.59611 -0.292931 0)
(2.60361 -0.291511 0)
(2.61004 -0.289555 0)
(2.61535 -0.287921 0)
(2.61795 -0.289337 0)
(2.62088 -0.293167 0)
(2.62473 -0.296155 0)
(2.62745 -0.298045 0)
(2.62963 -0.298463 0)
(2.63058 -0.296893 0)
(2.62922 -0.292125 0)
(2.62937 -0.286126 0)
(2.6333 -0.282088 0)
(2.63827 -0.280892 0)
(2.64495 -0.281725 0)
(2.65249 -0.282808 0)
(2.66003 -0.283588 0)
(2.66464 -0.285423 0)
(2.66475 -0.289015 0)
(2.66457 -0.290397 0)
(2.66845 -0.289312 0)
(2.67408 -0.287447 0)
(2.67783 -0.283525 0)
(2.67685 -0.276858 0)
(2.67313 -0.273124 0)
(2.67444 -0.273062 0)
(2.67899 -0.274564 0)
(2.68381 -0.276052 0)
(2.68877 -0.277653 0)
(2.6927 -0.280397 0)
(2.69474 -0.2837 0)
(2.69816 -0.284006 0)
(2.70462 -0.282402 0)
(2.71062 -0.280625 0)
(2.71561 -0.277693 0)
(2.71663 -0.27253 0)
(2.71171 -0.268865 0)
(2.70848 -0.269298 0)
(2.71027 -0.270256 0)
(2.71364 -0.272415 0)
(2.71946 -0.274634 0)
(2.72513 -0.275952 0)
(2.72981 -0.278244 0)
(2.73407 -0.279559 0)
(2.73924 -0.279562 0)
(2.74539 -0.277966 0)
(2.75151 -0.275372 0)
(2.75754 -0.27275 0)
(2.76215 -0.26986 0)
(2.75952 -0.2664 0)
(2.74688 -0.264386 0)
(2.739 -0.264103 0)
(2.74177 -0.263505 0)
(2.74758 -0.262767 0)
(2.75337 -0.262401 0)
(2.759 -0.261946 0)
(2.76611 -0.26175 0)
(2.77434 -0.262322 0)
(2.77869 -0.263479 0)
(2.78472 -0.265748 0)
(2.78947 -0.267571 0)
(2.79397 -0.26889 0)
(2.79439 -0.268496 0)
(2.78341 -0.264089 0)
(2.77233 -0.257541 0)
(2.77493 -0.253654 0)
(2.78086 -0.252656 0)
(2.78641 -0.252484 0)
(2.79212 -0.252495 0)
(2.79825 -0.253345 0)
(2.80267 -0.254172 0)
(2.8079 -0.255479 0)
(2.81271 -0.257626 0)
(2.81689 -0.259771 0)
(2.82044 -0.261577 0)
(2.8219 -0.262664 0)
(2.81643 -0.261167 0)
(2.80901 -0.255056 0)
(2.80961 -0.249965 0)
(2.81309 -0.24882 0)
(2.81748 -0.24877 0)
(2.82193 -0.249368 0)
(2.82747 -0.249537 0)
(2.83302 -0.248127 0)
(2.83759 -0.246287 0)
(2.84062 -0.244204 0)
(2.84212 -0.240072 0)
(2.83928 -0.229485 0)
(2.82434 -0.195583 0)
(2.80357 -0.131952 0)
(2.76537 -0.0451597 0)
(2.72428 0.0581385 0)
(2.73016 0.100743 0)
(2.67159 0.210815 0)
(2.65732 0.292352 0)
(2.65476 0.295486 0)
(2.65739 0.27956 0)
(2.65139 0.273355 0)
(2.64737 0.269653 0)
(2.64529 0.267506 0)
(2.64177 0.271203 0)
(2.64027 0.290113 0)
(2.4793 -0.279663 0)
(2.47984 -0.284213 0)
(2.48593 -0.286418 0)
(2.493 -0.286202 0)
(2.50094 -0.285712 0)
(2.50953 -0.284966 0)
(2.5176 -0.283899 0)
(2.52529 -0.283323 0)
(2.53213 -0.282348 0)
(2.53311 -0.280794 0)
(2.52477 -0.280885 0)
(2.52023 -0.282607 0)
(2.5252 -0.282757 0)
(2.53193 -0.282076 0)
(2.54037 -0.281515 0)
(2.54934 -0.281534 0)
(2.55824 -0.281709 0)
(2.56684 -0.282133 0)
(2.57333 -0.282832 0)
(2.58013 -0.283423 0)
(2.58408 -0.283267 0)
(2.57849 -0.281671 0)
(2.57044 -0.280843 0)
(2.57449 -0.281476 0)
(2.58124 -0.281487 0)
(2.58798 -0.280758 0)
(2.59473 -0.278668 0)
(2.60088 -0.276058 0)
(2.60664 -0.274591 0)
(2.61128 -0.274698 0)
(2.61248 -0.275868 0)
(2.61107 -0.27751 0)
(2.61419 -0.279936 0)
(2.62069 -0.282179 0)
(2.62709 -0.284217 0)
(2.63237 -0.285288 0)
(2.63645 -0.283467 0)
(2.63847 -0.279239 0)
(2.63669 -0.272823 0)
(2.63388 -0.268373 0)
(2.63532 -0.26737 0)
(2.63956 -0.267756 0)
(2.64506 -0.269079 0)
(2.65054 -0.270504 0)
(2.65526 -0.272068 0)
(2.66014 -0.273977 0)
(2.66742 -0.275378 0)
(2.67265 -0.27416 0)
(2.67815 -0.272281 0)
(2.68427 -0.271433 0)
(2.68619 -0.268545 0)
(2.6807 -0.262588 0)
(2.67653 -0.258741 0)
(2.67954 -0.258901 0)
(2.68353 -0.260179 0)
(2.68612 -0.263416 0)
(2.68788 -0.268487 0)
(2.69521 -0.271637 0)
(2.70185 -0.272863 0)
(2.70837 -0.271639 0)
(2.71476 -0.268452 0)
(2.72038 -0.265382 0)
(2.72315 -0.261531 0)
(2.71854 -0.25722 0)
(2.71094 -0.25495 0)
(2.70797 -0.256727 0)
(2.70973 -0.259856 0)
(2.71586 -0.26175 0)
(2.72187 -0.262679 0)
(2.72747 -0.263434 0)
(2.73381 -0.264786 0)
(2.74354 -0.266712 0)
(2.74902 -0.26642 0)
(2.75527 -0.266104 0)
(2.76206 -0.265645 0)
(2.76743 -0.263517 0)
(2.76431 -0.25955 0)
(2.74832 -0.255915 0)
(2.74274 -0.254238 0)
(2.74562 -0.252542 0)
(2.75034 -0.251199 0)
(2.75656 -0.250565 0)
(2.76272 -0.249625 0)
(2.77067 -0.248941 0)
(2.77663 -0.249038 0)
(2.78187 -0.249977 0)
(2.78747 -0.251248 0)
(2.79243 -0.253383 0)
(2.79649 -0.257131 0)
(2.79703 -0.261323 0)
(2.78946 -0.26072 0)
(2.7788 -0.252306 0)
(2.77917 -0.24463 0)
(2.78463 -0.241771 0)
(2.79017 -0.241821 0)
(2.796 -0.241851 0)
(2.80213 -0.242376 0)
(2.80662 -0.24308 0)
(2.812 -0.243907 0)
(2.81703 -0.245409 0)
(2.82128 -0.247752 0)
(2.82478 -0.250283 0)
(2.82529 -0.250645 0)
(2.82109 -0.247553 0)
(2.81267 -0.241928 0)
(2.80805 -0.238213 0)
(2.81007 -0.236723 0)
(2.81399 -0.236431 0)
(2.81844 -0.237439 0)
(2.82287 -0.237671 0)
(2.82764 -0.23805 0)
(2.83303 -0.237815 0)
(2.83856 -0.23789 0)
(2.84363 -0.238762 0)
(2.84714 -0.236613 0)
(2.84737 -0.234957 0)
(2.84277 -0.222855 0)
(2.83458 -0.201154 0)
(2.81201 -0.143488 0)
(2.78989 -0.068168 0)
(2.73861 0.05161 0)
(2.7223 0.118128 0)
(2.73456 0.163014 0)
(2.67977 0.252813 0)
(2.66176 0.303151 0)
(2.64729 0.295409 0)
(2.64596 0.283666 0)
(2.64209 0.282304 0)
(2.64305 0.288524 0)
(2.47954 -0.268966 0)
(2.48125 -0.270061 0)
(2.48779 -0.26965 0)
(2.49412 -0.269188 0)
(2.5012 -0.268739 0)
(2.50953 -0.268254 0)
(2.5184 -0.268379 0)
(2.52685 -0.269281 0)
(2.53497 -0.270101 0)
(2.5375 -0.270357 0)
(2.52831 -0.270129 0)
(2.52313 -0.269982 0)
(2.52936 -0.269865 0)
(2.53669 -0.269785 0)
(2.54404 -0.268795 0)
(2.55092 -0.266149 0)
(2.55778 -0.263676 0)
(2.56618 -0.26343 0)
(2.57411 -0.264706 0)
(2.5797 -0.267216 0)
(2.58119 -0.27053 0)
(2.57668 -0.272275 0)
(2.57187 -0.270427 0)
(2.57542 -0.266421 0)
(2.58162 -0.263658 0)
(2.58893 -0.26182 0)
(2.59686 -0.261121 0)
(2.60479 -0.261374 0)
(2.61205 -0.261859 0)
(2.61614 -0.262285 0)
(2.61422 -0.262429 0)
(2.60996 -0.263513 0)
(2.61123 -0.265319 0)
(2.61755 -0.266795 0)
(2.62461 -0.267634 0)
(2.63164 -0.267718 0)
(2.63838 -0.267303 0)
(2.64494 -0.267468 0)
(2.64698 -0.265506 0)
(2.64284 -0.25928 0)
(2.63951 -0.253495 0)
(2.64138 -0.251709 0)
(2.64592 -0.252876 0)
(2.6508 -0.255337 0)
(2.65549 -0.258349 0)
(2.65979 -0.26007 0)
(2.66445 -0.260099 0)
(2.67069 -0.260052 0)
(2.67698 -0.259924 0)
(2.68275 -0.25962 0)
(2.68761 -0.259641 0)
(2.68831 -0.256322 0)
(2.68354 -0.249209 0)
(2.67965 -0.246189 0)
(2.6802 -0.248687 0)
(2.68351 -0.251021 0)
(2.68865 -0.252811 0)
(2.69317 -0.253386 0)
(2.69784 -0.253417 0)
(2.70429 -0.253014 0)
(2.71136 -0.25248 0)
(2.71892 -0.252156 0)
(2.72456 -0.251538 0)
(2.72289 -0.248679 0)
(2.71117 -0.245141 0)
(2.70469 -0.245135 0)
(2.70917 -0.246133 0)
(2.71465 -0.246684 0)
(2.7198 -0.246987 0)
(2.72566 -0.246695 0)
(2.73285 -0.24654 0)
(2.7428 -0.247479 0)
(2.74924 -0.249266 0)
(2.7556 -0.251173 0)
(2.76238 -0.253207 0)
(2.76854 -0.255316 0)
(2.76822 -0.255475 0)
(2.75327 -0.248706 0)
(2.74119 -0.241549 0)
(2.74307 -0.239707 0)
(2.74743 -0.238503 0)
(2.75358 -0.237057 0)
(2.75975 -0.236433 0)
(2.76615 -0.236347 0)
(2.77202 -0.237102 0)
(2.77739 -0.237794 0)
(2.78319 -0.238791 0)
(2.78857 -0.240652 0)
(2.79258 -0.243896 0)
(2.79423 -0.247327 0)
(2.79296 -0.248169 0)
(2.78763 -0.242928 0)
(2.7815 -0.234824 0)
(2.78216 -0.23106 0)
(2.78732 -0.229495 0)
(2.79265 -0.229303 0)
(2.79767 -0.229449 0)
(2.80296 -0.230073 0)
(2.80792 -0.231288 0)
(2.81312 -0.232645 0)
(2.81784 -0.234343 0)
(2.82108 -0.236017 0)
(2.82403 -0.236931 0)
(2.82538 -0.237105 0)
(2.82222 -0.234824 0)
(2.81561 -0.228493 0)
(2.81401 -0.223822 0)
(2.81765 -0.222515 0)
(2.82215 -0.222842 0)
(2.8266 -0.222776 0)
(2.83087 -0.224312 0)
(2.83507 -0.225114 0)
(2.83991 -0.226382 0)
(2.84505 -0.226743 0)
(2.84916 -0.22619 0)
(2.85156 -0.22835 0)
(2.853 -0.224124 0)
(2.85038 -0.223283 0)
(2.84823 -0.210105 0)
(2.84308 -0.19361 0)
(2.82577 -0.155153 0)
(2.80127 -0.0862599 0)
(2.77475 0.0106337 0)
(2.73127 0.121004 0)
(2.73026 0.148137 0)
(2.71943 0.19789 0)
(2.66604 0.264682 0)
(2.64851 0.297844 0)
(2.64478 0.304455 0)
(2.48403 -0.259715 0)
(2.4826 -0.255221 0)
(2.4898 -0.253043 0)
(2.49835 -0.252624 0)
(2.5058 -0.252358 0)
(2.5138 -0.252665 0)
(2.52081 -0.25368 0)
(2.52937 -0.256024 0)
(2.53688 -0.259122 0)
(2.53899 -0.262527 0)
(2.53145 -0.262577 0)
(2.52643 -0.257441 0)
(2.53123 -0.254018 0)
(2.53933 -0.252857 0)
(2.54748 -0.252622 0)
(2.55624 -0.251434 0)
(2.5637 -0.250525 0)
(2.57132 -0.250723 0)
(2.57882 -0.251541 0)
(2.58402 -0.252901 0)
(2.58413 -0.256179 0)
(2.57906 -0.260949 0)
(2.57759 -0.259341 0)
(2.58177 -0.255034 0)
(2.5876 -0.25157 0)
(2.59383 -0.249276 0)
(2.60007 -0.248134 0)
(2.60602 -0.247896 0)
(2.61143 -0.248435 0)
(2.61545 -0.249361 0)
(2.6158 -0.249969 0)
(2.61318 -0.249701 0)
(2.61499 -0.250802 0)
(2.6203 -0.251928 0)
(2.62551 -0.252834 0)
(2.63132 -0.254011 0)
(2.63819 -0.25527 0)
(2.64399 -0.256134 0)
(2.64847 -0.256574 0)
(2.65 -0.253839 0)
(2.64833 -0.246667 0)
(2.64738 -0.240736 0)
(2.6495 -0.239991 0)
(2.65384 -0.242181 0)
(2.65856 -0.24432 0)
(2.66343 -0.246286 0)
(2.66743 -0.248418 0)
(2.67175 -0.249022 0)
(2.67782 -0.24792 0)
(2.6836 -0.246268 0)
(2.68843 -0.244534 0)
(2.69091 -0.242236 0)
(2.68626 -0.2385 0)
(2.67772 -0.236261 0)
(2.68057 -0.236522 0)
(2.68738 -0.23715 0)
(2.69305 -0.23715 0)
(2.69903 -0.23746 0)
(2.70562 -0.239042 0)
(2.71198 -0.240632 0)
(2.71781 -0.241529 0)
(2.72367 -0.241946 0)
(2.72876 -0.241582 0)
(2.72823 -0.239376 0)
(2.71674 -0.234688 0)
(2.70753 -0.230787 0)
(2.71189 -0.230103 0)
(2.71726 -0.230311 0)
(2.72233 -0.230641 0)
(2.72902 -0.231057 0)
(2.73914 -0.23129 0)
(2.74745 -0.232563 0)
(2.75197 -0.234443 0)
(2.75869 -0.23746 0)
(2.76434 -0.240344 0)
(2.76841 -0.243981 0)
(2.76828 -0.246772 0)
(2.75926 -0.244127 0)
(2.74878 -0.235187 0)
(2.7487 -0.229366 0)
(2.75231 -0.226781 0)
(2.75704 -0.22426 0)
(2.76275 -0.222057 0)
(2.76839 -0.221275 0)
(2.77358 -0.221917 0)
(2.77867 -0.223006 0)
(2.78412 -0.223968 0)
(2.78937 -0.225484 0)
(2.79334 -0.228061 0)
(2.79508 -0.231588 0)
(2.79517 -0.234796 0)
(2.79404 -0.235208 0)
(2.79116 -0.230949 0)
(2.78852 -0.223194 0)
(2.79007 -0.217909 0)
(2.79509 -0.216279 0)
(2.80061 -0.215952 0)
(2.80563 -0.2162 0)
(2.81091 -0.21708 0)
(2.8161 -0.219081 0)
(2.82087 -0.220623 0)
(2.82477 -0.221952 0)
(2.82489 -0.224391 0)
(2.82407 -0.226296 0)
(2.82407 -0.226512 0)
(2.82256 -0.223267 0)
(2.82037 -0.216415 0)
(2.82166 -0.21246 0)
(2.82587 -0.212545 0)
(2.83095 -0.212423 0)
(2.83655 -0.213342 0)
(2.84129 -0.213993 0)
(2.84527 -0.215512 0)
(2.84881 -0.216185 0)
(2.85225 -0.216255 0)
(2.85547 -0.217142 0)
(2.85775 -0.215571 0)
(2.85915 -0.215478 0)
(2.85926 -0.208966 0)
(2.85481 -0.208606 0)
(2.85349 -0.197916 0)
(2.85071 -0.189029 0)
(2.84187 -0.164487 0)
(2.82081 -0.112263 0)
(2.79909 -0.038037 0)
(2.74853 0.103127 0)
(2.72457 0.150169 0)
(2.73212 0.170995 0)
(2.67962 0.261156 0)
(2.49023 -0.253107 0)
(2.48854 -0.245545 0)
(2.49233 -0.239444 0)
(2.49803 -0.235665 0)
(2.50496 -0.234632 0)
(2.51248 -0.235867 0)
(2.5195 -0.238113 0)
(2.52568 -0.241779 0)
(2.53031 -0.246429 0)
(2.53141 -0.250478 0)
(2.53017 -0.25225 0)
(2.53225 -0.249762 0)
(2.53775 -0.244866 0)
(2.54363 -0.239718 0)
(2.54956 -0.235402 0)
(2.55622 -0.233385 0)
(2.56345 -0.233897 0)
(2.56962 -0.235686 0)
(2.5742 -0.237925 0)
(2.57672 -0.24029 0)
(2.57552 -0.243313 0)
(2.57665 -0.244108 0)
(2.58244 -0.243685 0)
(2.5887 -0.241979 0)
(2.59443 -0.239155 0)
(2.5992 -0.23652 0)
(2.60374 -0.235342 0)
(2.60842 -0.235201 0)
(2.61235 -0.235264 0)
(2.61378 -0.235733 0)
(2.61363 -0.237233 0)
(2.6153 -0.237836 0)
(2.61903 -0.237402 0)
(2.62422 -0.237855 0)
(2.63026 -0.239789 0)
(2.63548 -0.242143 0)
(2.63817 -0.24304 0)
(2.64267 -0.24224 0)
(2.64844 -0.24092 0)
(2.65338 -0.238675 0)
(2.65468 -0.233825 0)
(2.64939 -0.229008 0)
(2.64481 -0.228492 0)
(2.64738 -0.230017 0)
(2.65292 -0.231345 0)
(2.65937 -0.232147 0)
(2.66584 -0.232838 0)
(2.67328 -0.234571 0)
(2.67911 -0.235601 0)
(2.6863 -0.235668 0)
(2.69355 -0.234656 0)
(2.69835 -0.232837 0)
(2.69411 -0.229378 0)
(2.6817 -0.225315 0)
(2.68041 -0.222889 0)
(2.68513 -0.221978 0)
(2.69103 -0.221699 0)
(2.69815 -0.221797 0)
(2.70524 -0.222717 0)
(2.71191 -0.224435 0)
(2.71848 -0.226291 0)
(2.72475 -0.228674 0)
(2.72996 -0.232243 0)
(2.73239 -0.235173 0)
(2.72707 -0.23201 0)
(2.71614 -0.221373 0)
(2.71509 -0.21496 0)
(2.72032 -0.213406 0)
(2.72578 -0.213235 0)
(2.73104 -0.214009 0)
(2.73814 -0.21578 0)
(2.74403 -0.217378 0)
(2.7502 -0.219783 0)
(2.7555 -0.222868 0)
(2.75981 -0.225907 0)
(2.76276 -0.229198 0)
(2.76315 -0.233543 0)
(2.7606 -0.236997 0)
(2.7571 -0.234348 0)
(2.75752 -0.227425 0)
(2.7605 -0.222026 0)
(2.76418 -0.217263 0)
(2.76786 -0.21257 0)
(2.77193 -0.209423 0)
(2.77684 -0.209742 0)
(2.78145 -0.21127 0)
(2.7866 -0.21244 0)
(2.79193 -0.21382 0)
(2.79614 -0.215754 0)
(2.79802 -0.218009 0)
(2.79782 -0.220363 0)
(2.79748 -0.223154 0)
(2.79767 -0.224252 0)
(2.79769 -0.220561 0)
(2.79769 -0.213463 0)
(2.79817 -0.206719 0)
(2.80013 -0.203524 0)
(2.80323 -0.203342 0)
(2.80676 -0.204912 0)
(2.81149 -0.206732 0)
(2.81623 -0.209023 0)
(2.81958 -0.210966 0)
(2.82243 -0.211685 0)
(2.82447 -0.211501 0)
(2.82614 -0.210138 0)
(2.82734 -0.207526 0)
(2.82552 -0.202794 0)
(2.82065 -0.200192 0)
(2.82168 -0.200627 0)
(2.82611 -0.200603 0)
(2.83119 -0.20042 0)
(2.83679 -0.200233 0)
(2.84205 -0.200811 0)
(2.84638 -0.202028 0)
(2.84986 -0.202947 0)
(2.85295 -0.203635 0)
(2.85629 -0.203448 0)
(2.85932 -0.20257 0)
(2.86176 -0.201481 0)
(2.86209 -0.201661 0)
(2.86163 -0.195791 0)
(2.85926 -0.192277 0)
(2.85656 -0.186819 0)
(2.85474 -0.181127 0)
(2.84901 -0.165327 0)
(2.83616 -0.131981 0)
(2.8051 -0.0474211 0)
(2.77501 0.0512337 0)
(2.72859 0.177695 0)
(2.49463 -0.242432 0)
(2.49748 -0.238113 0)
(2.50202 -0.232087 0)
(2.50663 -0.226499 0)
(2.51222 -0.223084 0)
(2.51878 -0.221319 0)
(2.5248 -0.220473 0)
(2.52953 -0.221324 0)
(2.53096 -0.226394 0)
(2.52867 -0.233145 0)
(2.52943 -0.234788 0)
(2.5358 -0.233524 0)
(2.54301 -0.231335 0)
(2.54971 -0.228234 0)
(2.55571 -0.224856 0)
(2.56126 -0.222343 0)
(2.56702 -0.22198 0)
(2.57207 -0.222293 0)
(2.57476 -0.223751 0)
(2.57372 -0.227986 0)
(2.57546 -0.230085 0)
(2.58124 -0.229204 0)
(2.58664 -0.227246 0)
(2.59179 -0.225307 0)
(2.59644 -0.223336 0)
(2.60114 -0.22162 0)
(2.60619 -0.2207 0)
(2.61102 -0.220967 0)
(2.6152 -0.22221 0)
(2.61747 -0.223377 0)
(2.61639 -0.223182 0)
(2.61394 -0.223769 0)
(2.61522 -0.225112 0)
(2.61966 -0.2262 0)
(2.62567 -0.226987 0)
(2.63294 -0.227563 0)
(2.63975 -0.228783 0)
(2.6461 -0.229181 0)
(2.65228 -0.228616 0)
(2.65879 -0.227422 0)
(2.66098 -0.22477 0)
(2.65388 -0.22013 0)
(2.64561 -0.216434 0)
(2.64824 -0.215593 0)
(2.65451 -0.215787 0)
(2.6609 -0.216087 0)
(2.6671 -0.216522 0)
(2.67351 -0.217381 0)
(2.68271 -0.218861 0)
(2.6893 -0.220029 0)
(2.69576 -0.221132 0)
(2.70269 -0.223167 0)
(2.70219 -0.222476 0)
(2.6897 -0.215435 0)
(2.68425 -0.209795 0)
(2.69053 -0.208819 0)
(2.69642 -0.208703 0)
(2.70236 -0.208826 0)
(2.70978 -0.210003 0)
(2.71615 -0.211791 0)
(2.72276 -0.213694 0)
(2.72895 -0.21542 0)
(2.7343 -0.217335 0)
(2.73619 -0.220485 0)
(2.73374 -0.221582 0)
(2.72749 -0.21547 0)
(2.72401 -0.206351 0)
(2.72746 -0.201773 0)
(2.73279 -0.200098 0)
(2.73766 -0.199817 0)
(2.74246 -0.20063 0)
(2.74737 -0.201853 0)
(2.75225 -0.203776 0)
(2.75662 -0.205971 0)
(2.76031 -0.207944 0)
(2.76231 -0.21093 0)
(2.76107 -0.217122 0)
(2.75922 -0.221434 0)
(2.76134 -0.219572 0)
(2.76455 -0.21559 0)
(2.76802 -0.210365 0)
(2.77062 -0.204678 0)
(2.77106 -0.199858 0)
(2.77037 -0.197611 0)
(2.77169 -0.197117 0)
(2.77674 -0.19877 0)
(2.78094 -0.200499 0)
(2.78585 -0.202282 0)
(2.79052 -0.203977 0)
(2.79283 -0.206118 0)
(2.79334 -0.208334 0)
(2.79522 -0.208934 0)
(2.79912 -0.208793 0)
(2.80307 -0.208401 0)
(2.80492 -0.205352 0)
(2.80385 -0.19915 0)
(2.80404 -0.19369 0)
(2.8065 -0.191677 0)
(2.80956 -0.192046 0)
(2.81026 -0.194937 0)
(2.81385 -0.19785 0)
(2.81924 -0.198851 0)
(2.82376 -0.199905 0)
(2.82732 -0.199723 0)
(2.83139 -0.198798 0)
(2.8353 -0.198056 0)
(2.83558 -0.195255 0)
(2.82815 -0.189814 0)
(2.82514 -0.187356 0)
(2.82914 -0.187764 0)
(2.83249 -0.189142 0)
(2.83752 -0.189974 0)
(2.8441 -0.19024 0)
(2.84955 -0.190689 0)
(2.85374 -0.191512 0)
(2.85694 -0.192447 0)
(2.85898 -0.192738 0)
(2.86157 -0.191375 0)
(2.8644 -0.189096 0)
(2.86611 -0.186808 0)
(2.86407 -0.18459 0)
(2.85885 -0.184124 0)
(2.85349 -0.183862 0)
(2.85397 -0.182501 0)
(2.85807 -0.181956 0)
(2.85921 -0.178619 0)
(2.85695 -0.165889 0)
(2.84905 -0.138991 0)
(2.81029 -0.0151058 0)
(2.49574 -0.226429 0)
(2.50364 -0.225655 0)
(2.51112 -0.221867 0)
(2.51638 -0.21573 0)
(2.51746 -0.209069 0)
(2.51668 -0.205861 0)
(2.51767 -0.207065 0)
(2.51931 -0.210231 0)
(2.52092 -0.214275 0)
(2.5284 -0.217264 0)
(2.53612 -0.218642 0)
(2.5429 -0.218324 0)
(2.5495 -0.21563 0)
(2.5549 -0.211659 0)
(2.55821 -0.208937 0)
(2.55961 -0.208643 0)
(2.56189 -0.209283 0)
(2.56473 -0.211253 0)
(2.56687 -0.214812 0)
(2.57047 -0.217068 0)
(2.57748 -0.216923 0)
(2.58447 -0.215162 0)
(2.59112 -0.213337 0)
(2.59689 -0.211489 0)
(2.60071 -0.20912 0)
(2.602 -0.206055 0)
(2.60345 -0.204489 0)
(2.60661 -0.205474 0)
(2.61078 -0.206921 0)
(2.61437 -0.208298 0)
(2.61543 -0.209932 0)
(2.61452 -0.21133 0)
(2.61594 -0.212044 0)
(2.62088 -0.212198 0)
(2.62653 -0.211771 0)
(2.63198 -0.211548 0)
(2.63757 -0.212339 0)
(2.64367 -0.213437 0)
(2.65035 -0.214084 0)
(2.65699 -0.214397 0)
(2.66168 -0.215225 0)
(2.65863 -0.214444 0)
(2.65099 -0.209609 0)
(2.65204 -0.205001 0)
(2.65699 -0.202497 0)
(2.66269 -0.200935 0)
(2.66933 -0.200198 0)
(2.67553 -0.200166 0)
(2.6821 -0.202016 0)
(2.68849 -0.205475 0)
(2.69535 -0.209002 0)
(2.70087 -0.212005 0)
(2.70313 -0.214118 0)
(2.69944 -0.210779 0)
(2.69212 -0.201267 0)
(2.69007 -0.195356 0)
(2.69417 -0.194526 0)
(2.69966 -0.194829 0)
(2.7057 -0.195601 0)
(2.71223 -0.196898 0)
(2.7183 -0.199405 0)
(2.72385 -0.202005 0)
(2.72917 -0.203095 0)
(2.7332 -0.203847 0)
(2.73512 -0.206175 0)
(2.73578 -0.206926 0)
(2.73467 -0.201817 0)
(2.73168 -0.192879 0)
(2.73021 -0.18715 0)
(2.73389 -0.185743 0)
(2.7393 -0.186172 0)
(2.74412 -0.18744 0)
(2.74862 -0.189436 0)
(2.75274 -0.192377 0)
(2.7561 -0.19551 0)
(2.75704 -0.199184 0)
(2.75593 -0.202821 0)
(2.76126 -0.203768 0)
(2.76618 -0.203372 0)
(2.7713 -0.201345 0)
(2.776 -0.199996 0)
(2.78011 -0.197438 0)
(2.78077 -0.193435 0)
(2.77614 -0.188407 0)
(2.77181 -0.184395 0)
(2.77643 -0.184053 0)
(2.78174 -0.185642 0)
(2.78548 -0.188321 0)
(2.78866 -0.19126 0)
(2.79145 -0.19323 0)
(2.7941 -0.194482 0)
(2.79839 -0.194092 0)
(2.80255 -0.192703 0)
(2.80666 -0.19095 0)
(2.80974 -0.188601 0)
(2.80906 -0.185158 0)
(2.8047 -0.182456 0)
(2.80241 -0.181894 0)
(2.8042 -0.182394 0)
(2.80973 -0.183427 0)
(2.8149 -0.184372 0)
(2.81863 -0.185223 0)
(2.82171 -0.186438 0)
(2.82565 -0.186715 0)
(2.83048 -0.186647 0)
(2.83583 -0.187076 0)
(2.84033 -0.187782 0)
(2.83927 -0.183881 0)
(2.83162 -0.17598 0)
(2.82757 -0.175294 0)
(2.82982 -0.17783 0)
(2.83376 -0.179056 0)
(2.83818 -0.180512 0)
(2.84272 -0.181123 0)
(2.84805 -0.180635 0)
(2.85294 -0.180191 0)
(2.85797 -0.180346 0)
(2.86301 -0.180564 0)
(2.86821 -0.180345 0)
(2.87177 -0.178891 0)
(2.87035 -0.175705 0)
(2.86254 -0.173878 0)
(2.85335 -0.17444 0)
(2.85382 -0.172951 0)
(2.86027 -0.17299 0)
(2.86197 -0.173027 0)
(2.86602 -0.172051 0)
(2.87004 -0.169953 0)
(2.86895 -0.142909 0)
(2.49804 -0.207449 0)
(2.50758 -0.207456 0)
(2.51556 -0.207437 0)
(2.52332 -0.206052 0)
(2.52691 -0.201715 0)
(2.52424 -0.196156 0)
(2.5201 -0.1949 0)
(2.51867 -0.197894 0)
(2.52224 -0.199835 0)
(2.52908 -0.199204 0)
(2.53618 -0.198494 0)
(2.54404 -0.198554 0)
(2.55263 -0.19842 0)
(2.5605 -0.198598 0)
(2.56574 -0.197959 0)
(2.56465 -0.196777 0)
(2.56083 -0.197652 0)
(2.56014 -0.201134 0)
(2.56452 -0.203135 0)
(2.57228 -0.203104 0)
(2.57868 -0.201099 0)
(2.58477 -0.198345 0)
(2.59068 -0.195541 0)
(2.59574 -0.192944 0)
(2.60012 -0.190843 0)
(2.60415 -0.189562 0)
(2.60666 -0.189522 0)
(2.60927 -0.191904 0)
(2.61316 -0.195036 0)
(2.61731 -0.198096 0)
(2.61892 -0.20035 0)
(2.61614 -0.200721 0)
(2.61929 -0.200659 0)
(2.62593 -0.199885 0)
(2.63165 -0.198967 0)
(2.63651 -0.197499 0)
(2.64147 -0.19699 0)
(2.64786 -0.198124 0)
(2.65346 -0.199605 0)
(2.65851 -0.20129 0)
(2.66152 -0.203255 0)
(2.65987 -0.203925 0)
(2.65428 -0.199603 0)
(2.65467 -0.19485 0)
(2.66175 -0.192176 0)
(2.6677 -0.189167 0)
(2.67295 -0.186349 0)
(2.67942 -0.186075 0)
(2.68671 -0.187699 0)
(2.69264 -0.191555 0)
(2.69742 -0.195247 0)
(2.70169 -0.197457 0)
(2.70438 -0.198549 0)
(2.70454 -0.199399 0)
(2.70222 -0.196801 0)
(2.70025 -0.190753 0)
(2.70073 -0.184934 0)
(2.70329 -0.181561 0)
(2.70873 -0.179728 0)
(2.71592 -0.179475 0)
(2.72185 -0.180848 0)
(2.72697 -0.184146 0)
(2.73124 -0.18698 0)
(2.73513 -0.187988 0)
(2.7386 -0.188133 0)
(2.74134 -0.189289 0)
(2.74272 -0.190305 0)
(2.74147 -0.187129 0)
(2.73852 -0.180522 0)
(2.73622 -0.174451 0)
(2.73841 -0.172705 0)
(2.74427 -0.173375 0)
(2.74982 -0.175241 0)
(2.75455 -0.17776 0)
(2.75662 -0.181616 0)
(2.75425 -0.187454 0)
(2.75831 -0.190383 0)
(2.76368 -0.190325 0)
(2.76839 -0.188057 0)
(2.77414 -0.18569 0)
(2.77961 -0.184846 0)
(2.78456 -0.184781 0)
(2.78747 -0.184448 0)
(2.78534 -0.1816 0)
(2.77847 -0.176336 0)
(2.77287 -0.173584 0)
(2.77674 -0.174459 0)
(2.78284 -0.175843 0)
(2.78839 -0.178443 0)
(2.79236 -0.181533 0)
(2.79685 -0.182056 0)
(2.80144 -0.181173 0)
(2.80645 -0.180185 0)
(2.81209 -0.179225 0)
(2.81709 -0.177753 0)
(2.81712 -0.174706 0)
(2.80965 -0.171433 0)
(2.80326 -0.170388 0)
(2.8049 -0.170895 0)
(2.80835 -0.171414 0)
(2.81264 -0.17227 0)
(2.81882 -0.173394 0)
(2.82453 -0.174502 0)
(2.8295 -0.175163 0)
(2.83444 -0.175587 0)
(2.83892 -0.175812 0)
(2.84212 -0.17525 0)
(2.84289 -0.172777 0)
(2.83918 -0.167947 0)
(2.83426 -0.164075 0)
(2.83283 -0.164045 0)
(2.83258 -0.166237 0)
(2.83517 -0.168091 0)
(2.84068 -0.168719 0)
(2.84504 -0.168541 0)
(2.85025 -0.167222 0)
(2.85422 -0.166335 0)
(2.85933 -0.16605 0)
(2.86483 -0.165356 0)
(2.86901 -0.164502 0)
(2.86855 -0.163709 0)
(2.85987 -0.163572 0)
(2.85457 -0.164034 0)
(2.85705 -0.163801 0)
(2.86108 -0.16339 0)
(2.86586 -0.163697 0)
(2.8716 -0.163274 0)
(2.87607 -0.16287 0)
(2.88006 -0.16034 0)
(2.49806 -0.188211 0)
(2.50745 -0.18856 0)
(2.51596 -0.189213 0)
(2.52442 -0.189979 0)
(2.53155 -0.190413 0)
(2.53103 -0.188568 0)
(2.52273 -0.186922 0)
(2.52192 -0.188426 0)
(2.52916 -0.188247 0)
(2.5359 -0.186579 0)
(2.54229 -0.184283 0)
(2.54814 -0.182169 0)
(2.55389 -0.18123 0)
(2.5599 -0.1812 0)
(2.5652 -0.181279 0)
(2.56612 -0.182334 0)
(2.55996 -0.186251 0)
(2.56068 -0.189649 0)
(2.5688 -0.190466 0)
(2.57561 -0.188935 0)
(2.58294 -0.187117 0)
(2.59077 -0.186067 0)
(2.59802 -0.184631 0)
(2.60383 -0.181718 0)
(2.60734 -0.17751 0)
(2.60762 -0.174376 0)
(2.60566 -0.174756 0)
(2.60546 -0.177747 0)
(2.60831 -0.182124 0)
(2.61228 -0.186308 0)
(2.61611 -0.189636 0)
(2.61873 -0.190314 0)
(2.62019 -0.186882 0)
(2.62445 -0.184255 0)
(2.6323 -0.183643 0)
(2.64017 -0.183483 0)
(2.64626 -0.182617 0)
(2.65149 -0.182662 0)
(2.65668 -0.184205 0)
(2.66088 -0.186489 0)
(2.66294 -0.189371 0)
(2.66214 -0.192594 0)
(2.66038 -0.19127 0)
(2.66205 -0.184804 0)
(2.66483 -0.177941 0)
(2.6677 -0.173701 0)
(2.67162 -0.172642 0)
(2.67602 -0.173014 0)
(2.68045 -0.174172 0)
(2.68594 -0.176317 0)
(2.6916 -0.1795 0)
(2.69572 -0.183233 0)
(2.69923 -0.186147 0)
(2.70299 -0.188048 0)
(2.70687 -0.189643 0)
(2.70922 -0.187559 0)
(2.7092 -0.180735 0)
(2.70735 -0.172758 0)
(2.7068 -0.167958 0)
(2.70875 -0.166651 0)
(2.71412 -0.167737 0)
(2.72018 -0.170029 0)
(2.72548 -0.172556 0)
(2.73087 -0.174433 0)
(2.73632 -0.175318 0)
(2.74127 -0.175898 0)
(2.74529 -0.176792 0)
(2.74855 -0.177535 0)
(2.74966 -0.175161 0)
(2.74734 -0.168727 0)
(2.74341 -0.162325 0)
(2.74281 -0.16089 0)
(2.74568 -0.163674 0)
(2.7491 -0.167746 0)
(2.75118 -0.171514 0)
(2.75226 -0.174751 0)
(2.75763 -0.175669 0)
(2.76256 -0.175499 0)
(2.76869 -0.174419 0)
(2.77441 -0.172827 0)
(2.77918 -0.170723 0)
(2.78301 -0.168462 0)
(2.78638 -0.16632 0)
(2.78775 -0.164254 0)
(2.78291 -0.162173 0)
(2.7752 -0.161587 0)
(2.77517 -0.163054 0)
(2.77837 -0.165263 0)
(2.78257 -0.167218 0)
(2.7882 -0.168176 0)
(2.79308 -0.168169 0)
(2.79796 -0.167703 0)
(2.8035 -0.167642 0)
(2.80955 -0.167488 0)
(2.81546 -0.166467 0)
(2.81922 -0.165152 0)
(2.81599 -0.162818 0)
(2.80746 -0.159571 0)
(2.80551 -0.158502 0)
(2.80935 -0.159443 0)
(2.81408 -0.160465 0)
(2.81913 -0.161175 0)
(2.82367 -0.161572 0)
(2.82812 -0.161851 0)
(2.83262 -0.16185 0)
(2.83698 -0.161113 0)
(2.8407 -0.159572 0)
(2.84315 -0.157631 0)
(2.84123 -0.15542 0)
(2.83261 -0.154473 0)
(2.82799 -0.154528 0)
(2.83397 -0.155128 0)
(2.83909 -0.155639 0)
(2.84259 -0.155997 0)
(2.8468 -0.156128 0)
(2.85312 -0.15563 0)
(2.85648 -0.155646 0)
(2.86238 -0.156023 0)
(2.86831 -0.156184 0)
(2.87322 -0.156406 0)
(2.87309 -0.156144 0)
(2.86212 -0.154239 0)
(2.85266 -0.152534 0)
(2.85386 -0.151756 0)
(2.8575 -0.15218 0)
(2.86271 -0.152389 0)
(2.86782 -0.152526 0)
(2.87223 -0.152135 0)
(2.87849 -0.151211 0)
(2.4957 -0.17044 0)
(2.50576 -0.171578 0)
(2.5145 -0.173137 0)
(2.52347 -0.174992 0)
(2.53138 -0.177588 0)
(2.53315 -0.180764 0)
(2.52611 -0.181002 0)
(2.52453 -0.176077 0)
(2.52969 -0.171938 0)
(2.53681 -0.169668 0)
(2.54464 -0.168128 0)
(2.55217 -0.16709 0)
(2.55948 -0.16642 0)
(2.56525 -0.166245 0)
(2.56747 -0.167185 0)
(2.56284 -0.170454 0)
(2.55805 -0.174546 0)
(2.56327 -0.174792 0)
(2.56938 -0.173179 0)
(2.57692 -0.171694 0)
(2.58501 -0.170774 0)
(2.59311 -0.169751 0)
(2.60092 -0.168234 0)
(2.60788 -0.16659 0)
(2.61307 -0.164947 0)
(2.61404 -0.163068 0)
(2.60985 -0.161511 0)
(2.60774 -0.162842 0)
(2.61008 -0.166551 0)
(2.61336 -0.170903 0)
(2.61654 -0.174809 0)
(2.62108 -0.176977 0)
(2.62646 -0.177144 0)
(2.63257 -0.174595 0)
(2.63812 -0.170251 0)
(2.64206 -0.166667 0)
(2.64545 -0.165849 0)
(2.64896 -0.166953 0)
(2.6529 -0.168905 0)
(2.65613 -0.171732 0)
(2.65717 -0.174677 0)
(2.65881 -0.175938 0)
(2.66404 -0.176122 0)
(2.66919 -0.175266 0)
(2.67396 -0.172467 0)
(2.67693 -0.167672 0)
(2.67701 -0.162452 0)
(2.67675 -0.159525 0)
(2.67848 -0.159272 0)
(2.68162 -0.161108 0)
(2.68672 -0.164047 0)
(2.69337 -0.166731 0)
(2.69935 -0.169275 0)
(2.70431 -0.170811 0)
(2.70924 -0.171093 0)
(2.71471 -0.171361 0)
(2.71695 -0.168823 0)
(2.71522 -0.163366 0)
(2.71096 -0.157634 0)
(2.70951 -0.154621 0)
(2.71243 -0.154307 0)
(2.71915 -0.155705 0)
(2.7262 -0.157075 0)
(2.73258 -0.159009 0)
(2.73802 -0.161232 0)
(2.74298 -0.162374 0)
(2.74815 -0.161906 0)
(2.75287 -0.161322 0)
(2.7569 -0.161169 0)
(2.75755 -0.158947 0)
(2.75412 -0.154064 0)
(2.75033 -0.149841 0)
(2.75152 -0.149216 0)
(2.75414 -0.152359 0)
(2.75382 -0.157448 0)
(2.7532 -0.160379 0)
(2.75807 -0.161065 0)
(2.76298 -0.161385 0)
(2.76878 -0.16171 0)
(2.77589 -0.161358 0)
(2.78259 -0.159437 0)
(2.78773 -0.157963 0)
(2.79253 -0.156544 0)
(2.79518 -0.154995 0)
(2.79041 -0.152911 0)
(2.77907 -0.150787 0)
(2.77699 -0.151001 0)
(2.78127 -0.152261 0)
(2.78615 -0.153048 0)
(2.79084 -0.153339 0)
(2.79555 -0.153293 0)
(2.80072 -0.153437 0)
(2.80617 -0.153907 0)
(2.81137 -0.154609 0)
(2.81591 -0.15445 0)
(2.81764 -0.152324 0)
(2.81288 -0.149411 0)
(2.8061 -0.148105 0)
(2.80683 -0.147995 0)
(2.8119 -0.148531 0)
(2.8163 -0.148842 0)
(2.8206 -0.149062 0)
(2.82512 -0.149302 0)
(2.82957 -0.149527 0)
(2.83426 -0.149605 0)
(2.8391 -0.14922 0)
(2.84396 -0.148715 0)
(2.84781 -0.148235 0)
(2.8461 -0.146978 0)
(2.83508 -0.144194 0)
(2.82901 -0.141584 0)
(2.83396 -0.141183 0)
(2.83832 -0.141176 0)
(2.84241 -0.140982 0)
(2.84706 -0.141482 0)
(2.85259 -0.143473 0)
(2.85678 -0.144183 0)
(2.86213 -0.144976 0)
(2.86738 -0.14553 0)
(2.87154 -0.145765 0)
(2.87176 -0.14573 0)
(2.86458 -0.144602 0)
(2.85653 -0.141097 0)
(2.85623 -0.138537 0)
(2.86125 -0.138787 0)
(2.86676 -0.139181 0)
(2.87155 -0.139421 0)
(2.87585 -0.139453 0)
(2.88225 -0.139485 0)
(2.50123 -0.153361 0)
(2.5112 -0.154954 0)
(2.51888 -0.1581 0)
(2.52671 -0.162071 0)
(2.53306 -0.166365 0)
(2.53402 -0.171204 0)
(2.52985 -0.172816 0)
(2.53069 -0.168771 0)
(2.53636 -0.164441 0)
(2.54353 -0.160293 0)
(2.55107 -0.15629 0)
(2.55789 -0.153048 0)
(2.56439 -0.151911 0)
(2.57079 -0.152979 0)
(2.5722 -0.155052 0)
(2.56262 -0.157642 0)
(2.56272 -0.159105 0)
(2.56924 -0.159086 0)
(2.57612 -0.158842 0)
(2.58428 -0.15882 0)
(2.59252 -0.159045 0)
(2.60041 -0.159291 0)
(2.60794 -0.158456 0)
(2.61443 -0.156031 0)
(2.61886 -0.15309 0)
(2.61873 -0.150793 0)
(2.61168 -0.150218 0)
(2.60436 -0.153063 0)
(2.60507 -0.156149 0)
(2.6101 -0.158638 0)
(2.61848 -0.160476 0)
(2.62615 -0.161285 0)
(2.63331 -0.161348 0)
(2.64039 -0.160627 0)
(2.64714 -0.159388 0)
(2.65203 -0.156752 0)
(2.65341 -0.153598 0)
(2.6527 -0.152098 0)
(2.65392 -0.153616 0)
(2.6559 -0.156572 0)
(2.65795 -0.159481 0)
(2.66226 -0.160408 0)
(2.66783 -0.160003 0)
(2.67382 -0.160123 0)
(2.67975 -0.16043 0)
(2.68415 -0.159256 0)
(2.68553 -0.154989 0)
(2.68441 -0.149335 0)
(2.68262 -0.145949 0)
(2.68304 -0.146329 0)
(2.68647 -0.148254 0)
(2.6898 -0.150974 0)
(2.69353 -0.154359 0)
(2.69975 -0.156302 0)
(2.70638 -0.156929 0)
(2.71293 -0.157024 0)
(2.71957 -0.157601 0)
(2.72359 -0.156959 0)
(2.72031 -0.152505 0)
(2.7156 -0.146649 0)
(2.71693 -0.142624 0)
(2.72059 -0.14168 0)
(2.72361 -0.143152 0)
(2.72631 -0.14645 0)
(2.73139 -0.148806 0)
(2.73772 -0.149625 0)
(2.74383 -0.149643 0)
(2.7498 -0.14927 0)
(2.7554 -0.148644 0)
(2.7604 -0.148518 0)
(2.76204 -0.146357 0)
(2.75732 -0.142351 0)
(2.74866 -0.142042 0)
(2.74736 -0.144322 0)
(2.7529 -0.145683 0)
(2.75844 -0.146485 0)
(2.76266 -0.146397 0)
(2.76666 -0.146627 0)
(2.77006 -0.146774 0)
(2.7739 -0.145667 0)
(2.77896 -0.143559 0)
(2.78538 -0.142036 0)
(2.79211 -0.141488 0)
(2.79682 -0.141562 0)
(2.79338 -0.141733 0)
(2.78208 -0.141276 0)
(2.78081 -0.140529 0)
(2.78567 -0.140787 0)
(2.7899 -0.140926 0)
(2.79441 -0.140979 0)
(2.79919 -0.141175 0)
(2.80459 -0.141426 0)
(2.81009 -0.14179 0)
(2.81535 -0.14232 0)
(2.81991 -0.142849 0)
(2.82233 -0.14311 0)
(2.81849 -0.14175 0)
(2.80792 -0.138735 0)
(2.80327 -0.137335 0)
(2.80702 -0.13672 0)
(2.81158 -0.136762 0)
(2.81593 -0.136971 0)
(2.82053 -0.137213 0)
(2.82555 -0.137314 0)
(2.83044 -0.137449 0)
(2.83573 -0.137664 0)
(2.84103 -0.138136 0)
(2.84516 -0.138791 0)
(2.84454 -0.138797 0)
(2.83721 -0.136526 0)
(2.83309 -0.13073 0)
(2.83511 -0.129306 0)
(2.84101 -0.129569 0)
(2.84622 -0.129898 0)
(2.85149 -0.130834 0)
(2.85606 -0.131947 0)
(2.86052 -0.132795 0)
(2.86509 -0.133735 0)
(2.86964 -0.134834 0)
(2.87356 -0.136133 0)
(2.87405 -0.138046 0)
(2.86812 -0.13866 0)
(2.86097 -0.135049 0)
(2.86051 -0.131016 0)
(2.86583 -0.129105 0)
(2.87075 -0.129325 0)
(2.87541 -0.129364 0)
(2.8794 -0.12884 0)
(2.88603 -0.128993 0)
(2.49923 -0.136291 0)
(2.50794 -0.138108 0)
(2.51644 -0.141084 0)
(2.52341 -0.144355 0)
(2.52686 -0.150848 0)
(2.52668 -0.15719 0)
(2.53071 -0.158016 0)
(2.53775 -0.156105 0)
(2.54456 -0.151839 0)
(2.54981 -0.145537 0)
(2.55319 -0.139809 0)
(2.55724 -0.137618 0)
(2.56258 -0.137858 0)
(2.56681 -0.138789 0)
(2.56687 -0.141753 0)
(2.56218 -0.144002 0)
(2.56079 -0.142009 0)
(2.56754 -0.14123 0)
(2.57508 -0.141472 0)
(2.58281 -0.141849 0)
(2.59102 -0.142001 0)
(2.60004 -0.142057 0)
(2.60884 -0.142145 0)
(2.6171 -0.142531 0)
(2.62485 -0.142384 0)
(2.62731 -0.140521 0)
(2.61979 -0.138555 0)
(2.60794 -0.139907 0)
(2.6039 -0.142993 0)
(2.60896 -0.144826 0)
(2.6165 -0.145221 0)
(2.62402 -0.145209 0)
(2.63258 -0.144747 0)
(2.64111 -0.144163 0)
(2.64921 -0.144193 0)
(2.65647 -0.144223 0)
(2.66044 -0.14252 0)
(2.65844 -0.139442 0)
(2.65348 -0.139145 0)
(2.65144 -0.142125 0)
(2.65402 -0.14405 0)
(2.65895 -0.144709 0)
(2.66494 -0.14495 0)
(2.67202 -0.145045 0)
(2.67922 -0.145204 0)
(2.6859 -0.145339 0)
(2.69105 -0.144468 0)
(2.69271 -0.140901 0)
(2.69112 -0.135461 0)
(2.6885 -0.13189 0)
(2.68571 -0.133761 0)
(2.68904 -0.137812 0)
(2.69583 -0.140018 0)
(2.70133 -0.141497 0)
(2.70684 -0.142542 0)
(2.71265 -0.143343 0)
(2.71827 -0.143905 0)
(2.72295 -0.143312 0)
(2.72439 -0.1403 0)
(2.71939 -0.133793 0)
(2.71323 -0.129896 0)
(2.71369 -0.130041 0)
(2.71836 -0.131534 0)
(2.725 -0.13351 0)
(2.73107 -0.13488 0)
(2.7376 -0.135826 0)
(2.74404 -0.136295 0)
(2.75018 -0.136545 0)
(2.75589 -0.136068 0)
(2.76046 -0.134496 0)
(2.76254 -0.132534 0)
(2.75765 -0.131097 0)
(2.74716 -0.131202 0)
(2.74504 -0.131748 0)
(2.74914 -0.131222 0)
(2.75467 -0.130449 0)
(2.76046 -0.130233 0)
(2.76604 -0.130374 0)
(2.77174 -0.131107 0)
(2.77989 -0.131723 0)
(2.78419 -0.131791 0)
(2.78988 -0.131888 0)
(2.79646 -0.132163 0)
(2.80123 -0.13311 0)
(2.79828 -0.133241 0)
(2.78518 -0.130487 0)
(2.7783 -0.128744 0)
(2.78122 -0.127858 0)
(2.7856 -0.127689 0)
(2.79014 -0.127831 0)
(2.79516 -0.128245 0)
(2.8006 -0.128817 0)
(2.80648 -0.129452 0)
(2.81237 -0.130128 0)
(2.81769 -0.130646 0)
(2.82155 -0.130832 0)
(2.822 -0.130696 0)
(2.81486 -0.128961 0)
(2.80693 -0.125206 0)
(2.80875 -0.122904 0)
(2.81306 -0.12219 0)
(2.81788 -0.122059 0)
(2.82304 -0.122181 0)
(2.82841 -0.122662 0)
(2.83356 -0.123056 0)
(2.8387 -0.123815 0)
(2.84312 -0.124956 0)
(2.84609 -0.126247 0)
(2.84565 -0.126402 0)
(2.8398 -0.123334 0)
(2.83274 -0.118389 0)
(2.83082 -0.117951 0)
(2.83647 -0.118671 0)
(2.84157 -0.119264 0)
(2.84639 -0.120486 0)
(2.85117 -0.121398 0)
(2.85608 -0.12208 0)
(2.86089 -0.122795 0)
(2.86511 -0.124096 0)
(2.86798 -0.125847 0)
(2.86886 -0.125767 0)
(2.86664 -0.123858 0)
(2.863 -0.121258 0)
(2.86072 -0.119291 0)
(2.86258 -0.118041 0)
(2.86746 -0.117386 0)
(2.87181 -0.117383 0)
(2.8753 -0.117283 0)
(2.88207 -0.117517 0)
(2.50278 -0.120443 0)
(2.51026 -0.122498 0)
(2.51696 -0.124447 0)
(2.51885 -0.13101 0)
(2.51962 -0.138089 0)
(2.5279 -0.140663 0)
(2.53573 -0.140817 0)
(2.5441 -0.139224 0)
(2.55189 -0.138169 0)
(2.55894 -0.136449 0)
(2.5624 -0.132872 0)
(2.56261 -0.128898 0)
(2.56195 -0.127068 0)
(2.5614 -0.128279 0)
(2.56022 -0.130233 0)
(2.56045 -0.131378 0)
(2.56437 -0.13003 0)
(2.57144 -0.128111 0)
(2.57993 -0.127804 0)
(2.58758 -0.12822 0)
(2.59553 -0.128496 0)
(2.60421 -0.128071 0)
(2.6115 -0.128056 0)
(2.61967 -0.128495 0)
(2.62767 -0.128832 0)
(2.63194 -0.128477 0)
(2.62361 -0.12719 0)
(2.60808 -0.127709 0)
(2.60989 -0.129957 0)
(2.6163 -0.130991 0)
(2.62256 -0.131499 0)
(2.62926 -0.131984 0)
(2.63588 -0.132077 0)
(2.64228 -0.130997 0)
(2.64843 -0.129102 0)
(2.65457 -0.127518 0)
(2.66028 -0.126527 0)
(2.66233 -0.125451 0)
(2.65544 -0.12524 0)
(2.65425 -0.127753 0)
(2.66036 -0.129935 0)
(2.66528 -0.131291 0)
(2.6706 -0.132685 0)
(2.676 -0.133222 0)
(2.68163 -0.132191 0)
(2.68758 -0.130425 0)
(2.69327 -0.128408 0)
(2.69644 -0.125468 0)
(2.69394 -0.121791 0)
(2.68707 -0.120422 0)
(2.68623 -0.121443 0)
(2.69235 -0.123247 0)
(2.69813 -0.124358 0)
(2.70378 -0.125717 0)
(2.70945 -0.127492 0)
(2.71504 -0.128707 0)
(2.72038 -0.129283 0)
(2.72513 -0.129158 0)
(2.72842 -0.12784 0)
(2.7261 -0.123639 0)
(2.7171 -0.118368 0)
(2.71395 -0.117191 0)
(2.71916 -0.1185 0)
(2.72475 -0.11985 0)
(2.73114 -0.121219 0)
(2.73774 -0.121831 0)
(2.74407 -0.122318 0)
(2.75044 -0.122898 0)
(2.75699 -0.123638 0)
(2.76355 -0.124693 0)
(2.76751 -0.125119 0)
(2.76288 -0.124021 0)
(2.75085 -0.121205 0)
(2.74813 -0.118946 0)
(2.75201 -0.117465 0)
(2.75772 -0.116245 0)
(2.7635 -0.115598 0)
(2.76877 -0.114978 0)
(2.77414 -0.114704 0)
(2.77885 -0.115604 0)
(2.7842 -0.11703 0)
(2.79031 -0.118915 0)
(2.79593 -0.120298 0)
(2.79925 -0.121122 0)
(2.79764 -0.122039 0)
(2.78971 -0.1212 0)
(2.78258 -0.116977 0)
(2.78399 -0.113603 0)
(2.78851 -0.112378 0)
(2.79371 -0.112318 0)
(2.79874 -0.112873 0)
(2.80385 -0.113968 0)
(2.80918 -0.115011 0)
(2.81473 -0.115858 0)
(2.82014 -0.116782 0)
(2.82462 -0.118183 0)
(2.82629 -0.119364 0)
(2.82167 -0.118281 0)
(2.81413 -0.114776 0)
(2.81689 -0.112853 0)
(2.82074 -0.112298 0)
(2.82407 -0.111578 0)
(2.82822 -0.111738 0)
(2.83285 -0.112141 0)
(2.83844 -0.11262 0)
(2.84347 -0.113 0)
(2.84726 -0.113562 0)
(2.8493 -0.114455 0)
(2.84952 -0.115201 0)
(2.84689 -0.113768 0)
(2.83935 -0.108686 0)
(2.83277 -0.104939 0)
(2.83637 -0.105382 0)
(2.84139 -0.106229 0)
(2.84559 -0.10754 0)
(2.85002 -0.10856 0)
(2.85467 -0.109372 0)
(2.85921 -0.110011 0)
(2.86333 -0.1106 0)
(2.86681 -0.111865 0)
(2.8692 -0.112462 0)
(2.87004 -0.112287 0)
(2.86934 -0.112651 0)
(2.86755 -0.111467 0)
(2.86644 -0.10726 0)
(2.86878 -0.104569 0)
(2.87328 -0.103536 0)
(2.87675 -0.103707 0)
(2.88249 -0.104087 0)
(2.50604 -0.103382 0)
(2.50713 -0.105889 0)
(2.50854 -0.113126 0)
(2.51108 -0.11928 0)
(2.51909 -0.121694 0)
(2.52614 -0.121846 0)
(2.53381 -0.121034 0)
(2.54256 -0.120562 0)
(2.55149 -0.120482 0)
(2.56006 -0.120211 0)
(2.56681 -0.119536 0)
(2.5685 -0.117522 0)
(2.56511 -0.116108 0)
(2.55985 -0.117524 0)
(2.55666 -0.119157 0)
(2.55949 -0.118589 0)
(2.56735 -0.116885 0)
(2.57493 -0.114108 0)
(2.5822 -0.112115 0)
(2.59023 -0.111601 0)
(2.59867 -0.11145 0)
(2.60763 -0.112435 0)
(2.61592 -0.114273 0)
(2.62397 -0.116007 0)
(2.63188 -0.118038 0)
(2.63699 -0.120184 0)
(2.63021 -0.120329 0)
(2.61284 -0.117027 0)
(2.60919 -0.114447 0)
(2.61549 -0.114157 0)
(2.62262 -0.114477 0)
(2.62977 -0.115095 0)
(2.63803 -0.115955 0)
(2.64596 -0.116615 0)
(2.65268 -0.116878 0)
(2.65998 -0.11674 0)
(2.66559 -0.115958 0)
(2.66469 -0.115274 0)
(2.65563 -0.115242 0)
(2.65273 -0.115356 0)
(2.65751 -0.115547 0)
(2.66383 -0.115745 0)
(2.67033 -0.115951 0)
(2.67754 -0.116203 0)
(2.68544 -0.116211 0)
(2.69134 -0.11603 0)
(2.69808 -0.115764 0)
(2.70291 -0.114765 0)
(2.69866 -0.112166 0)
(2.68899 -0.110768 0)
(2.69082 -0.109917 0)
(2.69659 -0.109847 0)
(2.70235 -0.110415 0)
(2.70817 -0.111644 0)
(2.71398 -0.113294 0)
(2.71915 -0.11432 0)
(2.72454 -0.114458 0)
(2.73008 -0.114554 0)
(2.73461 -0.114796 0)
(2.73335 -0.113508 0)
(2.72364 -0.109757 0)
(2.71845 -0.106486 0)
(2.72205 -0.105756 0)
(2.72733 -0.10693 0)
(2.73391 -0.10801 0)
(2.74053 -0.108767 0)
(2.74711 -0.109649 0)
(2.75366 -0.110561 0)
(2.76026 -0.111666 0)
(2.76644 -0.113172 0)
(2.77015 -0.115317 0)
(2.76502 -0.116919 0)
(2.75331 -0.114334 0)
(2.75321 -0.109128 0)
(2.75657 -0.105546 0)
(2.76077 -0.102988 0)
(2.76664 -0.101533 0)
(2.77268 -0.100988 0)
(2.77845 -0.101264 0)
(2.78418 -0.102993 0)
(2.78919 -0.105317 0)
(2.79409 -0.107186 0)
(2.79862 -0.10843 0)
(2.8014 -0.109407 0)
(2.79982 -0.111604 0)
(2.79345 -0.114624 0)
(2.78858 -0.11236 0)
(2.79068 -0.107339 0)
(2.79463 -0.103344 0)
(2.7985 -0.101403 0)
(2.80364 -0.101545 0)
(2.80874 -0.102441 0)
(2.81362 -0.103587 0)
(2.81874 -0.104498 0)
(2.82381 -0.105317 0)
(2.82773 -0.106437 0)
(2.829 -0.107848 0)
(2.82595 -0.108521 0)
(2.82004 -0.104022 0)
(2.81696 -0.0975516 0)
(2.81904 -0.0954922 0)
(2.82329 -0.0963427 0)
(2.8273 -0.0979588 0)
(2.83111 -0.0995753 0)
(2.83534 -0.100647 0)
(2.83954 -0.101246 0)
(2.84305 -0.101566 0)
(2.84557 -0.10164 0)
(2.84731 -0.101837 0)
(2.8479 -0.102775 0)
(2.84648 -0.101622 0)
(2.84202 -0.0967531 0)
(2.84153 -0.0942757 0)
(2.84642 -0.0951462 0)
(2.8503 -0.0962895 0)
(2.85411 -0.0972421 0)
(2.85806 -0.0979702 0)
(2.86172 -0.0982965 0)
(2.86451 -0.0980428 0)
(2.86635 -0.0990393 0)
(2.8669 -0.101485 0)
(2.86681 -0.102473 0)
(2.86729 -0.103391 0)
(2.87008 -0.103422 0)
(2.87308 -0.100976 0)
(2.8753 -0.0967914 0)
(2.87767 -0.0931368 0)
(2.88048 -0.0928835 0)
(2.88583 -0.0931814 0)
(2.50735 -0.0951872 0)
(2.5003 -0.100572 0)
(2.50439 -0.103859 0)
(2.51351 -0.104911 0)
(2.5218 -0.105111 0)
(2.53061 -0.105626 0)
(2.54036 -0.106826 0)
(2.54819 -0.107351 0)
(2.5558 -0.106928 0)
(2.56241 -0.105215 0)
(2.56785 -0.10327 0)
(2.56912 -0.103744 0)
(2.5635 -0.106608 0)
(2.55752 -0.109666 0)
(2.56016 -0.109935 0)
(2.56603 -0.106203 0)
(2.57035 -0.101025 0)
(2.57302 -0.0972243 0)
(2.57775 -0.0959852 0)
(2.58559 -0.0961334 0)
(2.59336 -0.096935 0)
(2.6023 -0.0983622 0)
(2.61144 -0.100158 0)
(2.62006 -0.102071 0)
(2.62766 -0.104586 0)
(2.63253 -0.108104 0)
(2.63047 -0.111112 0)
(2.61961 -0.109414 0)
(2.61417 -0.103855 0)
(2.61772 -0.100436 0)
(2.62341 -0.0987344 0)
(2.6299 -0.0980774 0)
(2.63615 -0.0982245 0)
(2.64373 -0.0992259 0)
(2.65099 -0.100579 0)
(2.65824 -0.101877 0)
(2.66429 -0.10371 0)
(2.6636 -0.105804 0)
(2.65605 -0.105782 0)
(2.65443 -0.103191 0)
(2.65881 -0.100912 0)
(2.66399 -0.0991988 0)
(2.67011 -0.0979977 0)
(2.67647 -0.0977415 0)
(2.68337 -0.0989079 0)
(2.6902 -0.100218 0)
(2.69712 -0.101669 0)
(2.70247 -0.103086 0)
(2.70202 -0.104027 0)
(2.69332 -0.100551 0)
(2.68879 -0.0973155 0)
(2.69196 -0.096489 0)
(2.69723 -0.0968195 0)
(2.70309 -0.0975219 0)
(2.7086 -0.0982852 0)
(2.71466 -0.0994252 0)
(2.72039 -0.100201 0)
(2.72682 -0.100605 0)
(2.73284 -0.101001 0)
(2.73685 -0.101444 0)
(2.73306 -0.0989761 0)
(2.72211 -0.094245 0)
(2.7195 -0.0935247 0)
(2.7243 -0.0941391 0)
(2.73074 -0.0948629 0)
(2.73756 -0.095548 0)
(2.7442 -0.0964937 0)
(2.75064 -0.0977749 0)
(2.75675 -0.0994445 0)
(2.76191 -0.101654 0)
(2.76441 -0.103874 0)
(2.76224 -0.104178 0)
(2.75632 -0.100027 0)
(2.75253 -0.0938541 0)
(2.75418 -0.0906343 0)
(2.75857 -0.0891963 0)
(2.76361 -0.0885168 0)
(2.76881 -0.0883776 0)
(2.77412 -0.0889331 0)
(2.77957 -0.0901766 0)
(2.7847 -0.091862 0)
(2.78908 -0.09413 0)
(2.79283 -0.0966343 0)
(2.79531 -0.0986358 0)
(2.79419 -0.0993855 0)
(2.79065 -0.0988051 0)
(2.79036 -0.0963246 0)
(2.79156 -0.092985 0)
(2.79332 -0.0909541 0)
(2.79571 -0.0903676 0)
(2.79874 -0.0899842 0)
(2.80288 -0.0905168 0)
(2.80785 -0.0915141 0)
(2.81309 -0.0923495 0)
(2.81821 -0.0929072 0)
(2.82189 -0.0938512 0)
(2.82267 -0.0951807 0)
(2.821 -0.0947279 0)
(2.82073 -0.0926461 0)
(2.82252 -0.089614 0)
(2.82512 -0.0866605 0)
(2.82826 -0.0856858 0)
(2.83181 -0.0860009 0)
(2.83564 -0.0865274 0)
(2.83896 -0.086834 0)
(2.84195 -0.0870593 0)
(2.84448 -0.0876786 0)
(2.84577 -0.0890988 0)
(2.845 -0.0914699 0)
(2.84487 -0.0923542 0)
(2.84678 -0.0911352 0)
(2.84766 -0.0887581 0)
(2.84552 -0.0840827 0)
(2.8463 -0.0818316 0)
(2.85098 -0.0825521 0)
(2.85476 -0.0836264 0)
(2.85876 -0.0843753 0)
(2.86313 -0.0850792 0)
(2.86707 -0.0863418 0)
(2.87002 -0.087471 0)
(2.87027 -0.0890771 0)
(2.86729 -0.0905421 0)
(2.86728 -0.0901269 0)
(2.87057 -0.0879426 0)
(2.8743 -0.0843959 0)
(2.87728 -0.0820572 0)
(2.87788 -0.080698 0)
(2.87794 -0.0809712 0)
(2.88135 -0.0818345 0)
(2.5075 -0.0896668 0)
(2.49827 -0.090489 0)
(2.50542 -0.0905164 0)
(2.51295 -0.0895907 0)
(2.52085 -0.0883407 0)
(2.52937 -0.0876126 0)
(2.53824 -0.0877516 0)
(2.54763 -0.0886088 0)
(2.55613 -0.0894855 0)
(2.5644 -0.09041 0)
(2.5716 -0.0918844 0)
(2.57326 -0.0931702 0)
(2.56327 -0.0979091 0)
(2.55997 -0.099152 0)
(2.56621 -0.0957571 0)
(2.57231 -0.0922053 0)
(2.57813 -0.0887747 0)
(2.58052 -0.0845432 0)
(2.58024 -0.0800185 0)
(2.58627 -0.0790361 0)
(2.59391 -0.0799631 0)
(2.60149 -0.0820997 0)
(2.6094 -0.0842943 0)
(2.61668 -0.0875251 0)
(2.6228 -0.0909944 0)
(2.62639 -0.094423 0)
(2.62456 -0.0976309 0)
(2.61884 -0.0974675 0)
(2.61801 -0.0939494 0)
(2.62267 -0.0891684 0)
(2.62876 -0.0849073 0)
(2.6346 -0.0828203 0)
(2.64156 -0.0837571 0)
(2.64893 -0.0853545 0)
(2.65624 -0.0871859 0)
(2.66256 -0.0901373 0)
(2.66678 -0.0938644 0)
(2.66481 -0.0969075 0)
(2.65654 -0.0956565 0)
(2.6565 -0.0910262 0)
(2.66346 -0.0887481 0)
(2.66982 -0.0865539 0)
(2.67507 -0.0837813 0)
(2.6815 -0.083479 0)
(2.68847 -0.0847273 0)
(2.69459 -0.0867007 0)
(2.70027 -0.0886394 0)
(2.70437 -0.0905801 0)
(2.70403 -0.092191 0)
(2.69794 -0.0910457 0)
(2.69275 -0.0862294 0)
(2.69396 -0.0819858 0)
(2.69877 -0.0798875 0)
(2.705 -0.0791816 0)
(2.7109 -0.0793777 0)
(2.71684 -0.0809324 0)
(2.72272 -0.0829454 0)
(2.72855 -0.0841766 0)
(2.73414 -0.0853742 0)
(2.73838 -0.0865376 0)
(2.73852 -0.0868287 0)
(2.73049 -0.08447 0)
(2.72424 -0.0808929 0)
(2.72787 -0.0797358 0)
(2.73398 -0.0796331 0)
(2.74059 -0.0801063 0)
(2.74659 -0.0811119 0)
(2.752 -0.0826424 0)
(2.7568 -0.084637 0)
(2.76082 -0.0868715 0)
(2.76341 -0.0893506 0)
(2.76413 -0.0914649 0)
(2.7633 -0.091128 0)
(2.7615 -0.0874772 0)
(2.76088 -0.0817175 0)
(2.76258 -0.0776024 0)
(2.76589 -0.0756334 0)
(2.76971 -0.0748461 0)
(2.77366 -0.075096 0)
(2.77804 -0.0762379 0)
(2.78313 -0.0774539 0)
(2.78835 -0.0784681 0)
(2.79244 -0.0800538 0)
(2.79437 -0.0827069 0)
(2.79363 -0.0853507 0)
(2.79355 -0.0856059 0)
(2.79575 -0.0853422 0)
(2.79821 -0.0845248 0)
(2.7985 -0.0819735 0)
(2.79741 -0.0788744 0)
(2.79825 -0.0766417 0)
(2.8013 -0.076403 0)
(2.80571 -0.0778823 0)
(2.81066 -0.0791513 0)
(2.81557 -0.0794268 0)
(2.81988 -0.0792894 0)
(2.8221 -0.0799376 0)
(2.82263 -0.0796128 0)
(2.8229 -0.0774814 0)
(2.82377 -0.0754279 0)
(2.82446 -0.0746002 0)
(2.82476 -0.0746744 0)
(2.82617 -0.0752081 0)
(2.82923 -0.075282 0)
(2.83331 -0.0751802 0)
(2.8375 -0.0754477 0)
(2.84091 -0.0765102 0)
(2.84284 -0.0783151 0)
(2.84351 -0.0797888 0)
(2.84436 -0.0800213 0)
(2.84634 -0.0793035 0)
(2.84864 -0.0781829 0)
(2.84925 -0.0759274 0)
(2.8508 -0.0724013 0)
(2.85385 -0.0707805 0)
(2.85796 -0.071432 0)
(2.86177 -0.0733339 0)
(2.86607 -0.0743136 0)
(2.86989 -0.0746818 0)
(2.8686 -0.077195 0)
(2.86562 -0.0797121 0)
(2.8699 -0.0809612 0)
(2.87419 -0.0810028 0)
(2.8778 -0.0796135 0)
(2.88136 -0.0767547 0)
(2.88387 -0.074022 0)
(2.88244 -0.0694899 0)
(2.87946 -0.0671579 0)
(2.87976 -0.0690128 0)
(2.51157 -0.0824371 0)
(2.50102 -0.0776335 0)
(2.5077 -0.0757145 0)
(2.51619 -0.0750985 0)
(2.52532 -0.0744795 0)
(2.53603 -0.0731153 0)
(2.54721 -0.0715021 0)
(2.55557 -0.071574 0)
(2.56279 -0.0729444 0)
(2.57014 -0.0746525 0)
(2.57471 -0.07796 0)
(2.56771 -0.0848692 0)
(2.56094 -0.0892422 0)
(2.5671 -0.0874717 0)
(2.57296 -0.0838115 0)
(2.57923 -0.0799163 0)
(2.58496 -0.0763059 0)
(2.58727 -0.0723417 0)
(2.58679 -0.0674669 0)
(2.59168 -0.064391 0)
(2.59834 -0.0651343 0)
(2.6053 -0.0686893 0)
(2.61313 -0.0705006 0)
(2.62034 -0.0712865 0)
(2.6236 -0.0734116 0)
(2.62206 -0.0795054 0)
(2.61917 -0.0863568 0)
(2.62087 -0.087183 0)
(2.62566 -0.0826013 0)
(2.62981 -0.0757502 0)
(2.63157 -0.0697433 0)
(2.63317 -0.0681625 0)
(2.63933 -0.0690787 0)
(2.64615 -0.0710428 0)
(2.65278 -0.072978 0)
(2.6587 -0.0753553 0)
(2.66182 -0.0787867 0)
(2.65998 -0.0840989 0)
(2.65878 -0.0850537 0)
(2.66283 -0.0800832 0)
(2.66712 -0.0741118 0)
(2.67076 -0.0700239 0)
(2.67447 -0.0693216 0)
(2.67859 -0.0695703 0)
(2.68362 -0.0704899 0)
(2.68922 -0.0722622 0)
(2.69493 -0.0739568 0)
(2.69986 -0.0753977 0)
(2.70118 -0.0777678 0)
(2.70005 -0.0817253 0)
(2.70026 -0.0818102 0)
(2.70266 -0.077086 0)
(2.70692 -0.071357 0)
(2.71243 -0.0668216 0)
(2.71728 -0.0651869 0)
(2.72283 -0.0667577 0)
(2.72821 -0.0691232 0)
(2.73372 -0.0706698 0)
(2.73867 -0.0723081 0)
(2.74187 -0.0746881 0)
(2.74201 -0.0777147 0)
(2.73772 -0.0791139 0)
(2.7335 -0.0756505 0)
(2.73596 -0.0717508 0)
(2.741 -0.0690324 0)
(2.74595 -0.0678318 0)
(2.75148 -0.0681232 0)
(2.75644 -0.0689338 0)
(2.76057 -0.0705516 0)
(2.76359 -0.0728909 0)
(2.76542 -0.0750638 0)
(2.76651 -0.0765098 0)
(2.76737 -0.0781743 0)
(2.76759 -0.0787023 0)
(2.76748 -0.0749193 0)
(2.76864 -0.0698068 0)
(2.7713 -0.0662817 0)
(2.77509 -0.0641987 0)
(2.77873 -0.0630946 0)
(2.7816 -0.0627697 0)
(2.78354 -0.063103 0)
(2.78503 -0.0647686 0)
(2.78647 -0.068098 0)
(2.78759 -0.0712268 0)
(2.78837 -0.0736758 0)
(2.79044 -0.0743709 0)
(2.79478 -0.0739111 0)
(2.80006 -0.0738043 0)
(2.80387 -0.0740381 0)
(2.80419 -0.0721712 0)
(2.80413 -0.0683543 0)
(2.80694 -0.0656333 0)
(2.81002 -0.0649934 0)
(2.81284 -0.0657946 0)
(2.81673 -0.0668495 0)
(2.8206 -0.0675495 0)
(2.82426 -0.0675495 0)
(2.82677 -0.0673719 0)
(2.82899 -0.0674636 0)
(2.82965 -0.0652803 0)
(2.82841 -0.0622173 0)
(2.82627 -0.0604551 0)
(2.82673 -0.0608015 0)
(2.8301 -0.0618446 0)
(2.83438 -0.0626711 0)
(2.8387 -0.0635931 0)
(2.84238 -0.0649128 0)
(2.84481 -0.0664543 0)
(2.84623 -0.0677185 0)
(2.84767 -0.0682377 0)
(2.84952 -0.067912 0)
(2.85154 -0.0663646 0)
(2.8529 -0.0632693 0)
(2.85248 -0.0604378 0)
(2.85188 -0.0597125 0)
(2.85325 -0.0593089 0)
(2.8572 -0.0601636 0)
(2.86114 -0.0624371 0)
(2.86377 -0.0652042 0)
(2.86452 -0.0666999 0)
(2.86539 -0.0667359 0)
(2.86893 -0.0647801 0)
(2.87242 -0.0634904 0)
(2.87693 -0.062436 0)
(2.88123 -0.0615958 0)
(2.88463 -0.0617455 0)
(2.88543 -0.0606972 0)
(2.87957 -0.056843 0)
(2.87839 -0.0572019 0)
(2.51797 -0.0838862 0)
(2.51226 -0.0731616 0)
(2.51122 -0.0620196 0)
(2.51647 -0.0570632 0)
(2.5244 -0.0550448 0)
(2.53314 -0.0530999 0)
(2.54363 -0.0524447 0)
(2.55311 -0.0529011 0)
(2.56233 -0.0543096 0)
(2.56889 -0.057035 0)
(2.56811 -0.0653293 0)
(2.56088 -0.0730357 0)
(2.56178 -0.071514 0)
(2.56733 -0.0683278 0)
(2.57455 -0.0671114 0)
(2.58267 -0.0665651 0)
(2.58995 -0.0654198 0)
(2.59468 -0.0616971 0)
(2.59524 -0.0549387 0)
(2.59241 -0.0502867 0)
(2.5935 -0.0501808 0)
(2.6004 -0.0518669 0)
(2.60649 -0.0551901 0)
(2.6127 -0.057433 0)
(2.6162 -0.0615426 0)
(2.61511 -0.0680593 0)
(2.61987 -0.0710936 0)
(2.62696 -0.0712651 0)
(2.63344 -0.0696239 0)
(2.6395 -0.0666382 0)
(2.64155 -0.0614239 0)
(2.63865 -0.0551386 0)
(2.63956 -0.0534216 0)
(2.64665 -0.0558562 0)
(2.65317 -0.0576331 0)
(2.65819 -0.0594724 0)
(2.65718 -0.064796 0)
(2.65867 -0.0676999 0)
(2.66506 -0.067746 0)
(2.67062 -0.0661749 0)
(2.67613 -0.0638966 0)
(2.67967 -0.0607293 0)
(2.6798 -0.0571182 0)
(2.67991 -0.0543631 0)
(2.68336 -0.0535664 0)
(2.68902 -0.0541929 0)
(2.69386 -0.0566674 0)
(2.69634 -0.0620578 0)
(2.69661 -0.0658642 0)
(2.69831 -0.0665235 0)
(2.70429 -0.0656171 0)
(2.71028 -0.063504 0)
(2.71454 -0.0583839 0)
(2.7152 -0.0526664 0)
(2.71465 -0.0511879 0)
(2.71869 -0.0524794 0)
(2.72386 -0.0545766 0)
(2.72907 -0.0562381 0)
(2.73424 -0.0580296 0)
(2.7364 -0.0615388 0)
(2.73541 -0.0660307 0)
(2.7373 -0.0661622 0)
(2.74087 -0.0634166 0)
(2.74311 -0.0589509 0)
(2.74291 -0.0556703 0)
(2.74318 -0.0550866 0)
(2.74654 -0.0555112 0)
(2.75091 -0.0561783 0)
(2.75524 -0.0566301 0)
(2.75887 -0.0567932 0)
(2.76155 -0.0580667 0)
(2.76266 -0.0619341 0)
(2.76277 -0.0651662 0)
(2.76496 -0.0649946 0)
(2.7691 -0.0634692 0)
(2.77238 -0.0599274 0)
(2.7728 -0.054788 0)
(2.77248 -0.0503685 0)
(2.7751 -0.0480434 0)
(2.77949 -0.0476138 0)
(2.7842 -0.0483391 0)
(2.78845 -0.0494567 0)
(2.7904 -0.0518984 0)
(2.78925 -0.0574155 0)
(2.78878 -0.0614508 0)
(2.79216 -0.0623651 0)
(2.79686 -0.0616868 0)
(2.80097 -0.0604754 0)
(2.80417 -0.0594096 0)
(2.80605 -0.0580959 0)
(2.80592 -0.0553565 0)
(2.80445 -0.0529236 0)
(2.80524 -0.0526979 0)
(2.80885 -0.0531393 0)
(2.81283 -0.0539451 0)
(2.81615 -0.0552876 0)
(2.81838 -0.0562118 0)
(2.82098 -0.0555433 0)
(2.82534 -0.0534841 0)
(2.82938 -0.0525455 0)
(2.83239 -0.0516164 0)
(2.83269 -0.0504779 0)
(2.83215 -0.0503266 0)
(2.8341 -0.051229 0)
(2.83758 -0.052168 0)
(2.84138 -0.0533355 0)
(2.84468 -0.0548786 0)
(2.84708 -0.0562946 0)
(2.84902 -0.0568161 0)
(2.85123 -0.0567077 0)
(2.85406 -0.0562483 0)
(2.8569 -0.0549524 0)
(2.85795 -0.052783 0)
(2.85577 -0.0503156 0)
(2.85194 -0.0485107 0)
(2.85072 -0.0471197 0)
(2.85224 -0.0471975 0)
(2.85592 -0.0500041 0)
(2.86086 -0.0530104 0)
(2.86416 -0.0552311 0)
(2.86808 -0.0552006 0)
(2.87255 -0.0543147 0)
(2.87761 -0.0537127 0)
(2.88272 -0.0530033 0)
(2.88704 -0.0519437 0)
(2.88921 -0.0508662 0)
(2.88696 -0.0472019 0)
(2.88151 -0.0446375 0)
(2.87733 -0.046948 0)
(2.51944 -0.0718375 0)
(2.52437 -0.0679689 0)
(2.5276 -0.0586939 0)
(2.52758 -0.0462236 0)
(2.53173 -0.0393096 0)
(2.53922 -0.0371721 0)
(2.54668 -0.0387915 0)
(2.5554 -0.0414224 0)
(2.56348 -0.0431234 0)
(2.56341 -0.0488077 0)
(2.55811 -0.0570755 0)
(2.56349 -0.060027 0)
(2.57011 -0.0596603 0)
(2.57701 -0.0585718 0)
(2.58321 -0.0559623 0)
(2.5883 -0.0524942 0)
(2.59356 -0.0496659 0)
(2.59883 -0.0473209 0)
(2.60191 -0.0443839 0)
(2.59898 -0.0395659 0)
(2.59376 -0.034669 0)
(2.59684 -0.035239 0)
(2.60285 -0.040051 0)
(2.6073 -0.0463635 0)
(2.61095 -0.0513135 0)
(2.61507 -0.0536776 0)
(2.62251 -0.053565 0)
(2.62877 -0.0524164 0)
(2.63563 -0.0518706 0)
(2.64247 -0.051353 0)
(2.64697 -0.0503465 0)
(2.64732 -0.0466926 0)
(2.64642 -0.0413533 0)
(2.64749 -0.0403113 0)
(2.64971 -0.0447879 0)
(2.65006 -0.0505405 0)
(2.65243 -0.053165 0)
(2.6608 -0.0525697 0)
(2.66709 -0.0507306 0)
(2.67274 -0.0489835 0)
(2.6786 -0.0478765 0)
(2.68392 -0.0474915 0)
(2.68665 -0.0460313 0)
(2.68676 -0.0426232 0)
(2.68661 -0.0405116 0)
(2.68561 -0.0409965 0)
(2.68502 -0.0452556 0)
(2.6901 -0.0494416 0)
(2.69625 -0.0521027 0)
(2.70197 -0.0521403 0)
(2.70845 -0.0490378 0)
(2.71476 -0.0466697 0)
(2.72091 -0.0455277 0)
(2.72213 -0.0430099 0)
(2.71714 -0.0384674 0)
(2.71673 -0.0369055 0)
(2.72172 -0.0383646 0)
(2.72591 -0.0417366 0)
(2.72899 -0.0462896 0)
(2.73056 -0.0498521 0)
(2.73324 -0.0513966 0)
(2.73962 -0.0514126 0)
(2.74554 -0.0509837 0)
(2.75086 -0.0496836 0)
(2.75116 -0.0464097 0)
(2.74569 -0.0420256 0)
(2.74658 -0.0401938 0)
(2.751 -0.039983 0)
(2.7549 -0.0403302 0)
(2.75688 -0.0423188 0)
(2.7564 -0.0468912 0)
(2.75907 -0.0500653 0)
(2.76502 -0.0514103 0)
(2.77023 -0.0516141 0)
(2.7751 -0.0508927 0)
(2.7791 -0.0492561 0)
(2.77919 -0.0456926 0)
(2.77716 -0.0404798 0)
(2.77834 -0.0367759 0)
(2.7817 -0.0366968 0)
(2.7855 -0.0369653 0)
(2.7863 -0.0397111 0)
(2.78351 -0.0456036 0)
(2.78496 -0.0489198 0)
(2.79098 -0.049957 0)
(2.7966 -0.0503939 0)
(2.80194 -0.0503352 0)
(2.80677 -0.0498431 0)
(2.81026 -0.0486507 0)
(2.81182 -0.046661 0)
(2.81102 -0.0439866 0)
(2.80868 -0.0415686 0)
(2.80729 -0.040743 0)
(2.80738 -0.0413815 0)
(2.80907 -0.0422035 0)
(2.81213 -0.0425311 0)
(2.81607 -0.0424673 0)
(2.8207 -0.0418482 0)
(2.8247 -0.0410279 0)
(2.82818 -0.0407504 0)
(2.83039 -0.0403208 0)
(2.83014 -0.0399287 0)
(2.82825 -0.0401252 0)
(2.82847 -0.0408403 0)
(2.83137 -0.0421719 0)
(2.83476 -0.0436037 0)
(2.83789 -0.044813 0)
(2.84084 -0.045488 0)
(2.84394 -0.0453697 0)
(2.84729 -0.0443693 0)
(2.85053 -0.0423426 0)
(2.85349 -0.0399684 0)
(2.85635 -0.0386482 0)
(2.85752 -0.0378463 0)
(2.85494 -0.0370201 0)
(2.85021 -0.0370378 0)
(2.8471 -0.0393013 0)
(2.85003 -0.0420436 0)
(2.85498 -0.0432881 0)
(2.86003 -0.0437065 0)
(2.86483 -0.0436165 0)
(2.87003 -0.0432729 0)
(2.87553 -0.0427778 0)
(2.88071 -0.0415677 0)
(2.88465 -0.039402 0)
(2.88735 -0.0378341 0)
(2.88836 -0.0362868 0)
(2.88572 -0.0345934 0)
(2.88107 -0.0360991 0)
(2.52198 -0.0542 0)
(2.53066 -0.0532334 0)
(2.53859 -0.0495542 0)
(2.54311 -0.0395294 0)
(2.54352 -0.0264872 0)
(2.54116 -0.0198658 0)
(2.54292 -0.0211791 0)
(2.54887 -0.0259811 0)
(2.55298 -0.033173 0)
(2.55298 -0.0394898 0)
(2.55451 -0.041153 0)
(2.56174 -0.0399853 0)
(2.56912 -0.0389147 0)
(2.57739 -0.0382256 0)
(2.5859 -0.0381999 0)
(2.59403 -0.038035 0)
(2.60059 -0.0369409 0)
(2.60499 -0.0358281 0)
(2.60741 -0.0351371 0)
(2.60702 -0.0323998 0)
(2.60266 -0.0267098 0)
(2.59611 -0.0241435 0)
(2.59669 -0.0275571 0)
(2.60404 -0.0318471 0)
(2.61089 -0.03695 0)
(2.61783 -0.039301 0)
(2.62508 -0.0394136 0)
(2.63365 -0.039503 0)
(2.64161 -0.0396163 0)
(2.64618 -0.0365748 0)
(2.64854 -0.0313028 0)
(2.64934 -0.0276353 0)
(2.64602 -0.0273693 0)
(2.63977 -0.0298536 0)
(2.64162 -0.0337925 0)
(2.64908 -0.0376916 0)
(2.65521 -0.0396372 0)
(2.66115 -0.0389104 0)
(2.66656 -0.0362686 0)
(2.67232 -0.0339837 0)
(2.67827 -0.0319974 0)
(2.68366 -0.0297779 0)
(2.68753 -0.0270937 0)
(2.68753 -0.0254736 0)
(2.68323 -0.0264532 0)
(2.6788 -0.030366 0)
(2.67872 -0.0349241 0)
(2.6837 -0.0371175 0)
(2.6905 -0.0378254 0)
(2.69735 -0.0376351 0)
(2.70436 -0.036296 0)
(2.71168 -0.0354549 0)
(2.71836 -0.0346881 0)
(2.72324 -0.0339776 0)
(2.7238 -0.030874 0)
(2.71962 -0.0265095 0)
(2.7173 -0.0265928 0)
(2.7206 -0.0287384 0)
(2.72566 -0.0323577 0)
(2.73041 -0.0360089 0)
(2.73594 -0.036693 0)
(2.74158 -0.0358177 0)
(2.74806 -0.0354007 0)
(2.75422 -0.03629 0)
(2.7562 -0.0361638 0)
(2.75157 -0.0315756 0)
(2.74509 -0.0274272 0)
(2.74346 -0.0287679 0)
(2.74626 -0.0307059 0)
(2.75006 -0.0317502 0)
(2.7536 -0.033449 0)
(2.75843 -0.0347018 0)
(2.76365 -0.0346852 0)
(2.76883 -0.0342918 0)
(2.77435 -0.033605 0)
(2.77923 -0.0324402 0)
(2.78277 -0.0305645 0)
(2.78328 -0.0264311 0)
(2.77971 -0.023103 0)
(2.77652 -0.0244101 0)
(2.7769 -0.028367 0)
(2.77737 -0.0319819 0)
(2.77858 -0.0338137 0)
(2.78291 -0.0349541 0)
(2.78818 -0.0352094 0)
(2.79338 -0.0351 0)
(2.79888 -0.0344213 0)
(2.80404 -0.0330371 0)
(2.80847 -0.0315482 0)
(2.81183 -0.0303286 0)
(2.81237 -0.0288662 0)
(2.80852 -0.0275302 0)
(2.80435 -0.0282627 0)
(2.80455 -0.0293447 0)
(2.80774 -0.0296954 0)
(2.81223 -0.0298868 0)
(2.81725 -0.0295911 0)
(2.82199 -0.0288314 0)
(2.82662 -0.0282414 0)
(2.83046 -0.0278655 0)
(2.8322 -0.0274999 0)
(2.83078 -0.027014 0)
(2.82668 -0.0266491 0)
(2.82491 -0.0274473 0)
(2.82808 -0.0286917 0)
(2.83226 -0.0296503 0)
(2.83621 -0.0303709 0)
(2.8401 -0.0309062 0)
(2.84424 -0.0308412 0)
(2.84884 -0.0300403 0)
(2.8535 -0.0287233 0)
(2.85735 -0.0268272 0)
(2.85947 -0.0249378 0)
(2.85822 -0.0250689 0)
(2.85215 -0.0268837 0)
(2.84567 -0.0279053 0)
(2.84518 -0.0287134 0)
(2.85066 -0.0294022 0)
(2.85618 -0.029551 0)
(2.86092 -0.0296493 0)
(2.86609 -0.0297483 0)
(2.8713 -0.0298089 0)
(2.87691 -0.0295119 0)
(2.88223 -0.028308 0)
(2.88646 -0.0261854 0)
(2.88922 -0.0238983 0)
(2.8893 -0.0226975 0)
(2.88392 -0.0239449 0)
(2.87673 -0.0259157 0)
(2.51654 -0.033998 0)
(2.52636 -0.0310413 0)
(2.53713 -0.0277339 0)
(2.54692 -0.0244627 0)
(2.55338 -0.0184758 0)
(2.55035 -0.00995753 0)
(2.54081 -0.00516432 0)
(2.53781 -0.0107034 0)
(2.543 -0.0187929 0)
(2.54993 -0.0249447 0)
(2.55712 -0.0263999 0)
(2.56521 -0.0261342 0)
(2.57426 -0.0251428 0)
(2.58238 -0.0237865 0)
(2.59023 -0.0227103 0)
(2.5977 -0.0217452 0)
(2.60353 -0.0208992 0)
(2.60685 -0.0198677 0)
(2.60917 -0.0179917 0)
(2.61117 -0.0157003 0)
(2.60999 -0.013789 0)
(2.60258 -0.0128403 0)
(2.59637 -0.0150888 0)
(2.59899 -0.0195381 0)
(2.60581 -0.0219267 0)
(2.61273 -0.0230987 0)
(2.61956 -0.0247185 0)
(2.62664 -0.0251924 0)
(2.63463 -0.0232278 0)
(2.64375 -0.0201361 0)
(2.6508 -0.0187707 0)
(2.65685 -0.0165239 0)
(2.6531 -0.0141825 0)
(2.63921 -0.0165232 0)
(2.63592 -0.0223811 0)
(2.64209 -0.023918 0)
(2.64817 -0.02362 0)
(2.65483 -0.0218384 0)
(2.66485 -0.0204361 0)
(2.67117 -0.0201288 0)
(2.67984 -0.0193846 0)
(2.68765 -0.0184504 0)
(2.69387 -0.0165851 0)
(2.6947 -0.0136467 0)
(2.686 -0.0129853 0)
(2.6778 -0.0178286 0)
(2.68071 -0.020579 0)
(2.68592 -0.0213662 0)
(2.69128 -0.0216887 0)
(2.69666 -0.0219637 0)
(2.7022 -0.022208 0)
(2.70837 -0.0219088 0)
(2.71492 -0.020748 0)
(2.721 -0.018568 0)
(2.72568 -0.0158818 0)
(2.72528 -0.0140762 0)
(2.71922 -0.0148875 0)
(2.71629 -0.0191524 0)
(2.71886 -0.0221574 0)
(2.72427 -0.0227337 0)
(2.73067 -0.0222171 0)
(2.73675 -0.0224549 0)
(2.7422 -0.0233359 0)
(2.74706 -0.022084 0)
(2.7507 -0.0192785 0)
(2.7531 -0.0172481 0)
(2.75109 -0.0143381 0)
(2.74606 -0.0127314 0)
(2.74646 -0.0161468 0)
(2.75035 -0.0198405 0)
(2.75547 -0.0211089 0)
(2.76088 -0.0214409 0)
(2.76634 -0.0218231 0)
(2.772 -0.0219878 0)
(2.77754 -0.0213331 0)
(2.78243 -0.0195795 0)
(2.78692 -0.017506 0)
(2.78967 -0.014939 0)
(2.78614 -0.0103434 0)
(2.77576 -0.00725361 0)
(2.77145 -0.0132721 0)
(2.77518 -0.0192654 0)
(2.77939 -0.021593 0)
(2.78447 -0.0217562 0)
(2.78996 -0.0219162 0)
(2.796 -0.0220525 0)
(2.80191 -0.0218211 0)
(2.80738 -0.0205521 0)
(2.81236 -0.0190024 0)
(2.81665 -0.0174627 0)
(2.81827 -0.0159668 0)
(2.814 -0.0156184 0)
(2.80706 -0.0173781 0)
(2.80623 -0.0188875 0)
(2.8098 -0.0190223 0)
(2.81413 -0.0185875 0)
(2.819 -0.0181239 0)
(2.82434 -0.0178144 0)
(2.82951 -0.0173826 0)
(2.83379 -0.0166918 0)
(2.83649 -0.0162635 0)
(2.83589 -0.0162201 0)
(2.83108 -0.0157996 0)
(2.82667 -0.0161458 0)
(2.82984 -0.0179732 0)
(2.83507 -0.0192299 0)
(2.83898 -0.0197984 0)
(2.84279 -0.0201287 0)
(2.84706 -0.0199417 0)
(2.8518 -0.0188853 0)
(2.85683 -0.0171284 0)
(2.86182 -0.0153767 0)
(2.86564 -0.0139433 0)
(2.86431 -0.0135623 0)
(2.85503 -0.0153016 0)
(2.8462 -0.0172692 0)
(2.84789 -0.0187653 0)
(2.85442 -0.018926 0)
(2.85932 -0.0189127 0)
(2.8641 -0.0191403 0)
(2.86946 -0.0194501 0)
(2.87403 -0.0193632 0)
(2.87917 -0.018812 0)
(2.88445 -0.0173603 0)
(2.88922 -0.0156705 0)
(2.8938 -0.0139432 0)
(2.89561 -0.0119176 0)
(2.88858 -0.0110471 0)
(2.87796 -0.0152553 0)
(2.52163 -0.0149816 0)
(2.53883 -0.0133869 0)
(2.54495 -0.0114844 0)
(2.55271 -0.00931404 0)
(2.55746 -0.00744859 0)
(2.54995 -0.00688739 0)
(2.53347 -0.00931179 0)
(2.52888 -0.0123339 0)
(2.53433 -0.0134443 0)
(2.5423 -0.0138417 0)
(2.55015 -0.0138378 0)
(2.55877 -0.0132394 0)
(2.56832 -0.0121021 0)
(2.57632 -0.0113334 0)
(2.58454 -0.0109485 0)
(2.59216 -0.0103984 0)
(2.59757 -0.0096417 0)
(2.60086 -0.00867382 0)
(2.60407 -0.00773973 0)
(2.6066 -0.00713551 0)
(2.60458 -0.00691627 0)
(2.59496 -0.00731007 0)
(2.58936 -0.00773805 0)
(2.59534 -0.00794572 0)
(2.60274 -0.00818183 0)
(2.61018 -0.00839092 0)
(2.61776 -0.00868898 0)
(2.62718 -0.00839648 0)
(2.63425 -0.00725124 0)
(2.6415 -0.00723878 0)
(2.64904 -0.00764355 0)
(2.65178 -0.00730682 0)
(2.64324 -0.00724969 0)
(2.63041 -0.00792397 0)
(2.63329 -0.00801758 0)
(2.63846 -0.00802943 0)
(2.6436 -0.00836861 0)
(2.65067 -0.0094384 0)
(2.65988 -0.010063 0)
(2.66819 -0.00970512 0)
(2.67552 -0.00936397 0)
(2.68264 -0.00877148 0)
(2.68816 -0.00779916 0)
(2.68749 -0.00718455 0)
(2.67725 -0.00757319 0)
(2.67201 -0.0078542 0)
(2.67634 -0.00774001 0)
(2.68205 -0.00757782 0)
(2.68871 -0.00754918 0)
(2.6957 -0.00763829 0)
(2.7031 -0.00779438 0)
(2.71015 -0.007554 0)
(2.71591 -0.00724073 0)
(2.7216 -0.00672888 0)
(2.72365 -0.00670294 0)
(2.71806 -0.00658858 0)
(2.71075 -0.0070559 0)
(2.71214 -0.00735811 0)
(2.71728 -0.00747844 0)
(2.7227 -0.00729866 0)
(2.72856 -0.0071562 0)
(2.73442 -0.00722696 0)
(2.73933 -0.00740098 0)
(2.74324 -0.00769567 0)
(2.74671 -0.00825092 0)
(2.74843 -0.00802353 0)
(2.7457 -0.00789582 0)
(2.74013 -0.00937816 0)
(2.74028 -0.0114141 0)
(2.74536 -0.0122265 0)
(2.75028 -0.0123619 0)
(2.75549 -0.012401 0)
(2.76083 -0.0124079 0)
(2.7659 -0.0120797 0)
(2.77114 -0.0108634 0)
(2.77632 -0.00992633 0)
(2.78166 -0.00917831 0)
(2.78447 -0.00840216 0)
(2.78042 -0.00806277 0)
(2.7689 -0.00965472 0)
(2.76474 -0.0117634 0)
(2.76922 -0.0124613 0)
(2.77417 -0.0126048 0)
(2.77938 -0.0125242 0)
(2.78503 -0.0124649 0)
(2.79079 -0.0121619 0)
(2.79698 -0.0111385 0)
(2.80253 -0.00958372 0)
(2.80772 -0.0089647 0)
(2.81269 -0.00828891 0)
(2.81407 -0.00796047 0)
(2.80832 -0.00912955 0)
(2.80069 -0.011345 0)
(2.80079 -0.0115901 0)
(2.80458 -0.0110885 0)
(2.80891 -0.0106767 0)
(2.81397 -0.0101914 0)
(2.81935 -0.0095051 0)
(2.82446 -0.00866953 0)
(2.829 -0.00801393 0)
(2.83199 -0.00806363 0)
(2.83083 -0.00863401 0)
(2.82491 -0.00909047 0)
(2.82118 -0.0104377 0)
(2.82595 -0.011469 0)
(2.83053 -0.0117606 0)
(2.83406 -0.0118324 0)
(2.83761 -0.0116514 0)
(2.84189 -0.0106828 0)
(2.84631 -0.00965929 0)
(2.85182 -0.00871655 0)
(2.85734 -0.00790255 0)
(2.86106 -0.00724347 0)
(2.85841 -0.00769875 0)
(2.84824 -0.00980105 0)
(2.84088 -0.0111529 0)
(2.84389 -0.0115019 0)
(2.85015 -0.0115473 0)
(2.85519 -0.0115795 0)
(2.86004 -0.0118327 0)
(2.86491 -0.0119191 0)
(2.86859 -0.0107873 0)
(2.8738 -0.0100986 0)
(2.87953 -0.00891839 0)
(2.88428 -0.00808008 0)
(2.88901 -0.00726743 0)
(2.89046 -0.00691676 0)
(2.88227 -0.00816578 0)
(2.87249 -0.0101927 0)
)
;

boundaryField
{
    inlet
    {
        type            fixedValue;
        value           nonuniform 0();
    }
    outlet
    {
        type            inletOutlet;
        inletValue      uniform (3 0 0);
        value           nonuniform List<vector> 
32
(
(2.6009 0.242126 0)
(2.60292 0.244626 0)
(2.60667 0.248158 0)
(2.60953 0.255029 0)
(2.61242 0.264761 0)
(2.61497 0.271169 0)
(2.61836 0.274764 0)
(2.62237 0.28102 0)
(2.62596 0.291109 0)
(2.63202 0.293032 0)
(2.64027 0.290113 0)
(2.64305 0.288524 0)
(2.64478 0.304455 0)
(2.67962 0.261156 0)
(2.72859 0.177695 0)
(2.81029 -0.0151058 0)
(2.86895 -0.142909 0)
(2.88006 -0.16034 0)
(2.87849 -0.151211 0)
(2.88225 -0.139485 0)
(2.88603 -0.128993 0)
(2.88207 -0.117517 0)
(2.88249 -0.104087 0)
(2.88583 -0.0931814 0)
(2.88135 -0.0818345 0)
(2.87976 -0.0690128 0)
(2.87839 -0.0572019 0)
(2.87733 -0.046948 0)
(2.88107 -0.0360991 0)
(2.87673 -0.0259157 0)
(2.87796 -0.0152553 0)
(2.87249 -0.0101927 0)
)
;
    }
    bottom
    {
        type            slip;
    }
    top
    {
        type            slip;
    }
    obstacle
    {
        type            slip;
    }
    defaultFaces
    {
        type            empty;
    }
    procBoundary15to11
    {
        type            processor;
        value           nonuniform List<vector> 
129
(
(2.44178 -0.44497 0)
(2.44954 -0.445129 0)
(2.45824 -0.446079 0)
(2.46665 -0.447554 0)
(2.47431 -0.449804 0)
(2.48151 -0.452657 0)
(2.4888 -0.455389 0)
(2.49449 -0.458774 0)
(2.49744 -0.461786 0)
(2.49693 -0.461005 0)
(2.49721 -0.455616 0)
(2.5008 -0.448807 0)
(2.50523 -0.442921 0)
(2.5105 -0.439884 0)
(2.51746 -0.439937 0)
(2.5237 -0.441027 0)
(2.53068 -0.442484 0)
(2.53845 -0.44424 0)
(2.54329 -0.44677 0)
(2.54293 -0.450058 0)
(2.5443 -0.450367 0)
(2.55042 -0.44861 0)
(2.5577 -0.44643 0)
(2.56486 -0.444002 0)
(2.57105 -0.442207 0)
(2.57689 -0.441138 0)
(2.58297 -0.440959 0)
(2.58645 -0.441009 0)
(2.58198 -0.43922 0)
(2.57342 -0.435463 0)
(2.57635 -0.433376 0)
(2.5829 -0.433358 0)
(2.58888 -0.434085 0)
(2.59522 -0.434791 0)
(2.60057 -0.435423 0)
(2.60651 -0.436493 0)
(2.61358 -0.43865 0)
(2.62036 -0.44204 0)
(2.62672 -0.445042 0)
(2.63207 -0.446164 0)
(2.6312 -0.44212 0)
(2.62258 -0.432497 0)
(2.61974 -0.42531 0)
(2.62436 -0.423184 0)
(2.63084 -0.423188 0)
(2.63723 -0.424047 0)
(2.64353 -0.425042 0)
(2.6497 -0.426116 0)
(2.65538 -0.427297 0)
(2.66002 -0.429108 0)
(2.66358 -0.43201 0)
(2.66785 -0.433439 0)
(2.6708 -0.431464 0)
(2.66802 -0.425388 0)
(2.66379 -0.418246 0)
(2.66609 -0.414619 0)
(2.67135 -0.413736 0)
(2.67849 -0.415008 0)
(2.68514 -0.415856 0)
(2.69121 -0.416753 0)
(2.69615 -0.418197 0)
(2.69978 -0.420114 0)
(2.70294 -0.421981 0)
(2.70576 -0.423503 0)
(2.7085 -0.424337 0)
(2.70962 -0.422254 0)
(2.70831 -0.416595 0)
(2.70471 -0.409069 0)
(2.70276 -0.40452 0)
(2.70618 -0.40428 0)
(2.71121 -0.405445 0)
(2.71632 -0.406082 0)
(2.7217 -0.406475 0)
(2.72581 -0.407719 0)
(2.72817 -0.409567 0)
(2.7305 -0.410463 0)
(2.73221 -0.409959 0)
(2.73638 -0.408017 0)
(2.74363 -0.408172 0)
(2.75002 -0.407598 0)
(2.75577 -0.405689 0)
(2.76023 -0.4011 0)
(2.76002 -0.398248 0)
(2.75245 -0.395325 0)
(2.74603 -0.392314 0)
(2.74941 -0.388433 0)
(2.74872 -0.381519 0)
(2.74291 -0.359232 0)
(2.72698 -0.307256 0)
(2.70594 -0.230245 0)
(2.67095 -0.130824 0)
(2.65835 -0.0565979 0)
(2.66557 0.0103402 0)
(2.61744 0.0999895 0)
(2.59803 0.154311 0)
(2.5804 0.152682 0)
(2.57818 0.147928 0)
(2.57308 0.14602 0)
(2.57118 0.144745 0)
(2.57351 0.14617 0)
(2.57648 0.149398 0)
(2.58101 0.151376 0)
(2.58547 0.152854 0)
(2.58761 0.15444 0)
(2.58906 0.156195 0)
(2.59034 0.159679 0)
(2.59059 0.16658 0)
(2.58907 0.175467 0)
(2.58656 0.184246 0)
(2.58356 0.191953 0)
(2.58258 0.196632 0)
(2.58278 0.197395 0)
(2.5846 0.196894 0)
(2.58781 0.195807 0)
(2.58989 0.195015 0)
(2.59078 0.195039 0)
(2.59088 0.196003 0)
(2.58894 0.199018 0)
(2.58655 0.20541 0)
(2.58594 0.212617 0)
(2.58711 0.218799 0)
(2.59066 0.224192 0)
(2.5957 0.228396 0)
(2.5999 0.231124 0)
(2.60111 0.231743 0)
(2.60246 0.232101 0)
(2.60352 0.232631 0)
(2.60297 0.232452 0)
(2.59826 0.238458 0)
)
;
    }
    procBoundary15to14
    {
        type            processor;
        value           nonuniform List<vector> 
32
(
(2.44016 -0.433385 0)
(2.44971 -0.425765 0)
(2.45895 -0.415889 0)
(2.46537 -0.406572 0)
(2.46966 -0.391223 0)
(2.47304 -0.374124 0)
(2.47828 -0.354895 0)
(2.47678 -0.336909 0)
(2.48326 -0.321372 0)
(2.47809 -0.305113 0)
(2.47969 -0.290464 0)
(2.48284 -0.278357 0)
(2.4881 -0.269171 0)
(2.49397 -0.262668 0)
(2.49494 -0.256297 0)
(2.4946 -0.241835 0)
(2.48774 -0.225504 0)
(2.49015 -0.206743 0)
(2.49006 -0.188197 0)
(2.4867 -0.170218 0)
(2.49088 -0.153506 0)
(2.49151 -0.135406 0)
(2.49517 -0.11922 0)
(2.50793 -0.10874 0)
(2.51907 -0.0970253 0)
(2.52739 -0.0903904 0)
(2.53144 -0.0849466 0)
(2.52501 -0.0821677 0)
(2.51483 -0.0711956 0)
(2.51281 -0.0530194 0)
(2.50413 -0.0317215 0)
(2.49857 -0.0144887 0)
)
;
    }
}


// ************************************************************************* //
