/*--------------------------------*- C++ -*----------------------------------*\
  =========                 |
  \\      /  F ield         | OpenFOAM: The Open Source CFD Toolbox
   \\    /   O peration     | Website:  https://openfoam.org
    \\  /    A nd           | Version:  7
     \\/     M anipulation  |
\*---------------------------------------------------------------------------*/
FoamFile
{
    version     2.0;
    format      ascii;
    class       volVectorField;
    location    "4";
    object      U;
}
// * * * * * * * * * * * * * * * * * * * * * * * * * * * * * * * * * * * * * //

dimensions      [0 1 -1 0 0 0 0];

internalField   nonuniform List<vector> 
4128
(
(3 1.68188e-17 0)
(3 -7.17378e-17 0)
(3 2.88656e-16 0)
(3 4.04603e-16 0)
(3 1.03453e-16 0)
(3 2.28426e-16 0)
(3 4.28796e-16 0)
(3 5.64629e-16 0)
(3 5.7846e-16 0)
(3 5.03394e-16 0)
(3 5.70115e-16 0)
(3 -3.85368e-17 0)
(3 -4.37853e-16 0)
(3 -7.7076e-16 0)
(3 -1.42557e-15 0)
(3 -1.51166e-15 0)
(3 -1.29603e-15 0)
(3 -1.06963e-15 0)
(3 -7.59549e-16 0)
(3 -8.51584e-16 0)
(3 -6.48777e-16 0)
(3 -3.66824e-16 0)
(3 2.28263e-16 0)
(3 9.21468e-16 0)
(3 9.56589e-16 0)
(3 2.20826e-16 0)
(3 2.24943e-16 0)
(3 7.10033e-16 0)
(3 7.16805e-16 0)
(3 -8.67564e-16 0)
(3 -1.04929e-15 0)
(3 -1.62478e-15 0)
(3 -1.24954e-15 0)
(3 -7.37984e-16 0)
(3 3.92882e-16 0)
(2.90025 0.00318618 0)
(0.988472 0.0160284 0)
(0.709825 0.0193568 0)
(0.658008 0.0242022 0)
(0.598066 0.0256578 0)
(0.539058 0.0268434 0)
(0.478287 0.0281543 0)
(0.415776 0.0296386 0)
(0.350844 0.0314113 0)
(0.282975 0.0333777 0)
(0.210596 0.036399 0)
(0.131971 0.039039 0)
(0.0494377 0.0445061 0)
(3 1.50129e-16 0)
(3 1.23838e-16 0)
(3 2.60408e-16 0)
(3 6.05828e-16 0)
(3 -2.14778e-16 0)
(3 4.7164e-18 0)
(3 5.03382e-16 0)
(3 7.36272e-16 0)
(3 5.26478e-16 0)
(3 4.89324e-16 0)
(3 4.25364e-16 0)
(3 2.75964e-16 0)
(3 -7.71757e-16 0)
(3 -9.4412e-16 0)
(3 -1.31411e-15 0)
(3 -1.16173e-15 0)
(3 -1.05565e-15 0)
(3 -6.14734e-16 0)
(3 -1.00491e-16 0)
(3 -8.88356e-17 0)
(3 -1.37707e-16 0)
(3 -2.94914e-16 0)
(3 -5.27905e-17 0)
(3 1.6677e-15 0)
(3 2.33704e-15 0)
(3 1.33892e-15 0)
(3 6.38121e-16 0)
(3 7.28302e-16 0)
(3 1.84221e-16 0)
(3 -2.04012e-15 0)
(3 -2.21501e-15 0)
(3 -1.58497e-15 0)
(3 -1.00684e-15 0)
(3 -2.26054e-16 0)
(3 3.87836e-16 0)
(2.9102 0.0202203 0)
(0.994391 0.0742099 0)
(0.695602 0.066663 0)
(0.641442 0.0708383 0)
(0.582675 0.0753947 0)
(0.523984 0.0798063 0)
(0.463019 0.0844527 0)
(0.4 0.0891809 0)
(0.334785 0.0946127 0)
(0.267444 0.100438 0)
(0.197398 0.110018 0)
(0.122216 0.118656 0)
(0.0459934 0.134416 0)
(3 2.5981e-17 0)
(3 -1.16565e-16 0)
(3 -1.32741e-16 0)
(3 1.23493e-16 0)
(3 1.51998e-16 0)
(3 1.92622e-16 0)
(3 3.1693e-16 0)
(3 5.24183e-16 0)
(3 3.58133e-16 0)
(3 2.33633e-18 0)
(3 -2.69904e-16 0)
(3 -4.08494e-16 0)
(3 -4.93845e-16 0)
(3 -5.62545e-16 0)
(3 1.08873e-16 0)
(3 4.52348e-16 0)
(3 4.9138e-16 0)
(3 7.71466e-16 0)
(3 -2.8974e-16 0)
(3 -6.4309e-16 0)
(3 4.6635e-17 0)
(3 -2.41918e-17 0)
(3 -2.05712e-18 0)
(3 1.57214e-15 0)
(3 2.19334e-15 0)
(3 1.73437e-15 0)
(3 8.26454e-16 0)
(3 8.4321e-16 0)
(3 -5.07246e-16 0)
(3 -1.12971e-15 0)
(3 -1.4796e-16 0)
(3 6.30284e-16 0)
(3 8.74861e-16 0)
(3 8.45664e-16 0)
(3 -1.25189e-17 0)
(2.95413 0.0404449 0)
(1.03185 0.137774 0)
(0.710969 0.115902 0)
(0.656483 0.122495 0)
(0.595741 0.129923 0)
(0.534972 0.137467 0)
(0.471876 0.1455 0)
(0.406262 0.153401 0)
(0.337928 0.161964 0)
(0.266994 0.169917 0)
(0.194462 0.183311 0)
(0.117751 0.19488 0)
(0.0438607 0.217309 0)
(3 -6.35331e-17 0)
(3 -1.63552e-16 0)
(3 1.84389e-16 0)
(3 2.02931e-16 0)
(3 7.53965e-16 0)
(3 8.20873e-16 0)
(3 7.88769e-16 0)
(3 1.08697e-15 0)
(3 9.89154e-16 0)
(3 -3.17296e-16 0)
(3 -1.29764e-15 0)
(3 -1.58961e-15 0)
(3 -5.11474e-16 0)
(3 7.77104e-17 0)
(3 8.08275e-16 0)
(3 9.34285e-16 0)
(3 9.54877e-16 0)
(3 6.24998e-16 0)
(3 -8.84913e-16 0)
(3 -1.0882e-15 0)
(3 6.70718e-16 0)
(3 8.68239e-16 0)
(3 1.6223e-15 0)
(3 1.33871e-15 0)
(3 1.16641e-15 0)
(3 1.74245e-15 0)
(3 1.6786e-15 0)
(3 1.06302e-15 0)
(3 8.12453e-16 0)
(3 1.09219e-15 0)
(3 2.80815e-16 0)
(3 3.20396e-16 0)
(3 8.71349e-16 0)
(3 2.10398e-15 0)
(3 1.61471e-15 0)
(3.00845 0.0063936 0)
(1.10718 0.182235 0)
(0.743894 0.152704 0)
(0.692478 0.166656 0)
(0.633023 0.178586 0)
(0.572063 0.190098 0)
(0.50833 0.202839 0)
(0.440733 0.216062 0)
(0.368499 0.230994 0)
(0.291039 0.244099 0)
(0.211352 0.262579 0)
(0.126962 0.276805 0)
(0.0459821 0.302367 0)
(3 2.02441e-16 0)
(3 -1.0034e-16 0)
(3 -2.84292e-17 0)
(3 -1.14279e-16 0)
(3 4.99418e-17 0)
(3 1.08331e-16 0)
(3 3.70159e-16 0)
(3 -1.20619e-16 0)
(3 -3.73516e-16 0)
(3 -5.69369e-16 0)
(3 -8.00681e-16 0)
(3 6.96582e-17 0)
(3 9.10336e-17 0)
(3 7.35856e-16 0)
(3 5.99948e-16 0)
(3 5.99713e-16 0)
(3 3.57949e-16 0)
(3 -6.70511e-17 0)
(3 1.21151e-16 0)
(3 4.45232e-16 0)
(3 3.90206e-16 0)
(3 5.29415e-16 0)
(3 4.78864e-16 0)
(3 5.16231e-16 0)
(3 5.71101e-16 0)
(3 1.45695e-15 0)
(3 1.64256e-15 0)
(3 1.57662e-15 0)
(3 2.45967e-15 0)
(3 2.57764e-15 0)
(3 1.8698e-15 0)
(3 2.04291e-15 0)
(3 1.92594e-15 0)
(3 1.73355e-15 0)
(3 4.08553e-16 0)
(3.00061 3.07643e-05 0)
(1.21538 0.224374 0)
(0.750425 0.197088 0)
(0.69608 0.2179 0)
(0.63998 0.234381 0)
(0.581571 0.249334 0)
(0.521202 0.266811 0)
(0.457262 0.285601 0)
(0.389353 0.307215 0)
(0.314716 0.32521 0)
(0.235685 0.348354 0)
(0.145567 0.367546 0)
(0.0550153 0.399258 0)
(3 7.30414e-20 0)
(3 1.31811e-16 0)
(3 -1.75566e-16 0)
(3 -1.38257e-16 0)
(3 -2.56941e-16 0)
(3 -7.66851e-16 0)
(3 -1.30361e-15 0)
(3 -2.00705e-15 0)
(3 -1.70667e-15 0)
(3 -9.07823e-16 0)
(3 -5.66948e-17 0)
(3 -4.7284e-17 0)
(3 -6.23783e-18 0)
(3 -1.56745e-16 0)
(3 -5.1685e-16 0)
(3 -4.49162e-16 0)
(3 -3.78861e-16 0)
(3 -1.24005e-15 0)
(3 4.26487e-18 0)
(3 1.48656e-15 0)
(3 1.11123e-15 0)
(3 1.67159e-15 0)
(3 1.55783e-15 0)
(3 1.37208e-15 0)
(3 1.14039e-15 0)
(3 9.48921e-16 0)
(3 1.66032e-15 0)
(3 1.92195e-15 0)
(3 2.90879e-15 0)
(3 2.81742e-15 0)
(3 3.04983e-15 0)
(3 3.17778e-15 0)
(3 2.83247e-15 0)
(3 1.86781e-15 0)
(3 -4.58961e-16 0)
(3 -1.22503e-07 0)
(1.39462 0.274565 0)
(0.765733 0.24527 0)
(0.697381 0.26202 0)
(0.648449 0.281271 0)
(0.59826 0.298932 0)
(0.547738 0.320299 0)
(0.492274 0.344487 0)
(0.430469 0.37488 0)
(0.355175 0.40515 0)
(0.268242 0.442829 0)
(0.166063 0.477896 0)
(0.0561369 0.516877 0)
(3 -3.97148e-17 0)
(3 2.45099e-16 0)
(3 5.22026e-17 0)
(3 2.10498e-16 0)
(3 1.05349e-16 0)
(3 -1.321e-16 0)
(3 -3.20301e-16 0)
(3 -4.16768e-16 0)
(3 -9.75787e-16 0)
(3 -7.31158e-16 0)
(3 -7.70284e-16 0)
(3 -6.90071e-16 0)
(3 -3.99214e-16 0)
(3 -6.83204e-16 0)
(3 -1.14114e-15 0)
(3 -1.84914e-15 0)
(3 -1.75097e-15 0)
(3 -1.17739e-15 0)
(3 9.42796e-16 0)
(3 1.74978e-15 0)
(3 2.32969e-15 0)
(3 2.05436e-15 0)
(3 2.01983e-15 0)
(3 1.7696e-15 0)
(3 1.51941e-15 0)
(3 1.10744e-15 0)
(3 1.28633e-15 0)
(3 1.90898e-15 0)
(3 2.08632e-15 0)
(3 2.07141e-15 0)
(3 2.09668e-15 0)
(3 1.76126e-15 0)
(3 1.97821e-15 0)
(3 1.69789e-15 0)
(3 8.86781e-16 0)
(3 -1.25695e-07 0)
(1.66819 0.325799 0)
(0.796048 0.309089 0)
(0.696958 0.308659 0)
(0.646238 0.32531 0)
(0.598233 0.343644 0)
(0.554799 0.36986 0)
(0.508388 0.402269 0)
(0.459026 0.444739 0)
(0.39772 0.491757 0)
(0.326215 0.543285 0)
(0.233031 0.594136 0)
(0.101244 0.65989 0)
(3 1.10052e-16 0)
(3 1.99312e-16 0)
(3 2.8001e-16 0)
(3 -2.62831e-16 0)
(3 -2.30243e-16 0)
(3 7.47538e-17 0)
(3 3.31235e-16 0)
(3 4.45262e-16 0)
(3 3.18536e-16 0)
(3 1.25657e-16 0)
(3 3.66034e-17 0)
(3 5.96575e-16 0)
(3 2.1629e-16 0)
(3 3.08994e-17 0)
(3 -9.14463e-16 0)
(3 -1.67909e-15 0)
(3 -1.18596e-15 0)
(3 1.73026e-15 0)
(3 1.83944e-15 0)
(3 1.78487e-15 0)
(3 1.50869e-15 0)
(3 1.14582e-15 0)
(3 1.27274e-15 0)
(3 8.82267e-16 0)
(3 5.63749e-16 0)
(3 6.32324e-16 0)
(3 8.28276e-16 0)
(3 9.0609e-16 0)
(3 1.65761e-15 0)
(3 1.93945e-15 0)
(3 1.91773e-15 0)
(3 2.01456e-15 0)
(3 1.1031e-15 0)
(3 9.46029e-16 0)
(3 1.36738e-15 0)
(3 -2.6381e-08 0)
(2.07074 0.367515 0)
(0.852158 0.394252 0)
(0.716949 0.37008 0)
(0.667304 0.379049 0)
(0.620403 0.392379 0)
(0.579641 0.416724 0)
(0.540625 0.452227 0)
(0.501832 0.501023 0)
(0.457456 0.56027 0)
(0.39505 0.641156 0)
(0.274712 0.757051 0)
(0.151139 0.923598 0)
(3 -2.99622e-18 0)
(3 -1.78631e-16 0)
(3 -2.72757e-16 0)
(3 -3.29496e-16 0)
(3 -4.68204e-16 0)
(3 -2.5756e-16 0)
(3 -1.50761e-17 0)
(3 1.39621e-16 0)
(3 5.28173e-16 0)
(3 6.2066e-16 0)
(3 8.92319e-16 0)
(3 9.27923e-16 0)
(3 6.33292e-16 0)
(3 -1.74122e-16 0)
(3 -1.33196e-16 0)
(3 -5.17014e-17 0)
(3 7.90108e-17 0)
(3 2.83635e-16 0)
(3 -7.18118e-16 0)
(3 -5.8947e-16 0)
(3 -5.04656e-16 0)
(3 -3.52752e-16 0)
(3 -1.91109e-16 0)
(3 -1.53019e-16 0)
(3 1.54943e-16 0)
(3 1.30759e-15 0)
(3 2.24394e-15 0)
(3 1.57691e-15 0)
(3 1.60734e-15 0)
(3 1.71346e-15 0)
(3 1.25982e-15 0)
(3 6.80545e-16 0)
(3 2.54082e-16 0)
(3 -8.48169e-17 0)
(3 1.74601e-16 0)
(3 -2.74512e-09 0)
(2.65459 0.303596 0)
(0.9841 0.477879 0)
(0.803369 0.406364 0)
(0.751644 0.414804 0)
(0.69415 0.433311 0)
(0.642757 0.459488 0)
(0.599945 0.496735 0)
(0.563476 0.549946 0)
(0.52941 0.626725 0)
(0.496215 0.751063 0)
(0.464682 0.923132 0)
(0.576192 1.19987 0)
(3 -7.03262e-17 0)
(3 -6.27498e-16 0)
(3 -6.26796e-16 0)
(3 1.52384e-16 0)
(3 3.89479e-16 0)
(3 -2.08831e-17 0)
(3 -6.62184e-16 0)
(3 -7.46593e-16 0)
(3 -4.49741e-16 0)
(3 2.53997e-16 0)
(3 1.12363e-15 0)
(3 8.50823e-16 0)
(3 2.34983e-16 0)
(3 -3.09168e-16 0)
(3 -3.49666e-16 0)
(3 -6.24169e-16 0)
(3 -1.16441e-15 0)
(3 -8.31156e-16 0)
(3 -5.97603e-16 0)
(3 -6.81742e-16 0)
(3 -1.44183e-15 0)
(3 -2.1396e-15 0)
(3 -2.23566e-15 0)
(3 -3.63884e-16 0)
(3 1.66675e-15 0)
(3 2.04214e-15 0)
(3 1.746e-15 0)
(3 1.42443e-15 0)
(3 1.34294e-15 0)
(3 1.08937e-15 0)
(3 -1.73315e-16 0)
(3 -7.62269e-16 0)
(3 -5.87836e-16 0)
(3 -8.44622e-16 0)
(3 -5.48099e-16 0)
(3 -1.11099e-10 0)
(3.07683 0.0429251 0)
(1.21887 0.469481 0)
(0.882313 0.447601 0)
(0.838787 0.473801 0)
(0.785367 0.489652 0)
(0.731085 0.511148 0)
(0.682717 0.544819 0)
(0.643706 0.597008 0)
(0.623974 0.681642 0)
(0.622921 0.816742 0)
(0.686045 0.966032 0)
(0.968311 1.13851 0)
(3 -2.94169e-17 0)
(3 -2.63285e-17 0)
(3 -1.54294e-16 0)
(3 -2.7055e-16 0)
(3 2.92023e-17 0)
(3 -3.13104e-16 0)
(3 -1.31231e-15 0)
(3 -1.57828e-15 0)
(3 -1.59415e-15 0)
(3 -7.24217e-16 0)
(3 -9.68201e-17 0)
(3 -3.83449e-16 0)
(3 -5.42333e-16 0)
(3 -2.09491e-17 0)
(3 4.69905e-16 0)
(3 4.05206e-16 0)
(3 3.62947e-16 0)
(3 6.55579e-16 0)
(3 1.24424e-15 0)
(3 6.48543e-16 0)
(3 -2.94457e-16 0)
(3 -1.76433e-16 0)
(3 7.57468e-16 0)
(3 1.32793e-15 0)
(3 1.95169e-15 0)
(3 1.63825e-15 0)
(3 1.41571e-15 0)
(3 1.04759e-15 0)
(3 7.28093e-16 0)
(3 2.69243e-16 0)
(3 -5.96656e-16 0)
(3 -1.00687e-15 0)
(3 -9.90461e-16 0)
(3 -7.99267e-16 0)
(3 -1.39167e-16 0)
(3 -2.32604e-12 0)
(3.0087 8.19745e-05 0)
(1.4355 0.462092 0)
(0.884495 0.512325 0)
(0.836789 0.531361 0)
(0.801071 0.550771 0)
(0.772646 0.575446 0)
(0.745097 0.607692 0)
(0.720392 0.651771 0)
(0.72294 0.725707 0)
(0.750846 0.84039 0)
(0.872885 0.963623 0)
(1.18109 1.07012 0)
(3 7.5019e-17 0)
(3 2.25806e-16 0)
(3 -4.81822e-16 0)
(3 -9.91946e-16 0)
(3 -1.57854e-15 0)
(3 -1.16702e-15 0)
(3 -8.29083e-16 0)
(3 -3.78753e-16 0)
(3 -2.91146e-16 0)
(3 -2.25883e-16 0)
(3 -5.99828e-16 0)
(3 -7.63241e-16 0)
(3 -8.58479e-16 0)
(3 -1.09655e-16 0)
(3 1.92414e-16 0)
(3 1.02053e-15 0)
(3 2.25677e-15 0)
(3 1.87746e-15 0)
(3 9.74374e-16 0)
(3 4.28834e-16 0)
(3 8.80999e-16 0)
(3 1.24101e-15 0)
(3 2.25149e-15 0)
(3 2.43314e-15 0)
(3 2.32405e-15 0)
(3 2.16249e-15 0)
(3 1.16547e-15 0)
(3 7.51673e-16 0)
(3 5.65732e-16 0)
(3 -2.18178e-16 0)
(3 -9.09937e-16 0)
(3 -1.021e-15 0)
(3 -5.94404e-16 0)
(3 -6.1174e-16 0)
(3 -8.04917e-16 0)
(3 -2.182e-14 0)
(3.00006 -2.52699e-06 0)
(1.94167 0.494171 0)
(0.929177 0.576724 0)
(0.853523 0.560266 0)
(0.834106 0.58185 0)
(0.819634 0.607456 0)
(0.809514 0.642245 0)
(0.801758 0.682798 0)
(0.817311 0.746193 0)
(0.866926 0.837597 0)
(1.01066 0.939914 0)
(1.27241 1.00987 0)
(3 -2.93467e-17 0)
(3 1.08245e-16 0)
(3 2.00265e-16 0)
(3 3.92913e-16 0)
(3 1.4459e-16 0)
(3 8.4223e-17 0)
(3 6.27586e-16 0)
(3 1.46026e-15 0)
(3 1.4688e-15 0)
(3 1.06774e-15 0)
(3 3.52627e-16 0)
(3 5.27462e-16 0)
(3 6.06862e-16 0)
(3 5.7182e-16 0)
(3 6.9239e-16 0)
(3 9.24499e-16 0)
(3 7.09222e-16 0)
(3 6.20941e-16 0)
(3 2.41013e-16 0)
(3 2.69561e-16 0)
(3 1.11557e-15 0)
(3 2.02973e-15 0)
(3 1.61687e-15 0)
(3 1.43478e-15 0)
(3 5.58009e-16 0)
(3 3.46642e-16 0)
(3 5.1801e-16 0)
(3 7.72851e-16 0)
(3 4.73062e-16 0)
(3 3.25882e-16 0)
(3 -1.72094e-17 0)
(3 -1.67163e-16 0)
(3 -4.52184e-16 0)
(3 -5.4054e-16 0)
(3 -1.09763e-15 0)
(3 -1.21948e-15 0)
(3.00001 -3.23244e-06 0)
(2.74589 0.319899 0)
(1.09617 0.635124 0)
(0.920495 0.581099 0)
(0.891311 0.601698 0)
(0.873636 0.630567 0)
(0.869886 0.668851 0)
(0.876285 0.711116 0)
(0.901167 0.765869 0)
(0.96623 0.834815 0)
(1.10652 0.907002 0)
(1.31597 0.949517 0)
(3 5.72442e-18 0)
(3 2.87019e-17 0)
(3 5.5725e-16 0)
(3 7.94713e-16 0)
(3 8.85938e-16 0)
(3 8.26495e-16 0)
(3 9.77997e-16 0)
(3 9.9658e-16 0)
(3 1.13521e-15 0)
(3 7.48693e-16 0)
(3 2.67526e-16 0)
(3 3.47919e-16 0)
(3 8.20654e-16 0)
(3 6.40636e-16 0)
(3 1.09776e-15 0)
(3 1.51617e-15 0)
(3 8.67641e-16 0)
(3 4.56134e-16 0)
(3 4.28016e-16 0)
(3 1.00056e-15 0)
(3 1.03981e-15 0)
(3 1.18755e-15 0)
(3 1.13417e-15 0)
(3 3.08103e-16 0)
(3 8.63881e-17 0)
(3 9.40652e-17 0)
(3 3.39651e-16 0)
(3 1.93534e-16 0)
(3 -8.28274e-17 0)
(3 -4.22877e-16 0)
(3 -5.00291e-16 0)
(3 -5.26501e-16 0)
(3 -7.55481e-16 0)
(3 -2.63168e-16 0)
(3 -7.91919e-16 0)
(3 -1.03516e-15 0)
(3 -6.8347e-07 0)
(3.07463 0.0261832 0)
(1.43572 0.631987 0)
(1.00202 0.652513 0)
(0.950818 0.651992 0)
(0.924977 0.66644 0)
(0.923094 0.693922 0)
(0.939343 0.730249 0)
(0.974155 0.773825 0)
(1.04753 0.828003 0)
(1.17626 0.8796 0)
(1.34604 0.906918 0)
(3 -4.06673e-17 0)
(3 -4.19488e-17 0)
(3 1.16125e-16 0)
(3 -5.74009e-17 0)
(3 1.25813e-16 0)
(3 5.73218e-16 0)
(3 5.7008e-16 0)
(3 1.33481e-16 0)
(3 -3.93476e-16 0)
(3 -4.71892e-16 0)
(3 -4.8379e-17 0)
(3 -4.04809e-16 0)
(3 -6.76091e-17 0)
(3 1.72449e-16 0)
(3 1.24028e-15 0)
(3 1.83326e-15 0)
(3 1.45016e-15 0)
(3 1.32159e-15 0)
(3 1.35271e-15 0)
(3 1.88653e-15 0)
(3 1.10129e-15 0)
(3 -1.70811e-16 0)
(3 -1.60573e-16 0)
(3 8.31481e-17 0)
(3 6.14645e-17 0)
(3 1.12264e-16 0)
(3 -9.63477e-17 0)
(3 -6.51258e-16 0)
(3 -2.11746e-16 0)
(3 -5.35657e-16 0)
(3 -2.17394e-16 0)
(3 -6.34044e-16 0)
(3 -1.46467e-15 0)
(3 -1.69378e-15 0)
(3 -1.72613e-15 0)
(3 -1.80647e-15 0)
(3 -6.95572e-08 0)
(3.00416 7.38375e-05 0)
(1.9887 0.600221 0)
(1.06347 0.724347 0)
(1.01124 0.702039 0)
(0.995084 0.69908 0)
(0.991307 0.715233 0)
(1.00603 0.741937 0)
(1.04418 0.777929 0)
(1.11493 0.81684 0)
(1.22372 0.850056 0)
(1.35868 0.865522 0)
(3 -3.00978e-17 0)
(3 6.18656e-17 0)
(3 3.39229e-16 0)
(3 1.12052e-16 0)
(3 4.32322e-16 0)
(3 5.1199e-16 0)
(3 1.71419e-16 0)
(3 2.52362e-18 0)
(3 -2.93563e-16 0)
(3 -4.31273e-16 0)
(3 -4.59512e-16 0)
(3 -7.37931e-17 0)
(3 8.14175e-16 0)
(3 1.05825e-15 0)
(3 9.82168e-16 0)
(3 7.43811e-16 0)
(3 5.9656e-16 0)
(3 8.06909e-16 0)
(3 9.87443e-16 0)
(3 7.17107e-16 0)
(3 1.05832e-15 0)
(3 8.3434e-16 0)
(3 1.34375e-16 0)
(3 -7.72972e-17 0)
(3 -6.67034e-16 0)
(3 -2.23469e-16 0)
(3 -2.50601e-16 0)
(3 -1.69307e-16 0)
(3 -1.24235e-16 0)
(3 5.28039e-16 0)
(3 1.18688e-15 0)
(3 -2.7059e-16 0)
(3 -1.07042e-15 0)
(3 -7.43647e-16 0)
(3 -6.03868e-16 0)
(3 -6.56933e-16 0)
(3 -2.21027e-09 0)
(3.00001 -3.2921e-07 0)
(2.93222 0.22234 0)
(1.28155 0.698146 0)
(1.08269 0.719213 0)
(1.08738 0.72052 0)
(1.08178 0.7406 0)
(1.08677 0.76222 0)
(1.11477 0.788202 0)
(1.17575 0.81757 0)
(1.26531 0.839713 0)
(1.37653 0.848334 0)
(3 9.48789e-17 0)
(3 -1.31794e-16 0)
(3 -2.05525e-16 0)
(3 4.38642e-17 0)
(3 3.27648e-16 0)
(3 7.13378e-17 0)
(3 -5.48791e-16 0)
(3 -3.71953e-16 0)
(3 -8.75059e-16 0)
(3 -8.70764e-16 0)
(3 -6.55179e-16 0)
(3 -2.61471e-16 0)
(3 2.5861e-16 0)
(3 6.30905e-16 0)
(3 2.36985e-16 0)
(3 -4.22064e-16 0)
(3 -2.98744e-16 0)
(3 -1.9344e-17 0)
(3 3.03977e-16 0)
(3 1.94296e-16 0)
(3 3.36714e-16 0)
(3 5.07855e-16 0)
(3 8.30981e-16 0)
(3 1.0063e-16 0)
(3 -6.57279e-16 0)
(3 -7.92824e-16 0)
(3 -1.08217e-15 0)
(3 -7.13852e-16 0)
(3 -3.27348e-16 0)
(3 8.16784e-16 0)
(3 1.20868e-15 0)
(3 5.37105e-16 0)
(3 2.97695e-16 0)
(3 -1.11619e-16 0)
(3 -5.27997e-16 0)
(3 -6.34066e-16 0)
(3 -4.91912e-12 0)
(3 -7.9209e-07 0)
(3.04131 0.0064857 0)
(1.57247 0.659914 0)
(1.10031 0.756451 0)
(1.11156 0.765383 0)
(1.11743 0.783252 0)
(1.13982 0.795314 0)
(1.17354 0.806308 0)
(1.22831 0.817879 0)
(1.30336 0.828645 0)
(1.39688 0.831396 0)
(3 4.61207e-17 0)
(3 1.03646e-17 0)
(3 -3.01643e-16 0)
(3 -5.34364e-16 0)
(3 -7.59067e-16 0)
(3 -8.21376e-16 0)
(3 -9.34651e-16 0)
(3 -1.08222e-15 0)
(3 -1.48448e-15 0)
(3 -1.11576e-15 0)
(3 -9.84007e-16 0)
(3 -7.35716e-16 0)
(3 -5.97237e-16 0)
(3 -1.47348e-16 0)
(3 5.78157e-17 0)
(3 -1.76198e-16 0)
(3 8.92211e-17 0)
(3 6.59236e-16 0)
(3 1.19426e-15 0)
(3 1.74568e-15 0)
(3 1.32809e-15 0)
(3 -4.28904e-16 0)
(3 -6.8142e-16 0)
(3 -1.34639e-15 0)
(3 -1.10018e-15 0)
(3 -1.7872e-15 0)
(3 -1.8163e-15 0)
(3 -1.4867e-15 0)
(3 -1.14622e-15 0)
(3 1.59897e-17 0)
(3 -3.67634e-17 0)
(3 3.60208e-16 0)
(3 4.81528e-17 0)
(3 -4.40659e-16 0)
(3 -8.91769e-16 0)
(3 -9.45514e-16 0)
(3 -6.87429e-15 0)
(3 -1.5183e-07 0)
(3.0008 3.6336e-05 0)
(2.38888 0.51095 0)
(1.20585 0.789 0)
(1.13563 0.791884 0)
(1.14912 0.795668 0)
(1.17716 0.805647 0)
(1.21686 0.817282 0)
(1.27019 0.827892 0)
(1.33816 0.835071 0)
(1.41827 0.833574 0)
(3 -2.28488e-17 0)
(3 2.1244e-16 0)
(3 -2.24523e-17 0)
(3 -4.83648e-16 0)
(3 -1.50773e-15 0)
(3 -1.83237e-15 0)
(3 -1.33081e-15 0)
(3 -1.29221e-15 0)
(3 -7.2446e-16 0)
(3 -7.15877e-16 0)
(3 -3.91095e-16 0)
(3 -3.76343e-16 0)
(3 -6.12074e-16 0)
(3 -1.0922e-15 0)
(3 -1.55215e-15 0)
(3 -9.87566e-16 0)
(3 -6.126e-16 0)
(3 -7.91474e-17 0)
(3 6.54679e-17 0)
(3 -1.36952e-16 0)
(3 -6.47186e-16 0)
(3 -1.10124e-15 0)
(3 -2.11253e-15 0)
(3 -2.30653e-15 0)
(3 -1.93984e-15 0)
(3 -1.73598e-15 0)
(3 -8.95713e-16 0)
(3 -1.81919e-16 0)
(3 -3.62096e-16 0)
(3 -1.2116e-15 0)
(3 -1.40089e-15 0)
(3 -1.00067e-15 0)
(3 -7.54311e-16 0)
(3 -3.05169e-16 0)
(3 -4.55098e-16 0)
(3 -3.15587e-16 0)
(3 -5.47672e-16 0)
(3 -4.76578e-09 0)
(3.00002 -5.46183e-06 0)
(3.05765 0.072486 0)
(1.56668 0.776596 0)
(1.18497 0.786019 0)
(1.19866 0.794063 0)
(1.22173 0.806609 0)
(1.25947 0.818082 0)
(1.30939 0.827663 0)
(1.37098 0.832803 0)
(1.44235 0.8298 0)
(3 -2.68852e-16 0)
(3 -4.84503e-16 0)
(3 -6.72194e-16 0)
(3 -4.0802e-16 0)
(3 -3.55463e-16 0)
(3 -3.18234e-16 0)
(3 1.49147e-16 0)
(3 4.51585e-16 0)
(3 6.2216e-16 0)
(3 1.38526e-16 0)
(3 -1.76677e-16 0)
(3 -6.32981e-16 0)
(3 -1.00045e-15 0)
(3 -1.03298e-15 0)
(3 -1.1324e-15 0)
(3 -4.02268e-16 0)
(3 -2.19459e-16 0)
(3 -2.59428e-16 0)
(3 -9.98835e-16 0)
(3 -2.24951e-15 0)
(3 -2.06877e-15 0)
(3 -1.55554e-15 0)
(3 -1.74723e-15 0)
(3 -1.65161e-15 0)
(3 -2.88189e-15 0)
(3 -1.59659e-15 0)
(3 3.44791e-16 0)
(3 6.59169e-16 0)
(3 9.31627e-16 0)
(3 -7.33099e-16 0)
(3 -7.45844e-16 0)
(3 7.31113e-19 0)
(3 4.28539e-16 0)
(3 1.8337e-16 0)
(3 1.09397e-16 0)
(3 2.36153e-16 0)
(3 3.55429e-16 0)
(3 -1.72704e-11 0)
(3 -1.37732e-06 0)
(3.00816 0.00138138 0)
(2.29417 0.631199 0)
(1.2636 0.848297 0)
(1.22296 0.833505 0)
(1.25673 0.833605 0)
(1.29093 0.838561 0)
(1.33796 0.84384 0)
(1.39445 0.845569 0)
(1.45864 0.841254 0)
(3 9.34407e-18 0)
(3 -1.0363e-16 0)
(3 -1.09567e-16 0)
(3 -8.07092e-17 0)
(3 2.68115e-17 0)
(3 7.38563e-16 0)
(3 4.86496e-16 0)
(3 1.38858e-16 0)
(3 1.45551e-16 0)
(3 8.73962e-16 0)
(3 9.9624e-16 0)
(3 8.60305e-16 0)
(3 2.77526e-16 0)
(3 4.80722e-16 0)
(3 1.08129e-15 0)
(3 7.08721e-16 0)
(3 -2.86459e-16 0)
(3 -1.14156e-15 0)
(3 -1.54598e-15 0)
(3 -2.70393e-15 0)
(3 -3.4007e-15 0)
(3 -3.01199e-15 0)
(3 -2.34526e-15 0)
(3 -1.58993e-15 0)
(3 -1.16867e-15 0)
(3 -5.95705e-16 0)
(3 2.54019e-16 0)
(3 6.25108e-16 0)
(3 3.08035e-16 0)
(3 -1.85058e-16 0)
(3 -1.22793e-16 0)
(3 -3.55019e-16 0)
(3 -4.58628e-16 0)
(3 -1.40174e-15 0)
(3 -1.41888e-15 0)
(3 -1.31013e-15 0)
(3 1.77228e-16 0)
(3 -8.82049e-15 0)
(3 -1.17454e-07 0)
(3.00003 9.51506e-06 0)
(3.03914 0.117775 0)
(1.62684 0.827045 0)
(1.26861 0.830687 0)
(1.30525 0.833445 0)
(1.3313 0.839388 0)
(1.37333 0.842341 0)
(1.42319 0.842307 0)
(1.48056 0.838255 0)
(3 -2.68951e-17 0)
(3 -2.03943e-16 0)
(3 -2.23124e-16 0)
(3 -4.30943e-16 0)
(3 -1.19908e-16 0)
(3 -1.31336e-16 0)
(3 -2.6693e-16 0)
(3 -2.44907e-16 0)
(3 4.13299e-16 0)
(3 1.52985e-15 0)
(3 1.86854e-15 0)
(3 1.74851e-15 0)
(3 1.58127e-15 0)
(3 1.31535e-15 0)
(3 1.0664e-15 0)
(3 1.18604e-16 0)
(3 -5.0495e-16 0)
(3 -7.60116e-16 0)
(3 -1.10307e-15 0)
(3 -1.5875e-15 0)
(3 -2.55644e-15 0)
(3 -2.44217e-15 0)
(3 -1.84781e-15 0)
(3 -1.09543e-15 0)
(3 5.25951e-17 0)
(3 4.64675e-16 0)
(3 -2.13181e-17 0)
(3 -2.51499e-16 0)
(3 -4.6543e-16 0)
(3 -1.69747e-16 0)
(3 -2.59342e-16 0)
(3 -9.47549e-16 0)
(3 -1.38408e-15 0)
(3 -1.63617e-15 0)
(3 -1.8057e-15 0)
(3 -1.88634e-15 0)
(3 -1.85224e-15 0)
(3 -6.21586e-16 0)
(3 -1.4309e-09 0)
(3 -1.07152e-07 0)
(3.01061 0.00344374 0)
(2.36901 0.637241 0)
(1.35565 0.885696 0)
(1.32697 0.876366 0)
(1.35905 0.868942 0)
(1.39458 0.866264 0)
(1.43903 0.861001 0)
(1.48957 0.853998 0)
(3 -7.57565e-17 0)
(3 -9.86259e-17 0)
(3 -2.74516e-16 0)
(3 -1.0436e-16 0)
(3 4.54696e-17 0)
(3 -1.59701e-16 0)
(3 6.07003e-16 0)
(3 9.58877e-16 0)
(3 1.71915e-15 0)
(3 1.94687e-15 0)
(3 1.43723e-15 0)
(3 1.29432e-15 0)
(3 1.07797e-15 0)
(3 8.86043e-16 0)
(3 1.29999e-16 0)
(3 -6.08903e-16 0)
(3 -7.45196e-16 0)
(3 -1.02983e-15 0)
(3 -1.69169e-15 0)
(3 -1.65284e-15 0)
(3 -2.12952e-15 0)
(3 -4.64995e-16 0)
(3 1.18341e-15 0)
(3 1.36832e-15 0)
(3 2.67543e-16 0)
(3 2.763e-16 0)
(3 -4.59833e-16 0)
(3 -9.87609e-16 0)
(3 -7.08971e-16 0)
(3 -3.55528e-16 0)
(3 -3.81506e-16 0)
(3 -6.45149e-17 0)
(3 -4.63153e-16 0)
(3 -1.01878e-16 0)
(3 -2.50999e-16 0)
(3 -7.22724e-16 0)
(3 -9.29959e-16 0)
(3 2.36711e-16 0)
(3 -3.20169e-12 0)
(3 -2.67793e-08 0)
(3.00005 4.20203e-05 0)
(3.03156 0.105761 0)
(1.76098 0.836335 0)
(1.36319 0.88187 0)
(1.40161 0.874991 0)
(1.42901 0.868413 0)
(1.46647 0.858979 0)
(1.50867 0.850402 0)
(3 1.18308e-16 0)
(3 3.90874e-16 0)
(3 3.8669e-16 0)
(3 6.24811e-16 0)
(3 1.20725e-15 0)
(3 1.65494e-15 0)
(3 1.47427e-15 0)
(3 9.28153e-16 0)
(3 5.58994e-16 0)
(3 4.41353e-18 0)
(3 3.27006e-16 0)
(3 8.52228e-16 0)
(3 1.05053e-15 0)
(3 6.97299e-16 0)
(3 -1.52952e-16 0)
(3 -9.14247e-16 0)
(3 -1.15113e-15 0)
(3 -1.69955e-15 0)
(3 -2.09323e-15 0)
(3 -2.47332e-15 0)
(3 -2.05451e-15 0)
(3 1.26781e-16 0)
(3 1.5622e-15 0)
(3 2.58242e-15 0)
(3 2.09174e-15 0)
(3 5.81924e-16 0)
(3 -1.16884e-15 0)
(3 -1.96779e-15 0)
(3 -1.14474e-15 0)
(3 -8.87164e-16 0)
(3 4.51818e-16 0)
(3 -1.22578e-16 0)
(3 -5.03843e-16 0)
(3 -2.57834e-16 0)
(3 4.13707e-16 0)
(3 4.7229e-16 0)
(3 3.28365e-16 0)
(3 3.57767e-16 0)
(3 -1.41586e-15 0)
(3 -2.52657e-09 0)
(3 2.41208e-08 0)
(3.00615 0.00435275 0)
(2.61685 0.530793 0)
(1.50499 0.934224 0)
(1.42265 0.902405 0)
(1.45517 0.891881 0)
(1.4855 0.882193 0)
(1.52234 0.870445 0)
(3 -5.17957e-17 0)
(3 -3.00519e-16 0)
(3 1.61277e-16 0)
(3 3.5767e-16 0)
(3 1.14034e-15 0)
(3 1.63398e-15 0)
(3 8.89072e-16 0)
(3 5.30291e-16 0)
(3 -8.30877e-17 0)
(3 -3.02443e-16 0)
(3 5.41257e-16 0)
(3 7.59165e-16 0)
(3 8.53513e-16 0)
(3 7.73465e-16 0)
(3 1.65821e-16 0)
(3 3.82538e-16 0)
(3 -3.06757e-16 0)
(3 -3.28816e-16 0)
(3 -1.09773e-15 0)
(3 -1.01002e-15 0)
(3 -4.13834e-16 0)
(3 -2.48496e-16 0)
(3 -1.84555e-16 0)
(3 4.95075e-16 0)
(3 1.73441e-15 0)
(3 1.32675e-15 0)
(3 -6.9321e-16 0)
(3 -1.16009e-15 0)
(3 -7.99411e-16 0)
(3 -5.41025e-17 0)
(3 3.67918e-16 0)
(3 -3.62284e-16 0)
(3 -6.42625e-16 0)
(3 -1.98796e-16 0)
(3 3.92752e-16 0)
(3 1.40801e-16 0)
(3 1.01026e-16 0)
(3 2.24694e-17 0)
(3 -6.59719e-16 0)
(3 -1.00562e-10 0)
(3 -9.83685e-11 0)
(3.00002 4.67051e-05 0)
(3.03555 0.0535536 0)
(2.02 0.797417 0)
(1.47659 0.914466 0)
(1.49605 0.903697 0)
(1.52018 0.891936 0)
(1.55205 0.877979 0)
(3 -2.74793e-16 0)
(3 -3.41436e-16 0)
(3 -1.20527e-18 0)
(3 2.68949e-16 0)
(3 -3.5534e-16 0)
(3 -7.09633e-16 0)
(3 -4.84025e-16 0)
(3 -4.25804e-16 0)
(3 -6.15688e-17 0)
(3 -3.66124e-17 0)
(3 1.85852e-16 0)
(3 1.57085e-16 0)
(3 -1.43442e-16 0)
(3 -9.40811e-17 0)
(3 9.23219e-16 0)
(3 1.33536e-15 0)
(3 7.4743e-16 0)
(3 4.47871e-16 0)
(3 -6.85999e-17 0)
(3 2.22399e-16 0)
(3 -2.17068e-16 0)
(3 -7.9292e-16 0)
(3 -7.27814e-16 0)
(3 -9.75215e-16 0)
(3 -6.18746e-16 0)
(3 1.43112e-16 0)
(3 1.82305e-16 0)
(3 -9.11112e-16 0)
(3 -1.66912e-15 0)
(3 -1.23044e-15 0)
(3 -6.29878e-16 0)
(3 8.92063e-17 0)
(3 -1.20885e-16 0)
(3 2.60361e-16 0)
(3 5.90293e-16 0)
(3 9.01556e-17 0)
(3 -9.63738e-16 0)
(3 -1.36481e-15 0)
(3 -2.09421e-15 0)
(3 -8.82842e-13 0)
(3 -3.09446e-11 0)
(3 3.63475e-08 0)
(3.00166 0.00235864 0)
(2.83775 0.314359 0)
(1.73999 0.903513 0)
(1.51223 0.928195 0)
(1.54818 0.916936 0)
(1.5798 0.901298 0)
(3 -3.21814e-17 0)
(3 5.73016e-16 0)
(3 7.09998e-16 0)
(3 -4.47006e-17 0)
(3 -6.22496e-16 0)
(3 -1.01877e-15 0)
(3 -4.69528e-16 0)
(3 -8.3471e-17 0)
(3 3.12173e-16 0)
(3 2.1485e-16 0)
(3 -5.39455e-16 0)
(3 -3.4746e-16 0)
(3 -2.90167e-16 0)
(3 4.24985e-16 0)
(3 1.22584e-15 0)
(3 1.50325e-15 0)
(3 1.1487e-15 0)
(3 6.12913e-16 0)
(3 6.10993e-16 0)
(3 8.21255e-16 0)
(3 5.93896e-16 0)
(3 7.2334e-16 0)
(3 4.7964e-16 0)
(3 -3.3831e-16 0)
(3 -1.03959e-15 0)
(3 -1.04263e-15 0)
(3 1.00448e-16 0)
(3 4.46736e-16 0)
(3 -5.51225e-17 0)
(3 -7.32732e-16 0)
(3 -1.47994e-15 0)
(3 -1.41809e-15 0)
(3 -1.93267e-16 0)
(3 -3.57849e-17 0)
(3 1.90152e-16 0)
(3 4.991e-16 0)
(3 -4.64781e-16 0)
(3 -2.38099e-15 0)
(3 -2.69466e-15 0)
(3 -3.67567e-15 0)
(3 -4.03295e-12 0)
(3 3.67183e-12 0)
(3 1.24667e-05 0)
(3.00978 0.0213527 0)
(2.41563 0.645369 0)
(1.60552 0.95108 0)
(1.56537 0.941155 0)
(1.59684 0.923819 0)
(3 3.44534e-16 0)
(3 3.50317e-16 0)
(3 3.30173e-16 0)
(3 -6.97462e-17 0)
(3 -2.38839e-16 0)
(3 -3.74055e-16 0)
(3 -2.21055e-16 0)
(3 1.59144e-16 0)
(3 -5.67663e-17 0)
(3 -4.20114e-17 0)
(3 -6.93489e-17 0)
(3 -3.9781e-16 0)
(3 2.30091e-17 0)
(3 3.34571e-16 0)
(3 7.07369e-16 0)
(3 1.312e-16 0)
(3 2.53001e-16 0)
(3 1.04e-17 0)
(3 9.25512e-16 0)
(3 1.54022e-15 0)
(3 1.73295e-15 0)
(3 2.02522e-15 0)
(3 1.75048e-15 0)
(3 1.23338e-15 0)
(3 -5.68563e-16 0)
(3 -1.63812e-15 0)
(3 -1.39413e-15 0)
(3 -5.70912e-16 0)
(3 3.87948e-17 0)
(3 -5.95896e-16 0)
(3 -1.82322e-15 0)
(3 -1.29499e-15 0)
(3 -1.61532e-17 0)
(3 8.26293e-16 0)
(3 1.1702e-15 0)
(3 6.81629e-16 0)
(3 -1.44057e-17 0)
(3 -7.83063e-16 0)
(3 -9.65541e-16 0)
(3 -9.39806e-16 0)
(3 -2.52042e-13 0)
(3 -2.52868e-13 0)
(3 6.83215e-09 0)
(3.00007 0.000625973 0)
(2.9872 0.114318 0)
(2.04273 0.811604 0)
(1.62269 0.943051 0)
(1.6218 0.937857 0)
(3 1.42057e-16 0)
(3 -9.80091e-18 0)
(3 -3.46694e-16 0)
(3 -9.56172e-17 0)
(3 -4.10064e-17 0)
(3 -4.95056e-16 0)
(3 -7.64196e-16 0)
(3 -3.77122e-16 0)
(3 -4.118e-16 0)
(3 -1.6262e-16 0)
(3 9.88668e-17 0)
(3 -1.47812e-16 0)
(3 7.10338e-17 0)
(3 -6.03872e-16 0)
(3 -9.82395e-16 0)
(3 -9.99527e-16 0)
(3 -1.37518e-16 0)
(3 5.89011e-16 0)
(3 1.30586e-15 0)
(3 1.28159e-15 0)
(3 1.45558e-15 0)
(3 1.53835e-15 0)
(3 1.5869e-15 0)
(3 4.13796e-16 0)
(3 -6.97667e-17 0)
(3 -9.74258e-16 0)
(3 -1.98963e-15 0)
(3 -1.81374e-15 0)
(3 -1.22137e-15 0)
(3 -5.19104e-16 0)
(3 1.48981e-16 0)
(3 4.63936e-16 0)
(3 1.00035e-15 0)
(3 1.26133e-15 0)
(3 1.12951e-15 0)
(3 7.32619e-16 0)
(3 8.4056e-17 0)
(3 4.12181e-16 0)
(3 3.77321e-16 0)
(3 -3.58767e-16 0)
(3 -4.77964e-15 0)
(3 -8.53528e-14 0)
(3 1.99911e-12 0)
(3 1.45707e-06 0)
(3.00142 0.0063152 0)
(2.78438 0.338927 0)
(1.86501 0.894253 0)
(1.64996 0.955993 0)
(3 -2.17921e-16 0)
(3 -1.40461e-16 0)
(3 -2.80083e-16 0)
(3 -4.91432e-16 0)
(3 -2.08126e-16 0)
(3 -2.77971e-16 0)
(3 -4.12195e-16 0)
(3 -9.58397e-16 0)
(3 -1.09452e-15 0)
(3 -5.68124e-16 0)
(3 -7.49462e-16 0)
(3 -8.154e-16 0)
(3 -1.06106e-15 0)
(3 -1.84713e-15 0)
(3 -1.7665e-15 0)
(3 -1.40414e-15 0)
(3 -8.92866e-17 0)
(3 6.81435e-16 0)
(3 6.69647e-16 0)
(3 1.25514e-15 0)
(3 1.85529e-15 0)
(3 2.10755e-15 0)
(3 1.06985e-15 0)
(3 -4.68692e-16 0)
(3 -3.49541e-16 0)
(3 -1.02998e-16 0)
(3 3.28314e-16 0)
(3 6.74777e-16 0)
(3 4.44376e-16 0)
(3 3.07347e-17 0)
(3 -2.18176e-16 0)
(3 2.84654e-16 0)
(3 5.20216e-16 0)
(3 1.53513e-15 0)
(3 1.53391e-15 0)
(3 9.36413e-16 0)
(3 8.20042e-17 0)
(3 4.22732e-16 0)
(3 3.19744e-16 0)
(3 1.6201e-16 0)
(3 -1.12741e-18 0)
(3 -1.22993e-14 0)
(3 -1.30093e-14 0)
(3 8.50632e-10 0)
(2.99999 5.97271e-05 0)
(3.00048 0.0275457 0)
(2.49178 0.568619 0)
(1.79149 0.945764 0)
(3 -2.52072e-16 0)
(3 -1.32836e-16 0)
(3 -3.24978e-16 0)
(3 -1.63954e-16 0)
(3 -1.68216e-16 0)
(3 4.53184e-16 0)
(3 3.42646e-16 0)
(3 -3.34513e-16 0)
(3 -6.54788e-16 0)
(3 -8.00105e-16 0)
(3 -1.20585e-15 0)
(3 -1.86649e-15 0)
(3 -2.06317e-15 0)
(3 -1.6393e-15 0)
(3 -7.54144e-16 0)
(3 -8.00722e-16 0)
(3 -7.39042e-16 0)
(3 -4.98854e-16 0)
(3 7.02619e-17 0)
(3 1.65083e-16 0)
(3 5.20507e-16 0)
(3 8.07928e-16 0)
(3 3.98184e-16 0)
(3 1.8009e-16 0)
(3 1.00161e-16 0)
(3 1.63637e-16 0)
(3 1.73831e-15 0)
(3 2.12993e-15 0)
(3 2.13117e-15 0)
(3 1.13695e-15 0)
(3 9.25341e-16 0)
(3 9.16396e-16 0)
(3 9.47393e-16 0)
(3 1.09689e-15 0)
(3 1.57369e-15 0)
(3 1.02317e-15 0)
(3 7.1534e-16 0)
(3 5.54732e-16 0)
(3 8.28792e-16 0)
(3 9.37381e-16 0)
(3 -6.21136e-17 0)
(3 -2.8883e-15 0)
(3 -7.2727e-15 0)
(3 1.82202e-13 0)
(3 6.28542e-08 0)
(2.99994 0.000813963 0)
(2.96955 0.0869297 0)
(2.27373 0.729958 0)
(3 1.92802e-16 0)
(3 -5.79228e-17 0)
(3 -1.4367e-16 0)
(3 2.09708e-16 0)
(3 1.4693e-16 0)
(3 5.65249e-16 0)
(3 1.01419e-15 0)
(3 1.05729e-15 0)
(3 1.23027e-15 0)
(3 5.32192e-16 0)
(3 -5.81285e-16 0)
(3 -6.78745e-16 0)
(3 -7.30203e-16 0)
(3 -2.71017e-16 0)
(3 3.34804e-16 0)
(3 8.45855e-16 0)
(3 7.66163e-16 0)
(3 5.88474e-16 0)
(3 7.69483e-16 0)
(3 6.09555e-16 0)
(3 4.84494e-16 0)
(3 1.84714e-16 0)
(3 1.96727e-16 0)
(3 4.68959e-16 0)
(3 8.67062e-16 0)
(3 7.40091e-16 0)
(3 8.66911e-16 0)
(3 1.23421e-15 0)
(3 1.26622e-15 0)
(3 2.01403e-15 0)
(3 2.2332e-15 0)
(3 1.51889e-15 0)
(3 4.71528e-16 0)
(3 1.40902e-16 0)
(3 6.88863e-17 0)
(3 1.60999e-15 0)
(3 1.68331e-15 0)
(3 1.18201e-15 0)
(3 7.79303e-16 0)
(3 5.75366e-16 0)
(3 -4.76241e-16 0)
(3 -5.60544e-16 0)
(3 -1.69587e-15 0)
(3 -2.35906e-15 0)
(3 3.47266e-11 0)
(3 2.08891e-06 0)
(2.99957 0.00442628 0)
(2.88699 0.212257 0)
(3 5.07254e-17 0)
(3 1.28079e-17 0)
(3 4.18891e-16 0)
(3 2.28482e-16 0)
(3 -5.7485e-17 0)
(3 -4.50657e-16 0)
(3 -3.81866e-16 0)
(3 3.77797e-16 0)
(3 3.38344e-17 0)
(3 1.0796e-16 0)
(3 4.84025e-17 0)
(3 7.96681e-16 0)
(3 -1.83141e-16 0)
(3 -1.09294e-16 0)
(3 -1.32979e-16 0)
(3 9.82914e-16 0)
(3 1.67606e-15 0)
(3 1.65078e-15 0)
(3 1.20753e-15 0)
(3 9.80241e-16 0)
(3 5.25023e-16 0)
(3 3.2052e-17 0)
(3 -1.77919e-16 0)
(3 9.78193e-17 0)
(3 5.69154e-16 0)
(3 9.34284e-16 0)
(3 3.85934e-16 0)
(3 1.99028e-16 0)
(3 5.20992e-16 0)
(3 9.44256e-16 0)
(3 9.91859e-16 0)
(3 5.45939e-16 0)
(3 6.12707e-16 0)
(3 1.07221e-16 0)
(3 -6.8486e-16 0)
(3 4.42766e-16 0)
(3 1.28619e-15 0)
(3 1.78443e-15 0)
(3 1.3651e-15 0)
(3 1.62978e-16 0)
(3 2.77256e-17 0)
(3 5.70524e-16 0)
(3 1.94808e-16 0)
(3 -1.2274e-15 0)
(3 2.31086e-15 0)
(3 1.87496e-09 0)
(2.99999 2.94943e-05 0)
(2.99757 0.0147687 0)
(3 -1.24726e-16 0)
(3 1.53501e-16 0)
(3 7.40279e-16 0)
(3 3.41035e-16 0)
(3 2.563e-16 0)
(3 -6.0244e-16 0)
(3 -1.26596e-15 0)
(3 -9.09361e-16 0)
(3 -8.66163e-16 0)
(3 -4.12071e-16 0)
(3 1.0712e-15 0)
(3 1.79463e-15 0)
(3 1.69563e-15 0)
(3 3.78842e-16 0)
(3 -6.12792e-17 0)
(3 -1.26908e-16 0)
(3 5.76385e-16 0)
(3 5.56777e-16 0)
(3 3.75039e-16 0)
(3 5.6086e-17 0)
(3 -4.77434e-16 0)
(3 -6.5707e-16 0)
(3 -9.12177e-16 0)
(3 -6.18938e-16 0)
(3 -4.82561e-16 0)
(3 2.33363e-16 0)
(3 4.58835e-16 0)
(3 1.9448e-16 0)
(3 1.33118e-16 0)
(3 2.1551e-16 0)
(3 1.64582e-16 0)
(3 -1.69762e-16 0)
(3 -7.03239e-16 0)
(3 -1.42306e-15 0)
(3 -1.85985e-15 0)
(3 -9.35297e-16 0)
(3 5.48404e-16 0)
(3 1.03266e-15 0)
(3 9.76623e-16 0)
(3 1.00561e-15 0)
(3 1.49959e-15 0)
(3 8.62232e-18 0)
(3 -9.96729e-16 0)
(3 -1.16531e-15 0)
(3 -1.48613e-15 0)
(3 3.84278e-13 0)
(3 3.66053e-08 0)
(2.99994 0.000234175 0)
(3 1.88314e-16 0)
(3 2.37887e-16 0)
(3 2.70037e-16 0)
(3 4.81685e-16 0)
(3 9.58793e-17 0)
(3 9.35644e-18 0)
(3 -1.3469e-16 0)
(3 -2.68192e-16 0)
(3 -2.82938e-18 0)
(3 3.94299e-16 0)
(3 9.29388e-16 0)
(3 8.23858e-16 0)
(3 1.03229e-15 0)
(3 7.71e-16 0)
(3 3.31103e-16 0)
(3 -1.11292e-16 0)
(3 -3.40858e-16 0)
(3 -2.66766e-16 0)
(3 6.36002e-17 0)
(3 1.83897e-16 0)
(3 -1.11348e-15 0)
(3 -1.07566e-15 0)
(3 -8.84821e-16 0)
(3 -7.58053e-16 0)
(3 -5.71825e-16 0)
(3 -3.90652e-16 0)
(3 4.11803e-16 0)
(3 1.08184e-15 0)
(3 1.13116e-15 0)
(3 1.39812e-15 0)
(3 7.72614e-16 0)
(3 3.65893e-16 0)
(3 -7.92529e-16 0)
(3 -2.09078e-15 0)
(3 -1.93441e-15 0)
(3 -6.89055e-16 0)
(3 -3.93875e-16 0)
(3 -7.511e-16 0)
(3 -5.07361e-16 0)
(3 8.38076e-16 0)
(3 1.19455e-15 0)
(3 1.95718e-16 0)
(3 -4.76002e-16 0)
(3 1.20976e-16 0)
(3 -8.02978e-16 0)
(3 -1.73122e-16 0)
(3 1.72522e-11 0)
(3 4.29625e-07 0)
(3 -8.2605e-18 0)
(3 -3.05437e-17 0)
(3 -1.49455e-16 0)
(3 8.34724e-17 0)
(3 -1.1395e-16 0)
(3 -2.016e-16 0)
(3 -4.15367e-17 0)
(3 -8.92901e-17 0)
(3 1.40419e-16 0)
(3 5.79368e-16 0)
(3 6.15974e-16 0)
(3 8.04646e-16 0)
(3 7.40341e-16 0)
(3 1.59903e-15 0)
(3 1.54983e-15 0)
(3 7.59543e-16 0)
(3 -1.37942e-15 0)
(3 -1.47687e-15 0)
(3 -1.59485e-15 0)
(3 -1.55166e-15 0)
(3 -1.9877e-15 0)
(3 -1.65776e-15 0)
(3 -1.31639e-15 0)
(3 -1.12389e-15 0)
(3 -4.93866e-16 0)
(3 -8.73756e-16 0)
(3 -7.12948e-16 0)
(3 2.1611e-16 0)
(3 4.89383e-16 0)
(3 7.85048e-16 0)
(3 5.9346e-16 0)
(3 -2.32978e-16 0)
(3 -4.78552e-16 0)
(3 -6.80654e-16 0)
(3 -7.6595e-16 0)
(3 -7.65323e-16 0)
(3 -5.52462e-16 0)
(3 -8.74609e-16 0)
(3 -2.00175e-16 0)
(3 4.20674e-16 0)
(3 7.56285e-16 0)
(3 9.78277e-16 0)
(3 1.29622e-15 0)
(3 9.37208e-16 0)
(3 1.4719e-15 0)
(3 6.06445e-16 0)
(3 2.03135e-15 0)
(3 3.83642e-10 0)
(3 -1.45228e-16 0)
(3 -1.0799e-16 0)
(3 -4.58951e-16 0)
(3 -1.23807e-16 0)
(3 5.83272e-16 0)
(3 5.06554e-16 0)
(3 2.50604e-16 0)
(3 -4.41602e-16 0)
(3 -1.4348e-16 0)
(3 3.75214e-16 0)
(3 1.27517e-16 0)
(3 4.47682e-16 0)
(3 3.90979e-16 0)
(3 3.34535e-16 0)
(3 2.10442e-16 0)
(3 3.29111e-17 0)
(3 -4.36874e-16 0)
(3 -1.0783e-15 0)
(3 -1.7491e-15 0)
(3 -1.99268e-15 0)
(3 -2.43953e-15 0)
(3 -2.37841e-15 0)
(3 -2.23328e-15 0)
(3 -1.77306e-15 0)
(3 -9.35848e-16 0)
(3 -9.18361e-16 0)
(3 -1.1049e-15 0)
(3 -1.0625e-15 0)
(3 -6.36743e-16 0)
(3 -1.07326e-15 0)
(3 -1.05162e-15 0)
(3 -9.54512e-16 0)
(3 -2.40961e-16 0)
(3 -6.41617e-16 0)
(3 -1.03353e-15 0)
(3 -1.46688e-15 0)
(3 -1.19313e-15 0)
(3 -4.64165e-16 0)
(3 4.85609e-16 0)
(3 9.97622e-16 0)
(3 1.49029e-15 0)
(3 1.1593e-15 0)
(3 9.11538e-16 0)
(3 7.10244e-16 0)
(3 8.20928e-16 0)
(3 1.59478e-15 0)
(3 1.72605e-15 0)
(3 4.12551e-14 0)
(3 4.81512e-17 0)
(3 4.3541e-16 0)
(3 3.65771e-16 0)
(3 -1.24663e-16 0)
(3 -7.81129e-17 0)
(3 -1.37355e-17 0)
(3 -7.18029e-17 0)
(3 -5.40757e-16 0)
(3 -2.3286e-16 0)
(3 -2.40563e-16 0)
(3 -6.15288e-16 0)
(3 -3.96597e-16 0)
(3 -3.69344e-16 0)
(3 -6.14731e-16 0)
(3 -9.63854e-16 0)
(3 -1.80158e-16 0)
(3 1.51069e-16 0)
(3 -3.37754e-16 0)
(3 -4.48298e-16 0)
(3 -8.71565e-16 0)
(3 -1.08767e-15 0)
(3 -1.56524e-15 0)
(3 -5.402e-16 0)
(3 -9.50409e-17 0)
(3 2.27861e-17 0)
(3 2.90219e-17 0)
(3 -2.81345e-16 0)
(3 -8.86003e-16 0)
(3 -1.01841e-15 0)
(3 -1.7398e-15 0)
(3 -1.45589e-15 0)
(3 -5.85597e-16 0)
(3 -4.89308e-16 0)
(3 -1.02984e-15 0)
(3 -1.36218e-15 0)
(3 -1.62688e-15 0)
(3 -1.49497e-15 0)
(3 -4.20446e-16 0)
(3 -1.08985e-16 0)
(3 2.56655e-16 0)
(3 5.04615e-16 0)
(3 5.42063e-16 0)
(3 9.32964e-16 0)
(3 7.85822e-16 0)
(3 7.53725e-16 0)
(3 7.05328e-16 0)
(3 6.03448e-16 0)
(3 1.68041e-16 0)
(3 1.08944e-16 0)
(3 -2.14401e-16 0)
(3 -5.03123e-16 0)
(3 -7.94537e-16 0)
(3 -3.9991e-16 0)
(3 2.27383e-16 0)
(3 7.01544e-16 0)
(3 8.21443e-16 0)
(3 9.69544e-17 0)
(3 -8.7246e-17 0)
(3 -7.98372e-17 0)
(3 -5.49015e-16 0)
(3 -9.41615e-16 0)
(3 -1.19146e-15 0)
(3 -8.479e-16 0)
(3 -4.96383e-16 0)
(3 5.57014e-16 0)
(3 2.17797e-16 0)
(3 3.36303e-16 0)
(3 -8.57925e-17 0)
(3 7.25293e-16 0)
(3 1.40968e-15 0)
(3 1.91079e-15 0)
(3 1.7808e-15 0)
(3 4.00698e-16 0)
(3 8.01419e-16 0)
(3 3.66108e-16 0)
(3 4.06997e-17 0)
(3 -6.13331e-16 0)
(3 -1.06556e-15 0)
(3 -3.66275e-16 0)
(3 -1.76299e-16 0)
(3 -1.19783e-15 0)
(3 -1.49824e-15 0)
(3 -1.59545e-15 0)
(3 -1.36242e-15 0)
(3 -8.99315e-16 0)
(3 2.65749e-16 0)
(3 4.75129e-16 0)
(3 8.95801e-16 0)
(3 1.07176e-15 0)
(3 1.15765e-15 0)
(3 1.20089e-15 0)
(3 -1.40337e-16 0)
(3 -1.36879e-16 0)
(3 -7.0158e-16 0)
(3 -9.38182e-16 0)
(3 -1.45901e-15 0)
(3 -4.04292e-17 0)
(3 -6.38727e-16 0)
(3 -5.99521e-16 0)
(3 -4.12661e-16 0)
(3 7.27978e-18 0)
(3 1.34991e-15 0)
(3 1.46076e-15 0)
(3 1.31406e-15 0)
(3 5.54269e-16 0)
(3 1.06397e-16 0)
(3 9.23242e-17 0)
(3 -1.21389e-15 0)
(3 -1.29448e-15 0)
(3 -3.30891e-16 0)
(3 -3.03893e-16 0)
(3 -2.5197e-16 0)
(3 -1.58489e-16 0)
(3 -2.29215e-16 0)
(3 -8.9633e-17 0)
(3 -1.42204e-17 0)
(3 1.98313e-15 0)
(3 2.6835e-15 0)
(3 2.2813e-15 0)
(3 1.65673e-15 0)
(3 9.06881e-16 0)
(3 5.43059e-16 0)
(3 8.67526e-16 0)
(3 7.43598e-16 0)
(3 -4.90173e-17 0)
(3 3.31481e-16 0)
(3 3.9617e-16 0)
(3 -1.00462e-16 0)
(3 -9.92985e-16 0)
(3 -1.05936e-15 0)
(3 -6.99846e-16 0)
(3 -2.98592e-16 0)
(3 -3.10195e-16 0)
(3 2.91063e-16 0)
(3 9.57891e-16 0)
(3 2.14726e-15 0)
(3 2.4033e-15 0)
(3 1.31683e-15 0)
(3 -2.71796e-16 0)
(3 -6.54707e-16 0)
(3 -9.26572e-16 0)
(3 -1.38439e-15 0)
(3 -1.41625e-15 0)
(3 -2.53336e-15 0)
(3 3.47492e-16 0)
(3 1.04348e-15 0)
(3 1.1713e-15 0)
(3 5.71197e-16 0)
(3 -4.95134e-16 0)
(3 -4.55931e-16 0)
(3 2.17368e-16 0)
(3 4.25505e-16 0)
(3 4.94937e-16 0)
(3 4.60011e-16 0)
(3 -1.17247e-17 0)
(3 -6.03653e-16 0)
(3 -7.35279e-16 0)
(3 -5.40418e-17 0)
(3 -7.89971e-16 0)
(3 -1.30662e-15 0)
(3 -1.3438e-15 0)
(3 -9.01437e-16 0)
(3 -1.45565e-16 0)
(3 8.37109e-16 0)
(3 1.30376e-15 0)
(3 1.29182e-15 0)
(3 1.0276e-15 0)
(3 9.0982e-16 0)
(3 9.23469e-16 0)
(3 3.09438e-17 0)
(3 -1.85991e-16 0)
(3 -4.97537e-16 0)
(3 -4.06011e-16 0)
(3 5.346e-18 0)
(3 -1.33373e-17 0)
(3 -8.57665e-17 0)
(3 3.79635e-16 0)
(3 9.60468e-17 0)
(3 7.36199e-17 0)
(3 -2.50257e-16 0)
(3 -5.45697e-16 0)
(3 -3.11948e-16 0)
(3 5.28999e-16 0)
(3 9.24627e-16 0)
(3 7.0238e-16 0)
(3 5.99741e-16 0)
(3 3.14559e-16 0)
(3 -3.17273e-16 0)
(3 -1.16688e-15 0)
(3 -1.85914e-15 0)
(3 -2.20354e-15 0)
(3 -2.76526e-15 0)
(3 4.22518e-16 0)
(3 3.49068e-16 0)
(3 4.75716e-17 0)
(3 2.44363e-16 0)
(3 -1.63706e-16 0)
(3 -1.41934e-16 0)
(3 -7.35613e-17 0)
(3 -7.11187e-17 0)
(3 -2.63928e-16 0)
(3 -1.45351e-16 0)
(3 8.33872e-17 0)
(3 4.0762e-16 0)
(3 -2.89102e-16 0)
(3 -9.66831e-16 0)
(3 -1.4909e-15 0)
(3 -1.70643e-15 0)
(3 -1.35025e-15 0)
(3 7.1946e-16 0)
(3 1.37542e-15 0)
(3 1.0554e-15 0)
(3 5.72006e-16 0)
(3 3.7602e-16 0)
(3 -8.3865e-17 0)
(3 -9.59376e-16 0)
(3 -1.73723e-15 0)
(3 -2.15128e-15 0)
(3 -2.68941e-15 0)
(3 -2.32986e-15 0)
(3 -1.81908e-15 0)
(3 -1.53302e-15 0)
(3 -1.23264e-15 0)
(3 -5.98558e-16 0)
(3 1.58475e-16 0)
(3 5.79575e-16 0)
(3 1.58153e-16 0)
(3 -9.60706e-16 0)
(3 -1.00869e-15 0)
(3 -5.99927e-16 0)
(3 -7.47664e-16 0)
(3 -1.40372e-15 0)
(3 -1.0284e-15 0)
(3 2.10945e-16 0)
(3 5.7379e-16 0)
(3 3.28772e-16 0)
(3 -2.93687e-16 0)
(3 -1.10563e-15 0)
(3 -1.50068e-15 0)
(3 -1.44333e-15 0)
(3 -2.9684e-17 0)
(3 -8.26637e-17 0)
(3 1.70667e-16 0)
(3 4.19669e-16 0)
(3 1.1727e-15 0)
(3 1.08644e-15 0)
(3 2.10256e-16 0)
(3 -6.23325e-16 0)
(3 -7.62729e-16 0)
(3 -5.92464e-16 0)
(3 -2.28064e-16 0)
(3 3.95302e-16 0)
(3 7.10017e-16 0)
(3 1.23298e-16 0)
(3 -1.15062e-16 0)
(3 -2.84143e-16 0)
(3 -1.43164e-16 0)
(3 3.4299e-16 0)
(3 6.00516e-16 0)
(3 -2.07386e-16 0)
(3 -4.70934e-16 0)
(3 -3.28688e-16 0)
(3 -4.69462e-16 0)
(3 -6.60117e-16 0)
(3 -6.18928e-16 0)
(3 -8.7722e-16 0)
(3 -1.71694e-15 0)
(3 -1.73039e-15 0)
(3 -1.51555e-15 0)
(3 -1.58036e-15 0)
(3 -1.64797e-15 0)
(3 -1.31952e-15 0)
(3 -1.13146e-15 0)
(3 -6.29389e-16 0)
(3 -8.30459e-16 0)
(3 -5.96987e-16 0)
(3 -9.29597e-16 0)
(3 -2.54091e-15 0)
(3 -2.82444e-15 0)
(3 -2.37242e-15 0)
(3 -7.15988e-16 0)
(3 3.22121e-16 0)
(3 1.13268e-15 0)
(3 1.21785e-15 0)
(3 9.85706e-16 0)
(3 2.66134e-16 0)
(3 -3.87045e-16 0)
(3 -1.13767e-16 0)
(1.52283 1.23335 0)
(1.88101 1.44433 0)
(2.13768 1.28339 0)
(2.47275 0.803531 0)
(2.6786 0.363192 0)
(2.63299 0.0141916 0)
(2.57484 -0.203534 0)
(2.47053 -0.323955 0)
(2.38076 -0.377414 0)
(2.42504 -0.401566 0)
(2.45163 -0.299872 0)
(2.42112 -0.180939 0)
(2.41328 -0.110903 0)
(2.39708 -0.0941041 0)
(2.3667 -0.103435 0)
(2.35937 -0.0918191 0)
(2.38869 -0.0741039 0)
(2.40334 -0.0634605 0)
(2.39186 -0.0304664 0)
(2.36593 -0.00409396 0)
(2.36076 -0.00372525 0)
(2.36375 -0.00886666 0)
(2.38276 -0.015811 0)
(2.38728 -0.0184237 0)
(2.384 -0.0167428 0)
(2.37794 -0.00859467 0)
(2.37314 -0.00315602 0)
(2.37105 -0.00229255 0)
(2.37555 -0.0105579 0)
(2.09284 0.0225079 0)
(0.978319 0.0427468 0)
(0.738702 0.0485312 0)
(0.631112 0.0461464 0)
(0.54337 0.0426768 0)
(0.470136 0.0393507 0)
(0.40286 0.0367596 0)
(0.342629 0.0346877 0)
(0.290802 0.032843 0)
(0.24544 0.030829 0)
(0.204951 0.0285706 0)
(0.16874 0.025809 0)
(0.136134 0.0229325 0)
(0.106822 0.0202112 0)
(0.081323 0.017604 0)
(0.0599872 0.0149016 0)
(0.0414251 0.0118844 0)
(0.02421 0.00885783 0)
(0.00676332 0.0060999 0)
(1.77431 1.07443 0)
(2.26408 0.871634 0)
(2.50303 0.548091 0)
(2.67004 -0.0011104 0)
(2.70559 -0.282458 0)
(2.74698 -0.392104 0)
(2.71864 -0.564386 0)
(2.71501 -0.641293 0)
(2.7485 -0.649483 0)
(2.66375 -0.5602 0)
(2.57808 -0.441096 0)
(2.50783 -0.282882 0)
(2.4695 -0.171108 0)
(2.46369 -0.118086 0)
(2.45688 -0.0812669 0)
(2.45077 -0.05825 0)
(2.44925 -0.0491792 0)
(2.44631 -0.0417837 0)
(2.4278 -0.0161792 0)
(2.40677 0.0188532 0)
(2.39648 0.0175614 0)
(2.39108 0.00502284 0)
(2.40435 -0.0160933 0)
(2.42189 -0.0360086 0)
(2.42605 -0.0373516 0)
(2.42469 -0.0279027 0)
(2.41674 -0.00613298 0)
(2.40616 0.0109655 0)
(2.40582 0.00737159 0)
(2.24443 0.0964137 0)
(1.05788 0.188203 0)
(0.787249 0.158248 0)
(0.684475 0.1375 0)
(0.596997 0.122719 0)
(0.525552 0.104945 0)
(0.46094 0.0901533 0)
(0.400805 0.0802926 0)
(0.345594 0.0725012 0)
(0.295792 0.0637444 0)
(0.251261 0.0554496 0)
(0.211091 0.0491303 0)
(0.173671 0.0450937 0)
(0.139018 0.041056 0)
(0.108372 0.0373066 0)
(0.0825777 0.0330121 0)
(0.0592578 0.0296898 0)
(0.0360368 0.0269037 0)
(0.0110931 0.0231381 0)
(1.653 1.0628 0)
(2.11952 0.809798 0)
(2.34278 0.624427 0)
(2.43502 0.455991 0)
(2.5996 0.119238 0)
(2.68813 -0.000977723 0)
(2.71123 -0.0940794 0)
(2.7407 -0.275917 0)
(2.73868 -0.348548 0)
(2.76079 -0.40984 0)
(2.7607 -0.44555 0)
(2.72067 -0.46866 0)
(2.66777 -0.397782 0)
(2.65438 -0.328613 0)
(2.66257 -0.287369 0)
(2.66765 -0.251882 0)
(2.63864 -0.197666 0)
(2.55818 -0.143635 0)
(2.5159 -0.0907279 0)
(2.50332 -0.0333573 0)
(2.49381 -0.0171328 0)
(2.48246 -0.0145778 0)
(2.47297 -0.00333452 0)
(2.47438 0.00614939 0)
(2.48621 -0.00138544 0)
(2.49313 -0.0199909 0)
(2.48954 -0.0292159 0)
(2.48109 -0.032327 0)
(2.46641 -0.026184 0)
(2.45588 0.013908 0)
(1.27826 0.292337 0)
(0.901869 0.242316 0)
(0.807004 0.199853 0)
(0.716195 0.181929 0)
(0.635508 0.166703 0)
(0.564268 0.151528 0)
(0.500596 0.140326 0)
(0.43736 0.133346 0)
(0.374215 0.126282 0)
(0.316091 0.115992 0)
(0.265764 0.105314 0)
(0.219982 0.0961824 0)
(0.175937 0.0871972 0)
(0.136096 0.078708 0)
(0.1028 0.0699292 0)
(0.07327 0.0624208 0)
(0.0448579 0.0546606 0)
(0.0146988 0.0468137 0)
(1.61605 0.972362 0)
(1.89985 0.872059 0)
(2.10019 0.767287 0)
(2.33064 0.50626 0)
(2.47868 0.239684 0)
(2.56088 0.158256 0)
(2.58756 0.0966142 0)
(2.66493 -0.0878004 0)
(2.7124 -0.281458 0)
(2.71354 -0.330808 0)
(2.76115 -0.420353 0)
(2.76312 -0.497083 0)
(2.78475 -0.49437 0)
(2.76305 -0.455274 0)
(2.75037 -0.433743 0)
(2.73581 -0.414376 0)
(2.70423 -0.362219 0)
(2.6534 -0.301062 0)
(2.64096 -0.25772 0)
(2.62663 -0.180915 0)
(2.61504 -0.129968 0)
(2.58802 -0.0942802 0)
(2.55205 -0.0507613 0)
(2.53908 -0.0288519 0)
(2.53058 -0.02587 0)
(2.5298 -0.0160843 0)
(2.53742 -0.00758714 0)
(2.53681 -0.00542026 0)
(2.529 -0.00888399 0)
(2.51339 0.00338094 0)
(1.67077 0.353856 0)
(0.993058 0.345776 0)
(0.924827 0.289152 0)
(0.861556 0.254254 0)
(0.789088 0.234418 0)
(0.717404 0.218017 0)
(0.650119 0.202153 0)
(0.582338 0.189386 0)
(0.509776 0.178408 0)
(0.438297 0.16491 0)
(0.373793 0.148276 0)
(0.314996 0.133423 0)
(0.256527 0.12139 0)
(0.201653 0.112053 0)
(0.153466 0.10326 0)
(0.110296 0.0961497 0)
(0.0685074 0.088171 0)
(0.0236698 0.0808684 0)
(1.56894 0.924158 0)
(1.80187 0.842277 0)
(1.98162 0.765551 0)
(2.17118 0.605077 0)
(2.31778 0.415903 0)
(2.39885 0.330701 0)
(2.50107 0.165923 0)
(2.5653 0.036092 0)
(2.60602 -0.0141573 0)
(2.63402 -0.0873423 0)
(2.67596 -0.197498 0)
(2.69541 -0.297811 0)
(2.72371 -0.325608 0)
(2.74354 -0.336138 0)
(2.72852 -0.395231 0)
(2.70995 -0.406374 0)
(2.70826 -0.403155 0)
(2.70152 -0.403702 0)
(2.70488 -0.39071 0)
(2.70784 -0.335875 0)
(2.6996 -0.261651 0)
(2.67825 -0.217121 0)
(2.63346 -0.160431 0)
(2.5932 -0.0975708 0)
(2.57514 -0.0688989 0)
(2.57006 -0.047606 0)
(2.5735 -0.039628 0)
(2.56694 -0.0391703 0)
(2.55957 -0.0274191 0)
(2.54874 -0.0128733 0)
(2.21136 0.270798 0)
(1.12031 0.388186 0)
(1.02294 0.322031 0)
(1.00786 0.282499 0)
(0.957747 0.27109 0)
(0.896095 0.273293 0)
(0.829429 0.272287 0)
(0.758061 0.263585 0)
(0.679712 0.25395 0)
(0.594888 0.246386 0)
(0.51255 0.234098 0)
(0.434641 0.216633 0)
(0.357757 0.19858 0)
(0.284308 0.182751 0)
(0.217873 0.167494 0)
(0.156831 0.155524 0)
(0.0986401 0.143327 0)
(0.0343004 0.136792 0)
(1.5388 0.889608 0)
(1.72549 0.840666 0)
(1.89181 0.772158 0)
(2.07478 0.624261 0)
(2.1915 0.509435 0)
(2.25436 0.4662 0)
(2.37635 0.333688 0)
(2.4756 0.147417 0)
(2.53256 0.0862672 0)
(2.55916 0.0615496 0)
(2.60888 -0.0501193 0)
(2.65125 -0.175884 0)
(2.66788 -0.231483 0)
(2.6967 -0.301982 0)
(2.70894 -0.382541 0)
(2.71114 -0.422533 0)
(2.71828 -0.410198 0)
(2.71973 -0.399486 0)
(2.72475 -0.403237 0)
(2.73151 -0.401663 0)
(2.72646 -0.389541 0)
(2.7118 -0.364862 0)
(2.6895 -0.329831 0)
(2.65229 -0.253974 0)
(2.61851 -0.152052 0)
(2.60464 -0.0912701 0)
(2.59687 -0.0841577 0)
(2.58194 -0.0670676 0)
(2.57522 -0.058531 0)
(2.56438 -0.0384995 0)
(2.58329 0.0359027 0)
(1.31008 0.366418 0)
(1.08166 0.323345 0)
(1.08836 0.313157 0)
(1.06748 0.31468 0)
(1.0306 0.316327 0)
(0.982266 0.325491 0)
(0.920413 0.332828 0)
(0.848419 0.332166 0)
(0.769796 0.322273 0)
(0.686624 0.306969 0)
(0.599338 0.291189 0)
(0.509526 0.270824 0)
(0.419262 0.249783 0)
(0.331662 0.232421 0)
(0.245606 0.222698 0)
(0.157961 0.219349 0)
(0.0565795 0.224157 0)
(1.51681 0.854538 0)
(1.6742 0.822453 0)
(1.82696 0.765697 0)
(1.97866 0.664217 0)
(2.08828 0.583902 0)
(2.17849 0.522706 0)
(2.29103 0.411255 0)
(2.38601 0.272929 0)
(2.44619 0.204777 0)
(2.49134 0.150387 0)
(2.53946 0.0597215 0)
(2.56236 0.00762332 0)
(2.5902 -0.0562728 0)
(2.63612 -0.144596 0)
(2.65377 -0.231994 0)
(2.6689 -0.270386 0)
(2.67624 -0.257049 0)
(2.69147 -0.290225 0)
(2.69273 -0.322248 0)
(2.6978 -0.360041 0)
(2.69944 -0.378614 0)
(2.70234 -0.391873 0)
(2.71179 -0.403252 0)
(2.70645 -0.379049 0)
(2.6926 -0.335036 0)
(2.67208 -0.279054 0)
(2.63607 -0.201377 0)
(2.6006 -0.123196 0)
(2.58678 -0.0975727 0)
(2.5832 -0.0907113 0)
(2.60067 -0.0628009 0)
(1.49288 0.285087 0)
(1.07442 0.309724 0)
(1.09213 0.324992 0)
(1.08793 0.335772 0)
(1.07492 0.352027 0)
(1.05194 0.367313 0)
(1.01905 0.37399 0)
(0.968907 0.384426 0)
(0.908951 0.392319 0)
(0.841693 0.395348 0)
(0.765717 0.384997 0)
(0.675122 0.370559 0)
(0.573272 0.354895 0)
(0.468577 0.338114 0)
(0.366838 0.330219 0)
(0.261586 0.321368 0)
(0.12699 0.370829 0)
(1.50497 0.839331 0)
(1.63821 0.81339 0)
(1.7695 0.767252 0)
(1.89338 0.702513 0)
(2.0128 0.633134 0)
(2.10895 0.568779 0)
(2.21605 0.465043 0)
(2.29286 0.376575 0)
(2.33439 0.341521 0)
(2.41606 0.252819 0)
(2.47803 0.126717 0)
(2.51138 0.0692597 0)
(2.52734 0.0651395 0)
(2.54546 0.00588138 0)
(2.59569 -0.0945474 0)
(2.61857 -0.154019 0)
(2.63875 -0.190168 0)
(2.66999 -0.262534 0)
(2.68558 -0.310075 0)
(2.6903 -0.325247 0)
(2.69249 -0.341762 0)
(2.69966 -0.35022 0)
(2.7023 -0.373414 0)
(2.71088 -0.384691 0)
(2.71929 -0.384755 0)
(2.70877 -0.36734 0)
(2.69449 -0.342941 0)
(2.6691 -0.301938 0)
(2.63744 -0.222401 0)
(2.61133 -0.113865 0)
(2.64057 -0.144891 0)
(1.6878 0.2108 0)
(1.04147 0.273517 0)
(1.0675 0.324217 0)
(1.07624 0.358518 0)
(1.07233 0.380577 0)
(1.05413 0.389373 0)
(1.03211 0.402349 0)
(1.01197 0.418248 0)
(0.984121 0.437212 0)
(0.948124 0.451789 0)
(0.89595 0.466317 0)
(0.826315 0.466243 0)
(0.738538 0.4542 0)
(0.637526 0.441175 0)
(0.532339 0.430754 0)
(0.377213 0.482855 0)
(0.202533 0.668476 0)
(1.50533 0.82244 0)
(1.61764 0.804179 0)
(1.72937 0.768325 0)
(1.85309 0.70748 0)
(1.947 0.667839 0)
(2.03537 0.615621 0)
(2.14842 0.51559 0)
(2.22878 0.43446 0)
(2.2776 0.404805 0)
(2.32818 0.34914 0)
(2.4029 0.239657 0)
(2.45528 0.154034 0)
(2.48342 0.119145 0)
(2.50986 0.0611219 0)
(2.52747 0.0223143 0)
(2.54134 -0.0112299 0)
(2.59568 -0.0719771 0)
(2.62974 -0.147185 0)
(2.64234 -0.20589 0)
(2.65953 -0.219154 0)
(2.66159 -0.219612 0)
(2.66725 -0.254713 0)
(2.66233 -0.278324 0)
(2.67955 -0.320611 0)
(2.68872 -0.344431 0)
(2.70167 -0.366547 0)
(2.70709 -0.364702 0)
(2.71178 -0.359411 0)
(2.69625 -0.3308 0)
(2.677 -0.284265 0)
(2.6733 -0.264809 0)
(1.96433 0.145817 0)
(1.01162 0.255085 0)
(1.00177 0.302851 0)
(1.03155 0.343528 0)
(1.03912 0.374378 0)
(1.03341 0.399443 0)
(1.02197 0.42315 0)
(1.00894 0.444442 0)
(0.995147 0.465746 0)
(0.982225 0.490863 0)
(0.963443 0.510854 0)
(0.929682 0.52658 0)
(0.872747 0.538996 0)
(0.799517 0.542135 0)
(0.715356 0.560755 0)
(0.632924 0.676961 0)
(0.717637 0.927319 0)
(1.51009 0.823959 0)
(1.60237 0.808649 0)
(1.70591 0.772449 0)
(1.8076 0.728425 0)
(1.88849 0.699246 0)
(1.98487 0.643085 0)
(2.08676 0.556669 0)
(2.1556 0.504996 0)
(2.2063 0.469758 0)
(2.27907 0.392603 0)
(2.34795 0.300227 0)
(2.37854 0.269372 0)
(2.41305 0.220859 0)
(2.4656 0.126284 0)
(2.49231 0.0578649 0)
(2.52088 0.0514308 0)
(2.53078 0.0412303 0)
(2.56916 -0.0255308 0)
(2.59741 -0.0991807 0)
(2.61606 -0.12594 0)
(2.63632 -0.16477 0)
(2.65066 -0.223574 0)
(2.65846 -0.246389 0)
(2.66327 -0.262441 0)
(2.6747 -0.282258 0)
(2.68785 -0.301914 0)
(2.70111 -0.339838 0)
(2.71029 -0.354623 0)
(2.71584 -0.35015 0)
(2.70858 -0.336103 0)
(2.69385 -0.321938 0)
(2.48469 -0.0867208 0)
(1.0967 0.237397 0)
(0.946605 0.29173 0)
(0.972687 0.33337 0)
(0.970703 0.370638 0)
(0.978613 0.397834 0)
(0.984674 0.423588 0)
(0.992021 0.452814 0)
(0.988872 0.484253 0)
(0.982683 0.512432 0)
(0.969503 0.53736 0)
(0.964314 0.566032 0)
(0.952264 0.59606 0)
(0.926902 0.624771 0)
(0.893369 0.67168 0)
(0.904446 0.738785 0)
(1.09164 0.836268 0)
(1.52166 0.821342 0)
(1.60285 0.8052 0)
(1.69551 0.773455 0)
(1.78013 0.742854 0)
(1.85709 0.712469 0)
(1.95519 0.651464 0)
(2.03906 0.584649 0)
(2.08851 0.563047 0)
(2.14923 0.517783 0)
(2.24136 0.421387 0)
(2.30248 0.343381 0)
(2.33263 0.327014 0)
(2.34944 0.301658 0)
(2.40388 0.222523 0)
(2.45419 0.139177 0)
(2.48949 0.108014 0)
(2.50702 0.0846098 0)
(2.53053 0.0321828 0)
(2.54304 0.0113085 0)
(2.55274 -0.0102723 0)
(2.59642 -0.0691874 0)
(2.61785 -0.139499 0)
(2.62761 -0.177557 0)
(2.64269 -0.17972 0)
(2.64849 -0.188745 0)
(2.6573 -0.218125 0)
(2.6624 -0.246773 0)
(2.69037 -0.286641 0)
(2.70206 -0.323355 0)
(2.70192 -0.338244 0)
(2.70788 -0.333976 0)
(2.71444 -0.300849 0)
(1.32382 0.237118 0)
(0.923701 0.309232 0)
(0.930134 0.329717 0)
(0.917844 0.354035 0)
(0.923546 0.378229 0)
(0.932283 0.411037 0)
(0.950581 0.446449 0)
(0.963865 0.481775 0)
(0.971869 0.517156 0)
(0.971703 0.54988 0)
(0.973421 0.582346 0)
(0.978804 0.62233 0)
(0.998628 0.675248 0)
(1.02358 0.733143 0)
(1.09607 0.77888 0)
(1.28979 0.825672 0)
(1.52899 0.831947 0)
(1.6021 0.814802 0)
(1.6814 0.78848 0)
(1.75825 0.760813 0)
(1.83219 0.727903 0)
(1.91529 0.675778 0)
(1.98554 0.6297 0)
(2.04214 0.600494 0)
(2.11615 0.542882 0)
(2.1868 0.465169 0)
(2.23142 0.423672 0)
(2.26142 0.405747 0)
(2.31617 0.341707 0)
(2.37239 0.254334 0)
(2.40435 0.224875 0)
(2.41218 0.221176 0)
(2.45961 0.168964 0)
(2.49869 0.0857311 0)
(2.52032 0.0426762 0)
(2.53634 0.0443627 0)
(2.54317 0.0233878 0)
(2.57582 -0.0389803 0)
(2.59566 -0.090033 0)
(2.61188 -0.105491 0)
(2.63469 -0.149867 0)
(2.64668 -0.195733 0)
(2.65685 -0.200614 0)
(2.65807 -0.209764 0)
(2.67331 -0.238307 0)
(2.69111 -0.275512 0)
(2.69238 -0.312843 0)
(2.71017 -0.307299 0)
(1.88924 0.225634 0)
(1.00212 0.341673 0)
(0.92778 0.341965 0)
(0.91318 0.359039 0)
(0.906004 0.380138 0)
(0.905058 0.406126 0)
(0.911457 0.440254 0)
(0.925046 0.473919 0)
(0.941561 0.50899 0)
(0.962372 0.545105 0)
(0.980124 0.586901 0)
(1.00316 0.628258 0)
(1.03418 0.682726 0)
(1.0985 0.745209 0)
(1.20149 0.789459 0)
(1.3833 0.815604 0)
(1.54326 0.829727 0)
(1.60887 0.813667 0)
(1.68249 0.788791 0)
(1.75064 0.76678 0)
(1.81777 0.736772 0)
(1.8952 0.688488 0)
(1.96113 0.652118 0)
(2.01552 0.62496 0)
(2.08357 0.571779 0)
(2.15099 0.500687 0)
(2.19681 0.469445 0)
(2.22777 0.448499 0)
(2.28614 0.386384 0)
(2.33874 0.3091 0)
(2.37254 0.280645 0)
(2.39083 0.269934 0)
(2.42656 0.225726 0)
(2.46696 0.153276 0)
(2.49451 0.107281 0)
(2.51233 0.0941215 0)
(2.52998 0.0593742 0)
(2.55151 0.0109047 0)
(2.56125 0.000331909 0)
(2.57399 -0.0210447 0)
(2.60803 -0.0712706 0)
(2.62262 -0.127774 0)
(2.63437 -0.151651 0)
(2.64836 -0.152534 0)
(2.64964 -0.15985 0)
(2.6536 -0.188315 0)
(2.67531 -0.230392 0)
(2.69363 -0.270437 0)
(2.62649 -0.0842775 0)
(1.24104 0.374448 0)
(0.994264 0.372649 0)
(0.94262 0.376576 0)
(0.919037 0.391298 0)
(0.911188 0.411856 0)
(0.906812 0.436845 0)
(0.906953 0.466822 0)
(0.916537 0.499561 0)
(0.942237 0.532894 0)
(0.974457 0.57529 0)
(1.01461 0.623744 0)
(1.06339 0.674184 0)
(1.13676 0.73194 0)
(1.25023 0.768822 0)
(1.40886 0.784837 0)
(1.54519 0.844306 0)
(1.60825 0.825979 0)
(1.67394 0.80401 0)
(1.73357 0.785782 0)
(1.80085 0.754805 0)
(1.8728 0.71125 0)
(1.92759 0.687166 0)
(1.98058 0.659372 0)
(2.05425 0.600372 0)
(2.11383 0.542151 0)
(2.14937 0.528127 0)
(2.18853 0.497941 0)
(2.25437 0.429915 0)
(2.30239 0.364525 0)
(2.3301 0.349573 0)
(2.35105 0.330063 0)
(2.40004 0.268586 0)
(2.43738 0.202631 0)
(2.45512 0.190316 0)
(2.46649 0.173177 0)
(2.50651 0.114036 0)
(2.52862 0.0551495 0)
(2.5462 0.0401462 0)
(2.55125 0.0430252 0)
(2.56754 0.00978387 0)
(2.5932 -0.0474173 0)
(2.60776 -0.0756771 0)
(2.62504 -0.0890891 0)
(2.64265 -0.133134 0)
(2.64928 -0.15596 0)
(2.64943 -0.150513 0)
(2.67242 -0.199791 0)
(2.70108 -0.208068 0)
(1.7466 0.36503 0)
(1.08956 0.455682 0)
(1.00377 0.433353 0)
(0.956343 0.432883 0)
(0.930082 0.431833 0)
(0.919709 0.441838 0)
(0.922139 0.460657 0)
(0.925855 0.487288 0)
(0.937525 0.520111 0)
(0.966395 0.559111 0)
(1.01503 0.60338 0)
(1.07518 0.651834 0)
(1.15403 0.709975 0)
(1.26919 0.745945 0)
(1.40843 0.756831 0)
(1.55833 0.839358 0)
(1.61866 0.822579 0)
(1.67654 0.80766 0)
(1.73075 0.79062 0)
(1.79843 0.758229 0)
(1.86354 0.725378 0)
(1.91219 0.708261 0)
(1.96674 0.674832 0)
(2.03625 0.617478 0)
(2.08714 0.580212 0)
(2.11973 0.566947 0)
(2.17117 0.522554 0)
(2.23358 0.450764 0)
(2.27238 0.411015 0)
(2.28934 0.408937 0)
(2.32343 0.371716 0)
(2.37895 0.297119 0)
(2.41289 0.242828 0)
(2.43016 0.239603 0)
(2.44015 0.226077 0)
(2.4753 0.173547 0)
(2.50421 0.113531 0)
(2.5259 0.089074 0)
(2.53519 0.0818576 0)
(2.55236 0.0491915 0)
(2.57159 0.00728022 0)
(2.58276 -0.00060413 0)
(2.59571 -0.0177914 0)
(2.62239 -0.0647469 0)
(2.63132 -0.113077 0)
(2.64082 -0.124063 0)
(2.64821 -0.12064 0)
(2.66736 -0.159079 0)
(2.52633 0.0755825 0)
(1.30428 0.493522 0)
(1.11039 0.479335 0)
(1.04913 0.457991 0)
(0.997452 0.450257 0)
(0.96434 0.453839 0)
(0.949325 0.464444 0)
(0.947936 0.484635 0)
(0.959731 0.509847 0)
(0.977705 0.542566 0)
(1.01655 0.582223 0)
(1.07596 0.624793 0)
(1.15592 0.676611 0)
(1.26841 0.712776 0)
(1.39843 0.724676 0)
(1.56887 0.854317 0)
(1.61854 0.839919 0)
(1.66655 0.829048 0)
(1.7233 0.807605 0)
(1.78802 0.773603 0)
(1.83973 0.7523 0)
(1.88428 0.736751 0)
(1.94759 0.697868 0)
(2.01146 0.644281 0)
(2.05224 0.623214 0)
(2.0858 0.605358 0)
(2.14618 0.555215 0)
(2.20104 0.490122 0)
(2.23317 0.467598 0)
(2.25275 0.456332 0)
(2.29982 0.408403 0)
(2.34619 0.341866 0)
(2.37368 0.309981 0)
(2.38534 0.307233 0)
(2.41537 0.269929 0)
(2.45439 0.205381 0)
(2.47756 0.16803 0)
(2.48478 0.171192 0)
(2.50028 0.148688 0)
(2.53597 0.0934211 0)
(2.55401 0.0478284 0)
(2.56929 0.0437088 0)
(2.5721 0.0431838 0)
(2.59265 0.00404538 0)
(2.60913 -0.0413164 0)
(2.62342 -0.0710852 0)
(2.63529 -0.0839151 0)
(2.65322 -0.120455 0)
(2.66652 -0.103278 0)
(1.76829 0.452218 0)
(1.18759 0.554648 0)
(1.13058 0.531925 0)
(1.08324 0.517623 0)
(1.03501 0.50895 0)
(1.00143 0.499672 0)
(0.984939 0.50192 0)
(0.986986 0.516021 0)
(1.00581 0.534867 0)
(1.03859 0.564648 0)
(1.08646 0.602755 0)
(1.15671 0.646049 0)
(1.25809 0.674819 0)
(1.37679 0.689036 0)
(1.59181 0.861837 0)
(1.63075 0.849899 0)
(1.67328 0.835334 0)
(1.73064 0.80896 0)
(1.78569 0.783753 0)
(1.82605 0.771636 0)
(1.87299 0.747946 0)
(1.9406 0.702143 0)
(1.99462 0.664995 0)
(2.0265 0.655991 0)
(2.06693 0.626856 0)
(2.13143 0.567905 0)
(2.1787 0.518941 0)
(2.20328 0.513259 0)
(2.22838 0.490882 0)
(2.28378 0.431998 0)
(2.32604 0.370111 0)
(2.3499 0.357411 0)
(2.35863 0.35244 0)
(2.39596 0.308102 0)
(2.43478 0.242903 0)
(2.45923 0.21078 0)
(2.46946 0.210739 0)
(2.48381 0.190841 0)
(2.51615 0.142516 0)
(2.53771 0.0956317 0)
(2.55248 0.0867659 0)
(2.55857 0.0789473 0)
(2.58028 0.033197 0)
(2.59132 0.00888799 0)
(2.59648 0.00161183 0)
(2.62017 -0.0290605 0)
(2.63468 -0.0698827 0)
(2.64756 -0.0823156 0)
(2.50887 0.141946 0)
(1.41404 0.560949 0)
(1.21547 0.573814 0)
(1.18317 0.551989 0)
(1.13713 0.538573 0)
(1.09453 0.527898 0)
(1.06357 0.513328 0)
(1.04681 0.517822 0)
(1.05119 0.537216 0)
(1.07505 0.559837 0)
(1.11433 0.586648 0)
(1.1704 0.620246 0)
(1.2511 0.644258 0)
(1.3482 0.656928 0)
(1.60984 0.887741 0)
(1.64263 0.873176 0)
(1.68653 0.848492 0)
(1.73472 0.822271 0)
(1.77258 0.809793 0)
(1.81082 0.79501 0)
(1.86996 0.757771 0)
(1.92899 0.713616 0)
(1.96589 0.699094 0)
(1.99512 0.688123 0)
(2.05206 0.647187 0)
(2.11213 0.587261 0)
(2.1477 0.561943 0)
(2.16594 0.558341 0)
(2.20782 0.522247 0)
(2.26264 0.459192 0)
(2.29626 0.416958 0)
(2.31033 0.417263 0)
(2.3299 0.395976 0)
(2.37811 0.33948 0)
(2.4104 0.284171 0)
(2.42751 0.274523 0)
(2.43341 0.271455 0)
(2.46534 0.232903 0)
(2.49707 0.179077 0)
(2.51607 0.14956 0)
(2.52063 0.150799 0)
(2.53393 0.128731 0)
(2.56007 0.078517 0)
(2.57398 0.0446184 0)
(2.58466 0.0462588 0)
(2.58668 0.0383183 0)
(2.60966 0.00048621 0)
(2.62756 -0.0425308 0)
(2.63586 -0.0278501 0)
(1.86048 0.483621 0)
(1.28584 0.618043 0)
(1.24919 0.606488 0)
(1.21791 0.595506 0)
(1.18359 0.582934 0)
(1.15179 0.567637 0)
(1.12371 0.564113 0)
(1.11339 0.56169 0)
(1.12033 0.57604 0)
(1.15041 0.589185 0)
(1.19849 0.603036 0)
(1.26198 0.613663 0)
(1.33906 0.623664 0)
(1.62799 0.908006 0)
(1.66083 0.888479 0)
(1.70184 0.861653 0)
(1.73891 0.840996 0)
(1.76979 0.828564 0)
(1.81385 0.802513 0)
(1.87203 0.762365 0)
(1.91486 0.736386 0)
(1.94082 0.730615 0)
(1.98118 0.705075 0)
(2.04557 0.654254 0)
(2.09367 0.610066 0)
(2.11709 0.605456 0)
(2.13929 0.589464 0)
(2.19492 0.540808 0)
(2.24383 0.480973 0)
(2.27068 0.46216 0)
(2.28003 0.460538 0)
(2.31423 0.424097 0)
(2.36081 0.364168 0)
(2.38966 0.324156 0)
(2.4019 0.324994 0)
(2.41235 0.310187 0)
(2.45199 0.261347 0)
(2.48037 0.207494 0)
(2.49677 0.194432 0)
(2.49779 0.196262 0)
(2.51725 0.166386 0)
(2.54438 0.116858 0)
(2.56111 0.0837863 0)
(2.57211 0.0799679 0)
(2.57956 0.0680135 0)
(2.59183 0.0440781 0)
(2.60918 0.00933998 0)
(2.62413 -0.00622444 0)
(2.50102 0.180959 0)
(1.53802 0.615412 0)
(1.3043 0.639701 0)
(1.28753 0.625767 0)
(1.25997 0.621552 0)
(1.23703 0.608974 0)
(1.21464 0.597067 0)
(1.19999 0.58683 0)
(1.19575 0.581303 0)
(1.20902 0.585648 0)
(1.24001 0.594303 0)
(1.28928 0.600239 0)
(1.35229 0.60139 0)
(1.65415 0.920221 0)
(1.68781 0.897935 0)
(1.72202 0.87553 0)
(1.74861 0.863402 0)
(1.77994 0.84458 0)
(1.82975 0.808714 0)
(1.87502 0.776815 0)
(1.90103 0.769644 0)
(1.9273 0.755885 0)
(1.98298 0.714472 0)
(2.03903 0.663499 0)
(2.07043 0.647201 0)
(2.08472 0.645656 0)
(2.12514 0.612293 0)
(2.18416 0.553407 0)
(2.22241 0.5115 0)
(2.23787 0.512534 0)
(2.2522 0.497973 0)
(2.30114 0.449259 0)
(2.34182 0.391217 0)
(2.3643 0.373212 0)
(2.3693 0.37649 0)
(2.39444 0.347039 0)
(2.43378 0.293204 0)
(2.45811 0.251128 0)
(2.46915 0.247349 0)
(2.4733 0.239312 0)
(2.50119 0.201724 0)
(2.52623 0.154174 0)
(2.53979 0.140902 0)
(2.53953 0.142817 0)
(2.56338 0.109976 0)
(2.57999 0.0681742 0)
(2.59113 0.061466 0)
(2.61217 0.0306084 0)
(2.61411 0.0414182 0)
(2.0285 0.494979 0)
(1.38459 0.667757 0)
(1.34779 0.655623 0)
(1.3292 0.644677 0)
(1.31121 0.634584 0)
(1.29626 0.627302 0)
(1.28654 0.620605 0)
(1.27934 0.617734 0)
(1.28254 0.612644 0)
(1.29879 0.609021 0)
(1.3317 0.604444 0)
(1.37579 0.597862 0)
(1.67051 0.944594 0)
(1.70707 0.921071 0)
(1.73491 0.904386 0)
(1.7603 0.889685 0)
(1.79777 0.860952 0)
(1.84056 0.825847 0)
(1.86946 0.809721 0)
(1.89012 0.802576 0)
(1.93074 0.770758 0)
(1.98712 0.720318 0)
(2.02453 0.689461 0)
(2.0411 0.690835 0)
(2.06523 0.673009 0)
(2.12237 0.624067 0)
(2.17106 0.568463 0)
(2.19588 0.555176 0)
(2.2031 0.55702 0)
(2.23784 0.523756 0)
(2.28958 0.465509 0)
(2.32209 0.422813 0)
(2.33471 0.424644 0)
(2.34156 0.415892 0)
(2.38251 0.371865 0)
(2.41815 0.314992 0)
(2.43788 0.292554 0)
(2.43925 0.298345 0)
(2.45362 0.276281 0)
(2.48976 0.227633 0)
(2.51272 0.185192 0)
(2.52508 0.179447 0)
(2.52353 0.181517 0)
(2.54454 0.152336 0)
(2.5673 0.103952 0)
(2.57963 0.0924784 0)
(2.59467 0.0767168 0)
(2.60564 0.0580278 0)
(2.53168 0.185164 0)
(1.68163 0.643162 0)
(1.38012 0.687466 0)
(1.37018 0.67942 0)
(1.36058 0.670687 0)
(1.35535 0.664201 0)
(1.35469 0.657738 0)
(1.35579 0.650413 0)
(1.35998 0.640478 0)
(1.37065 0.627724 0)
(1.39227 0.611836 0)
(1.42136 0.597559 0)
(1.68019 0.956778 0)
(1.71238 0.941324 0)
(1.74729 0.92377 0)
(1.77606 0.906012 0)
(1.81543 0.874513 0)
(1.85013 0.845822 0)
(1.8706 0.837837 0)
(1.89504 0.820566 0)
(1.94424 0.779513 0)
(1.98909 0.735676 0)
(2.01211 0.725995 0)
(2.02481 0.721715 0)
(2.06648 0.686123 0)
(2.12166 0.630781 0)
(2.1554 0.597941 0)
(2.16679 0.602752 0)
(2.18206 0.587016 0)
(2.23325 0.539077 0)
(2.27629 0.482733 0)
(2.299 0.466286 0)
(2.30209 0.472063 0)
(2.32612 0.444361 0)
(2.37089 0.390543 0)
(2.39958 0.345378 0)
(2.41184 0.343007 0)
(2.41206 0.340651 0)
(2.44301 0.305267 0)
(2.47515 0.256089 0)
(2.49411 0.229272 0)
(2.49849 0.233497 0)
(2.50484 0.219993 0)
(2.53453 0.176552 0)
(2.55247 0.141732 0)
(2.56051 0.140671 0)
(2.57164 0.125997 0)
(2.59197 0.0867582 0)
(2.59119 0.0936552 0)
(2.23045 0.453009 0)
(1.49502 0.713302 0)
(1.41751 0.690797 0)
(1.41378 0.682327 0)
(1.41249 0.680884 0)
(1.41508 0.677745 0)
(1.41949 0.672485 0)
(1.42708 0.662862 0)
(1.43902 0.650369 0)
(1.45665 0.635654 0)
(1.47931 0.619103 0)
(1.74482 0.960988 0)
(1.71934 0.958678 0)
(1.7491 0.941566 0)
(1.78928 0.917699 0)
(1.82737 0.888145 0)
(1.85238 0.873921 0)
(1.87168 0.865599 0)
(1.91003 0.834593 0)
(1.95884 0.787379 0)
(1.98796 0.763747 0)
(1.99826 0.766947 0)
(2.0215 0.746165 0)
(2.07562 0.696221 0)
(2.1183 0.646156 0)
(2.13802 0.639776 0)
(2.14278 0.641782 0)
(2.17783 0.607821 0)
(2.22938 0.550589 0)
(2.26099 0.511125 0)
(2.27175 0.515662 0)
(2.2778 0.507389 0)
(2.3199 0.464486 0)
(2.35847 0.408292 0)
(2.3801 0.38481 0)
(2.38242 0.392956 0)
(2.3946 0.374261 0)
(2.43421 0.328273 0)
(2.46113 0.282465 0)
(2.47512 0.274068 0)
(2.4725 0.278749 0)
(2.49278 0.251857 0)
(2.52272 0.203552 0)
(2.53973 0.173783 0)
(2.54435 0.179394 0)
(2.55118 0.16795 0)
(2.57536 0.124613 0)
(2.59019 0.103236 0)
(2.55985 0.17554 0)
(1.83576 0.631095 0)
(1.45862 0.721833 0)
(1.45917 0.713456 0)
(1.46035 0.709522 0)
(1.46183 0.703121 0)
(1.46657 0.695142 0)
(1.47679 0.684394 0)
(1.49259 0.671539 0)
(1.51274 0.657158 0)
(1.53537 0.641285 0)
(2.10238 0.820717 0)
(1.76422 0.961634 0)
(1.75786 0.960346 0)
(1.7945 0.936909 0)
(1.83092 0.910642 0)
(1.85269 0.901587 0)
(1.88049 0.882413 0)
(1.92612 0.843081 0)
(1.96229 0.806979 0)
(1.97831 0.803452 0)
(1.99056 0.797002 0)
(2.03305 0.758698 0)
(2.08321 0.703328 0)
(2.11083 0.676987 0)
(2.11739 0.685178 0)
(2.13293 0.668046 0)
(2.18368 0.618956 0)
(2.22458 0.563787 0)
(2.24474 0.551784 0)
(2.24586 0.55968 0)
(2.2691 0.532497 0)
(2.31571 0.478832 0)
(2.34558 0.433232 0)
(2.35848 0.432776 0)
(2.35775 0.433457 0)
(2.3887 0.399511 0)
(2.42455 0.348084 0)
(2.44569 0.317334 0)
(2.45086 0.323722 0)
(2.45297 0.314609 0)
(2.48547 0.275644 0)
(2.50999 0.229958 0)
(2.52383 0.216348 0)
(2.52186 0.22295 0)
(2.53952 0.19783 0)
(2.55803 0.163137 0)
(2.57938 0.133096 0)
(2.5784 0.138276 0)
(2.34825 0.387527 0)
(1.63892 0.728769 0)
(1.48906 0.737039 0)
(1.49817 0.730654 0)
(1.49851 0.723693 0)
(1.50421 0.713995 0)
(1.51679 0.70264 0)
(1.53435 0.690857 0)
(1.556 0.677761 0)
(1.58036 0.662433 0)
(2.73585 0.370475 0)
(2.00623 0.879459 0)
(1.79711 0.964631 0)
(1.80157 0.957851 0)
(1.83377 0.934766 0)
(1.85948 0.920844 0)
(1.8947 0.893065 0)
(1.93511 0.854368 0)
(1.95913 0.836002 0)
(1.96967 0.836812 0)
(1.99587 0.813613 0)
(2.04768 0.76473 0)
(2.08521 0.720032 0)
(2.09987 0.718717 0)
(2.10352 0.719675 0)
(2.1394 0.684288 0)
(2.18856 0.627036 0)
(2.21705 0.591208 0)
(2.22539 0.598965 0)
(2.22971 0.592161 0)
(2.27144 0.549877 0)
(2.3106 0.493363 0)
(2.33211 0.470262 0)
(2.33478 0.480988 0)
(2.3448 0.464754 0)
(2.38561 0.41911 0)
(2.41393 0.370031 0)
(2.42903 0.360136 0)
(2.42676 0.367655 0)
(2.44415 0.342961 0)
(2.47774 0.29623 0)
(2.49749 0.259251 0)
(2.50621 0.261284 0)
(2.50359 0.261354 0)
(2.52913 0.22718 0)
(2.54716 0.18675 0)
(2.5634 0.171535 0)
(2.57554 0.156861 0)
(2.55461 0.193038 0)
(2.03064 0.600144 0)
(1.5564 0.752897 0)
(1.54058 0.74423 0)
(1.54175 0.731664 0)
(1.54575 0.724127 0)
(1.55707 0.714781 0)
(1.57255 0.705321 0)
(1.59234 0.694003 0)
(1.61715 0.678589 0)
(2.98937 0.0359481 0)
(2.5773 0.5095 0)
(1.96226 0.913008 0)
(1.82224 0.964385 0)
(1.83385 0.955972 0)
(1.86642 0.936712 0)
(1.90688 0.904159 0)
(1.93705 0.874404 0)
(1.9521 0.87056 0)
(1.96781 0.860883 0)
(2.01122 0.822302 0)
(2.05687 0.77051 0)
(2.07968 0.751582 0)
(2.08321 0.761743 0)
(2.10005 0.743801 0)
(2.15061 0.695256 0)
(2.18992 0.641092 0)
(2.20785 0.630894 0)
(2.20736 0.640751 0)
(2.22812 0.615149 0)
(2.27462 0.562699 0)
(2.30418 0.515905 0)
(2.31727 0.515624 0)
(2.31586 0.519962 0)
(2.34394 0.488196 0)
(2.3815 0.435158 0)
(2.40297 0.399953 0)
(2.41013 0.406576 0)
(2.40983 0.401932 0)
(2.4419 0.365262 0)
(2.46914 0.316906 0)
(2.48526 0.295783 0)
(2.48714 0.305566 0)
(2.49268 0.293293 0)
(2.52188 0.250484 0)
(2.5366 0.213358 0)
(2.54641 0.214055 0)
(2.56524 0.188562 0)
(2.56391 0.188154 0)
(2.45057 0.331652 0)
(1.80871 0.702637 0)
(1.56742 0.764821 0)
(1.57124 0.75863 0)
(1.57842 0.749948 0)
(1.58765 0.738494 0)
(1.59999 0.727052 0)
(1.61894 0.712786 0)
(1.64426 0.694906 0)
(2.99974 0.00111344 0)
(2.97116 0.0697402 0)
(2.43893 0.619118 0)
(1.93875 0.935257 0)
(1.84586 0.965648 0)
(1.86569 0.953455 0)
(1.90878 0.921344 0)
(1.93653 0.899321 0)
(1.95139 0.896844 0)
(1.97887 0.873233 0)
(2.02499 0.826963 0)
(2.05515 0.790595 0)
(2.0653 0.794242 0)
(2.07118 0.792922 0)
(2.11101 0.756878 0)
(2.16043 0.699383 0)
(2.18748 0.666178 0)
(2.19266 0.677272 0)
(2.19457 0.672255 0)
(2.23539 0.631876 0)
(2.27611 0.574504 0)
(2.29796 0.547906 0)
(2.30188 0.559846 0)
(2.30701 0.549205 0)
(2.34642 0.50601 0)
(2.37607 0.453638 0)
(2.39214 0.438641 0)
(2.39222 0.448882 0)
(2.40419 0.429258 0)
(2.43953 0.384163 0)
(2.46045 0.341339 0)
(2.47256 0.33783 0)
(2.47019 0.344827 0)
(2.48862 0.319389 0)
(2.51473 0.273447 0)
(2.52826 0.241529 0)
(2.53515 0.250253 0)
(2.54382 0.242137 0)
(2.56448 0.201427 0)
(2.55712 0.212239 0)
(2.23622 0.505989 0)
(1.70151 0.770233 0)
(1.59844 0.779504 0)
(1.6056 0.767762 0)
(1.61434 0.754922 0)
(1.62618 0.741466 0)
(1.64617 0.724477 0)
(1.66924 0.707907 0)
(3 3.2952e-06 0)
(2.99929 0.00328315 0)
(2.93586 0.120945 0)
(2.33381 0.698526 0)
(1.93742 0.95329 0)
(1.87462 0.959746 0)
(1.90034 0.943229 0)
(1.93319 0.921687 0)
(1.95567 0.912447 0)
(1.99022 0.882784 0)
(2.02611 0.840884 0)
(2.04485 0.825135 0)
(2.05141 0.831687 0)
(2.07497 0.8098 0)
(2.1262 0.759498 0)
(2.16196 0.710324 0)
(2.17563 0.707577 0)
(2.17214 0.719442 0)
(2.19423 0.69384 0)
(2.24351 0.641229 0)
(2.27507 0.591466 0)
(2.28857 0.589427 0)
(2.28554 0.59868 0)
(2.30738 0.571668 0)
(2.34749 0.520152 0)
(2.37081 0.478281 0)
(2.38102 0.481078 0)
(2.37871 0.48396 0)
(2.40505 0.45273 0)
(2.43559 0.403275 0)
(2.45243 0.372496 0)
(2.45972 0.379916 0)
(2.4596 0.376859 0)
(2.48709 0.342256 0)
(2.50808 0.295835 0)
(2.52084 0.275993 0)
(2.52506 0.287009 0)
(2.53014 0.279407 0)
(2.55881 0.22978 0)
(2.56651 0.212523 0)
(2.5172 0.28322 0)
(2.0207 0.655525 0)
(1.65911 0.789396 0)
(1.64378 0.780756 0)
(1.65015 0.762999 0)
(1.66097 0.749028 0)
(1.67822 0.735577 0)
(1.69497 0.725985 0)
(3 4.26882e-09 0)
(2.99999 1.62297e-05 0)
(2.99824 0.00714938 0)
(2.87753 0.190589 0)
(2.28158 0.750484 0)
(1.94592 0.952379 0)
(1.90495 0.958339 0)
(1.9208 0.945444 0)
(1.95121 0.928486 0)
(1.99223 0.894554 0)
(2.02167 0.860233 0)
(2.03679 0.8574 0)
(2.04928 0.852713 0)
(2.08824 0.817617 0)
(2.13082 0.76557 0)
(2.15231 0.739734 0)
(2.15574 0.753103 0)
(2.16185 0.745525 0)
(2.20594 0.703661 0)
(2.24809 0.645887 0)
(2.26953 0.620484 0)
(2.2709 0.635303 0)
(2.27265 0.628458 0)
(2.31259 0.58844 0)
(2.34751 0.533263 0)
(2.36625 0.509574 0)
(2.36888 0.521907 0)
(2.37134 0.51244 0)
(2.40594 0.472725 0)
(2.43081 0.424325 0)
(2.4454 0.408736 0)
(2.44775 0.418816 0)
(2.45562 0.403729 0)
(2.4854 0.362551 0)
(2.50188 0.320413 0)
(2.51378 0.312767 0)
(2.51479 0.3236 0)
(2.52634 0.306441 0)
(2.55045 0.262868 0)
(2.56633 0.233697 0)
(2.56358 0.243169 0)
(2.40584 0.419715 0)
(1.87273 0.733882 0)
(1.66935 0.800548 0)
(1.67406 0.7892 0)
(1.68971 0.773186 0)
(1.7029 0.762923 0)
(1.71694 0.751809 0)
(3 7.82072e-13 0)
(3 2.57468e-08 0)
(2.99998 5.84792e-05 0)
(2.99547 0.0133625 0)
(2.82195 0.261155 0)
(2.25257 0.78136 0)
(1.93959 0.961639 0)
(1.92311 0.961275 0)
(1.94686 0.945171 0)
(1.99206 0.906851 0)
(2.02061 0.877855 0)
(2.03391 0.880714 0)
(2.05177 0.867379 0)
(2.09322 0.828376 0)
(2.12507 0.78376 0)
(2.1394 0.778307 0)
(2.14262 0.785855 0)
(2.168 0.7585 0)
(2.21532 0.705994 0)
(2.24382 0.661765 0)
(2.25391 0.664777 0)
(2.2491 0.675659 0)
(2.27286 0.648709 0)
(2.31789 0.596568 0)
(2.3446 0.550146 0)
(2.35628 0.550276 0)
(2.35139 0.561042 0)
(2.36911 0.536615 0)
(2.40567 0.488627 0)
(2.42664 0.447108 0)
(2.4379 0.446835 0)
(2.43606 0.453396 0)
(2.45425 0.428273 0)
(2.4821 0.383522 0)
(2.49663 0.348661 0)
(2.50708 0.349393 0)
(2.50773 0.355806 0)
(2.52219 0.333726 0)
(2.54469 0.290364 0)
(2.55915 0.257331 0)
(2.57152 0.254667 0)
(2.55156 0.282301 0)
(2.22999 0.555343 0)
(1.80603 0.791544 0)
(1.69456 0.804022 0)
(1.70815 0.7958 0)
(1.72486 0.783067 0)
(1.74 0.76785 0)
(3 -1.76833e-15 0)
(3 8.07557e-12 0)
(3 1.10231e-07 0)
(2.99994 0.000177163 0)
(2.99199 0.0207049 0)
(2.76677 0.33141 0)
(2.20316 0.81859 0)
(1.96436 0.95584 0)
(1.9635 0.952444 0)
(1.98907 0.92642 0)
(2.01399 0.90462 0)
(2.02659 0.904686 0)
(2.05543 0.880941 0)
(2.09604 0.836051 0)
(2.12037 0.805474 0)
(2.12923 0.813104 0)
(2.13738 0.807064 0)
(2.17713 0.768907 0)
(2.21527 0.715544 0)
(2.23432 0.692454 0)
(2.23637 0.707601 0)
(2.24039 0.699542 0)
(2.28164 0.659766 0)
(2.31774 0.605267 0)
(2.33635 0.580392 0)
(2.3381 0.595054 0)
(2.33732 0.590324 0)
(2.37265 0.553137 0)
(2.4041 0.501526 0)
(2.4215 0.4756 0)
(2.42573 0.486983 0)
(2.42463 0.483329 0)
(2.45386 0.449159 0)
(2.47829 0.403532 0)
(2.49249 0.378373 0)
(2.49939 0.385919 0)
(2.49898 0.386836 0)
(2.52081 0.357171 0)
(2.54005 0.311861 0)
(2.54968 0.291957 0)
(2.57343 0.27927 0)
(2.56247 0.286037 0)
(2.49908 0.355817 0)
(2.1055 0.664459 0)
(1.76829 0.814499 0)
(1.74251 0.811125 0)
(1.74927 0.797289 0)
(1.76432 0.779269 0)
(3 -3.69993e-15 0)
(3 -1.46764e-15 0)
(3 5.64327e-11 0)
(3 4.03285e-07 0)
(2.99987 0.000386794 0)
(2.98643 0.0310299 0)
(2.70217 0.3943 0)
(2.21183 0.820527 0)
(1.98487 0.946573 0)
(1.97966 0.948997 0)
(1.99693 0.937171 0)
(2.02241 0.923005 0)
(2.06573 0.886069 0)
(2.09827 0.8431 0)
(2.11253 0.835656 0)
(2.11543 0.844497 0)
(2.13701 0.823574 0)
(2.18263 0.776783 0)
(2.21214 0.730526 0)
(2.22442 0.729953 0)
(2.22315 0.740704 0)
(2.24344 0.716011 0)
(2.28688 0.666863 0)
(2.31276 0.621306 0)
(2.32389 0.620703 0)
(2.31946 0.633345 0)
(2.33572 0.610493 0)
(2.37594 0.563392 0)
(2.4 0.517618 0)
(2.41225 0.512716 0)
(2.40875 0.525399 0)
(2.41884 0.507263 0)
(2.45319 0.465319 0)
(2.47415 0.423124 0)
(2.48678 0.412788 0)
(2.48806 0.422764 0)
(2.49239 0.413284 0)
(2.51842 0.379169 0)
(2.53627 0.334036 0)
(2.54498 0.317028 0)
(2.55517 0.32168 0)
(2.57013 0.304171 0)
(2.56629 0.304741 0)
(2.42917 0.44636 0)
(2.00212 0.72934 0)
(1.7846 0.821673 0)
(1.77818 0.815516 0)
(1.79087 0.796247 0)
(3 -3.21961e-15 0)
(3 -3.25583e-15 0)
(3 2.5544e-15 0)
(3 2.95755e-10 0)
(3 1.01312e-06 0)
(2.99972 0.000800372 0)
(2.97909 0.042458 0)
(2.68642 0.421684 0)
(2.18514 0.836472 0)
(2.00075 0.949951 0)
(1.99902 0.950698 0)
(2.0233 0.9349 0)
(2.06705 0.897548 0)
(2.09065 0.865187 0)
(2.0974 0.871159 0)
(2.10619 0.866112 0)
(2.14557 0.831345 0)
(2.18613 0.77969 0)
(2.20642 0.754759 0)
(2.20986 0.76897 0)
(2.21231 0.764972 0)
(2.24992 0.728722 0)
(2.28674 0.675659 0)
(2.30573 0.647904 0)
(2.30925 0.661804 0)
(2.30824 0.659844 0)
(2.34209 0.624595 0)
(2.3755 0.572811 0)
(2.39307 0.542829 0)
(2.39745 0.554483 0)
(2.39291 0.556639 0)
(2.42034 0.52615 0)
(2.45174 0.478722 0)
(2.46919 0.44613 0)
(2.47611 0.452305 0)
(2.47456 0.456497 0)
(2.49039 0.433447 0)
(2.51712 0.396916 0)
(2.53306 0.357831 0)
(2.53961 0.345043 0)
(2.54311 0.355768 0)
(2.55404 0.349231 0)
(2.57248 0.309652 0)
(2.55872 0.320121 0)
(2.32248 0.537774 0)
(1.94014 0.777142 0)
(1.79857 0.831609 0)
(1.80385 0.821562 0)
(3 -3.76748e-16 0)
(3 -5.5008e-16 0)
(3 -1.10827e-15 0)
(3 2.74243e-14 0)
(3 1.03429e-09 0)
(3 2.56156e-06 0)
(2.99957 0.00127787 0)
(2.97583 0.0495904 0)
(2.63846 0.458257 0)
(2.18375 0.847651 0)
(2.03013 0.9451 0)
(2.02829 0.943807 0)
(2.0534 0.920598 0)
(2.07746 0.895154 0)
(2.08817 0.896232 0)
(2.11191 0.874573 0)
(2.15516 0.831168 0)
(2.18202 0.791498 0)
(2.19158 0.792027 0)
(2.18921 0.803138 0)
(2.20999 0.781101 0)
(2.25568 0.735009 0)
(2.28485 0.687285 0)
(2.29748 0.683061 0)
(2.29437 0.69726 0)
(2.30634 0.678483 0)
(2.34627 0.634072 0)
(2.37105 0.586941 0)
(2.38329 0.57855 0)
(2.38044 0.59339 0)
(2.38749 0.578598 0)
(2.42438 0.538503 0)
(2.44871 0.492233 0)
(2.46191 0.47797 0)
(2.45889 0.492987 0)
(2.4641 0.48271 0)
(2.49219 0.447212 0)
(2.51447 0.416937 0)
(2.52875 0.38598 0)
(2.5311 0.378799 0)
(2.53223 0.388341 0)
(2.54443 0.379162 0)
(2.57349 0.329903 0)
(2.5715 0.315789 0)
(2.53029 0.36564 0)
(2.21507 0.632697 0)
(1.91013 0.828111 0)
(1.82192 0.835475 0)
(3 8.58104e-16 0)
(3 1.2773e-15 0)
(3 3.98012e-16 0)
(3 -4.9433e-16 0)
(3 1.35034e-13 0)
(3 3.24565e-09 0)
(3 4.36505e-06 0)
(2.99938 0.00184494 0)
(2.96814 0.0595088 0)
(2.61851 0.481603 0)
(2.20706 0.845858 0)
(2.04854 0.93729 0)
(2.047 0.935888 0)
(2.06522 0.921121 0)
(2.0857 0.910239 0)
(2.12161 0.880271 0)
(2.15303 0.838601 0)
(2.16618 0.819767 0)
(2.16818 0.831468 0)
(2.17742 0.82411 0)
(2.22002 0.788369 0)
(2.2608 0.735406 0)
(2.28088 0.708073 0)
(2.28304 0.722706 0)
(2.27843 0.724903 0)
(2.30935 0.693423 0)
(2.34607 0.643461 0)
(2.36554 0.608815 0)
(2.37166 0.617736 0)
(2.36709 0.623112 0)
(2.39161 0.595003 0)
(2.4254 0.548669 0)
(2.44332 0.512777 0)
(2.44995 0.518016 0)
(2.44237 0.526956 0)
(2.46205 0.502421 0)
(2.49215 0.45806 0)
(2.51027 0.43653 0)
(2.51912 0.42329 0)
(2.52126 0.411775 0)
(2.52507 0.414344 0)
(2.54155 0.400979 0)
(1.64687 0.961523 0)
(2.12932 0.995402 0)
(2.4315 0.684743 0)
(2.54149 0.359158 0)
(2.52784 0.0402891 0)
(2.50705 -0.0596253 0)
(2.37964 -0.117032 0)
(2.28424 -0.150034 0)
(2.31702 -0.11588 0)
(2.37932 -0.0724803 0)
(2.37932 -0.0671956 0)
(2.33895 -0.0634413 0)
(2.30306 -0.0538156 0)
(2.24912 -0.0405626 0)
(2.22372 -0.0325762 0)
(1.74394 0.724773 0)
(2.11405 0.482604 0)
(2.34342 0.173004 0)
(2.47856 -0.131843 0)
(2.52068 -0.319669 0)
(2.52872 -0.398035 0)
(2.48759 -0.331187 0)
(2.45372 -0.278417 0)
(2.40337 -0.17769 0)
(2.39826 -0.0797432 0)
(2.38569 -0.0761677 0)
(2.35987 -0.102869 0)
(2.31809 -0.0933939 0)
(2.28536 -0.0661488 0)
(2.26444 -0.0344579 0)
(1.70367 0.752857 0)
(1.99818 0.594188 0)
(2.17359 0.454445 0)
(2.32753 0.219935 0)
(2.40905 0.00905516 0)
(2.46461 -0.0457218 0)
(2.50044 -0.0516422 0)
(2.50536 -0.175732 0)
(2.4767 -0.219842 0)
(2.46266 -0.22424 0)
(2.46487 -0.232738 0)
(2.46286 -0.221022 0)
(2.43333 -0.170853 0)
(2.40006 -0.107261 0)
(2.38061 -0.0709608 0)
(1.66449 0.775759 0)
(1.91761 0.647134 0)
(2.10177 0.511376 0)
(2.21323 0.40148 0)
(2.34563 0.191876 0)
(2.43481 0.00983696 0)
(2.49262 -0.0673597 0)
(2.55085 -0.159905 0)
(2.53039 -0.245546 0)
(2.52215 -0.310452 0)
(2.53177 -0.318644 0)
(2.53816 -0.309028 0)
(2.52168 -0.279859 0)
(2.48899 -0.234939 0)
(2.46614 -0.192877 0)
(1.61966 0.765556 0)
(1.82263 0.694705 0)
(2.01205 0.560922 0)
(2.14031 0.449571 0)
(2.21918 0.358889 0)
(2.33925 0.20469 0)
(2.42511 0.04737 0)
(2.47969 -0.0251361 0)
(2.5043 -0.0557637 0)
(2.48805 -0.137566 0)
(2.51151 -0.228237 0)
(2.53647 -0.254049 0)
(2.56332 -0.261269 0)
(2.56462 -0.280191 0)
(2.53752 -0.280803 0)
(1.57779 0.738995 0)
(1.73755 0.695795 0)
(1.90099 0.611717 0)
(2.04827 0.486015 0)
(2.14894 0.397714 0)
(2.22009 0.323968 0)
(2.32128 0.198677 0)
(2.39721 0.0660713 0)
(2.44546 -0.0180731 0)
(2.46867 -0.0726704 0)
(2.47634 -0.156509 0)
(2.51192 -0.223606 0)
(2.53963 -0.270933 0)
(2.562 -0.303877 0)
(2.56831 -0.314925 0)
(1.53417 0.711758 0)
(1.67318 0.675208 0)
(1.80356 0.622283 0)
(1.94412 0.533541 0)
(2.0637 0.427955 0)
(2.14444 0.364549 0)
(2.21187 0.29315 0)
(2.29919 0.186917 0)
(2.36262 0.0840388 0)
(2.40765 0.00289697 0)
(2.42787 -0.0375331 0)
(2.42742 -0.0851973 0)
(2.47489 -0.15638 0)
(2.50812 -0.22109 0)
(2.53142 -0.260908 0)
(1.49963 0.682367 0)
(1.61767 0.656929 0)
(1.73236 0.614376 0)
(1.84966 0.555455 0)
(1.97286 0.473357 0)
(2.06916 0.393476 0)
(2.13525 0.335334 0)
(2.19986 0.264687 0)
(2.27645 0.178086 0)
(2.3329 0.092076 0)
(2.37005 0.0162873 0)
(2.39124 -0.0277942 0)
(2.40423 -0.0756494 0)
(2.45518 -0.140553 0)
(2.48523 -0.209851 0)
(1.45838 0.657368 0)
(1.5698 0.639592 0)
(1.6734 0.605669 0)
(1.77625 0.557051 0)
(1.87857 0.497787 0)
(1.97992 0.437444 0)
(2.06714 0.365515 0)
(2.12975 0.299331 0)
(2.17464 0.249947 0)
(2.2411 0.181354 0)
(2.30179 0.0992214 0)
(2.3349 0.0274875 0)
(2.35448 -0.00794246 0)
(2.36306 -0.0425699 0)
(2.40914 -0.103489 0)
(1.4305 0.624692 0)
(1.52895 0.612622 0)
(1.62436 0.585355 0)
(1.71883 0.547401 0)
(1.81443 0.502254 0)
(1.89163 0.461971 0)
(1.97506 0.410388 0)
(2.06151 0.342452 0)
(2.12116 0.276377 0)
(2.15917 0.240066 0)
(2.20136 0.180904 0)
(2.26212 0.11045 0)
(2.29964 0.0460301 0)
(2.32355 -0.00270678 0)
(2.34063 -0.0295423 0)
(1.42596 0.596781 0)
(1.50848 0.584388 0)
(1.59324 0.563781 0)
(1.67803 0.538506 0)
(1.76189 0.509559 0)
(1.84624 0.46875 0)
(1.9178 0.43127 0)
(1.9825 0.38406 0)
(2.05553 0.32365 0)
(2.11025 0.264497 0)
(2.14749 0.219875 0)
(2.17717 0.174736 0)
(2.22447 0.120884 0)
(2.27573 0.0617672 0)
(2.30436 0.00327873 0)
(1.43125 0.586982 0)
(1.49901 0.574906 0)
(1.57371 0.558556 0)
(1.65103 0.538853 0)
(1.72552 0.516585 0)
(1.80428 0.484547 0)
(1.87994 0.442773 0)
(1.93742 0.403889 0)
(1.98946 0.358615 0)
(2.04739 0.305585 0)
(2.10041 0.253886 0)
(2.13882 0.199449 0)
(2.17019 0.169514 0)
(2.20814 0.132857 0)
(2.26131 0.0785467 0)
(1.46138 0.58415 0)
(1.51496 0.571686 0)
(1.57768 0.557072 0)
(1.64205 0.54023 0)
(1.70696 0.519905 0)
(1.77632 0.49205 0)
(1.83894 0.460541 0)
(1.89094 0.427314 0)
(1.95023 0.376548 0)
(2.00214 0.332245 0)
(2.04044 0.297127 0)
(2.09423 0.244628 0)
(2.1405 0.190844 0)
(2.17914 0.170396 0)
(2.21164 0.143677 0)
(1.51015 0.602615 0)
(1.5496 0.588101 0)
(1.59719 0.571459 0)
(1.64738 0.551846 0)
(1.70269 0.527243 0)
(1.76016 0.498939 0)
(1.80993 0.474996 0)
(1.85908 0.443445 0)
(1.91782 0.395342 0)
(1.96844 0.354599 0)
(2.00428 0.326876 0)
(2.04913 0.289511 0)
(2.10815 0.236778 0)
(2.15344 0.203441 0)
(2.18474 0.183906 0)
(1.56361 0.623001 0)
(1.59611 0.604901 0)
(1.6307 0.587321 0)
(1.67134 0.562126 0)
(1.71828 0.532101 0)
(1.76018 0.511137 0)
(1.79974 0.487324 0)
(1.85028 0.445951 0)
(1.90068 0.407726 0)
(1.93844 0.387406 0)
(1.97701 0.357479 0)
(2.03221 0.31318 0)
(2.08452 0.271406 0)
(2.12291 0.250812 0)
(2.15078 0.23019 0)
(1.60916 0.644714 0)
(1.63848 0.627718 0)
(1.66864 0.607744 0)
(1.70503 0.580145 0)
(1.74218 0.553702 0)
(1.77311 0.535038 0)
(1.80845 0.505186 0)
(1.85488 0.461516 0)
(1.89483 0.432457 0)
(1.92474 0.417055 0)
(1.96674 0.386019 0)
(2.0239 0.339271 0)
(2.06873 0.304636 0)
(2.09762 0.294718 0)
(2.12873 0.265427 0)
(1.64579 0.661318 0)
(1.67296 0.645806 0)
(1.70301 0.624565 0)
(1.73865 0.59588 0)
(1.77058 0.573412 0)
(1.79732 0.554962 0)
(1.83141 0.521492 0)
(1.87152 0.480388 0)
(1.90339 0.460606 0)
(1.92937 0.443976 0)
(1.9755 0.407059 0)
(2.02531 0.358705 0)
(2.06042 0.338835 0)
(2.08428 0.329199 0)
(2.11989 0.289564 0)
(1.67034 0.679317 0)
(1.69556 0.665244 0)
(1.72825 0.642112 0)
(1.7642 0.614238 0)
(1.79312 0.597087 0)
(1.81955 0.578109 0)
(1.85536 0.542283 0)
(1.8911 0.507126 0)
(1.91841 0.493589 0)
(1.94478 0.474046 0)
(1.98983 0.433286 0)
(2.03101 0.387861 0)
(2.0598 0.374383 0)
(2.08202 0.361279 0)
(2.1181 0.315425 0)
(1.69046 0.697045 0)
(1.71617 0.682107 0)
(1.75146 0.656146 0)
(1.78365 0.63308 0)
(1.80802 0.621704 0)
(1.83693 0.60069 0)
(1.87659 0.56265 0)
(1.90992 0.532369 0)
(1.9335 0.522858 0)
(1.96178 0.500996 0)
(2.00579 0.456445 0)
(2.04105 0.415477 0)
(2.06529 0.406929 0)
(2.08674 0.389946 0)
(2.12207 0.33978 0)
(1.71394 0.714875 0)
(1.74225 0.694304 0)
(1.77249 0.670913 0)
(1.79553 0.657932 0)
(1.81945 0.644558 0)
(1.85571 0.614914 0)
(1.89303 0.57825 0)
(1.91922 0.561506 0)
(1.94233 0.551861 0)
(1.97801 0.521884 0)
(2.01943 0.473691 0)
(2.04784 0.444089 0)
(2.06887 0.440209 0)
(2.09359 0.417628 0)
(2.1285 0.363615 0)
(1.73787 0.73326 0)
(1.76252 0.711536 0)
(1.78389 0.694846 0)
(1.80553 0.680559 0)
(1.8347 0.65872 0)
(1.86868 0.629872 0)
(1.89812 0.604209 0)
(1.92479 0.587959 0)
(1.95344 0.57012 0)
(1.98767 0.540032 0)
(2.02156 0.501361 0)
(2.04943 0.476417 0)
(2.07347 0.466213 0)
(2.09963 0.439861 0)
(2.13024 0.389934 0)
(1.75963 0.747194 0)
(1.77959 0.727186 0)
(1.79858 0.71054 0)
(1.8216 0.692771 0)
(1.85013 0.671224 0)
(1.88019 0.645791 0)
(1.90838 0.621289 0)
(1.93422 0.605585 0)
(1.95953 0.591462 0)
(1.99187 0.562768 0)
(2.02719 0.521399 0)
(2.05468 0.497444 0)
(2.07455 0.491531 0)
(2.09801 0.466865 0)
(2.13093 0.416544 0)
(1.7812 0.759171 0)
(1.79718 0.743181 0)
(1.81485 0.728906 0)
(1.83893 0.709743 0)
(1.867 0.685963 0)
(1.8919 0.664069 0)
(1.91378 0.646939 0)
(1.93877 0.631561 0)
(1.96803 0.610211 0)
(2.00106 0.577078 0)
(2.02857 0.543596 0)
(2.04915 0.530989 0)
(2.06851 0.522175 0)
(2.10002 0.488034 0)
(2.13236 0.436592 0)
(1.80484 0.777294 0)
(1.8181 0.762655 0)
(1.8374 0.744561 0)
(1.86126 0.722937 0)
(1.88178 0.705955 0)
(1.8991 0.690879 0)
(1.92309 0.669108 0)
(1.95275 0.64423 0)
(1.9792 0.623995 0)
(2.00248 0.600741 0)
(2.02772 0.571216 0)
(2.05201 0.551379 0)
(2.07381 0.53734 0)
(2.1004 0.508242 0)
(2.12849 0.466352 0)
(1.82311 0.801414 0)
(1.84126 0.781749 0)
(1.86067 0.761417 0)
(1.87891 0.74388 0)
(1.89368 0.730284 0)
(1.91203 0.710677 0)
(1.93829 0.684391 0)
(1.96286 0.664852 0)
(1.98284 0.649502 0)
(2.00758 0.620923 0)
(2.03404 0.587384 0)
(2.05531 0.573721 0)
(2.07274 0.565014 0)
(2.1005 0.533816 0)
(2.13021 0.488889 0)
(1.83459 0.821746 0)
(1.85865 0.799119 0)
(1.87818 0.779267 0)
(1.89265 0.765054 0)
(1.90652 0.750233 0)
(1.92741 0.727136 0)
(1.95294 0.700617 0)
(1.97441 0.682733 0)
(1.99173 0.667517 0)
(2.01371 0.641451 0)
(2.03844 0.612255 0)
(2.06019 0.597248 0)
(2.08006 0.582167 0)
(2.10729 0.549187 0)
(2.13094 0.513015 0)
)
;

boundaryField
{
    inlet
    {
        type            fixedValue;
        value           uniform (3 0 0);
    }
    outlet
    {
        type            inletOutlet;
        inletValue      nonuniform 0();
        value           nonuniform 0();
    }
    bottom
    {
        type            slip;
    }
    top
    {
        type            slip;
    }
    obstacle
    {
        type            slip;
    }
    defaultFaces
    {
        type            empty;
    }
    procBoundary0to1
    {
        type            processor;
        value           nonuniform List<vector> 
26
(
(2.21591 -0.0226588 0)
(2.26261 -0.006908 0)
(2.36503 -0.0459955 0)
(2.43754 -0.157555 0)
(2.50648 -0.256325 0)
(2.54826 -0.311757 0)
(2.54026 -0.28636 0)
(2.503 -0.26236 0)
(2.4457 -0.164393 0)
(2.36681 -0.0697337 0)
(2.3281 -0.0171277 0)
(2.29307 0.025876 0)
(2.25237 0.090932 0)
(2.21483 0.142793 0)
(2.18903 0.178504 0)
(2.16856 0.208134 0)
(2.15709 0.228502 0)
(2.14994 0.256626 0)
(2.15034 0.283614 0)
(2.15252 0.315148 0)
(2.15256 0.350659 0)
(2.15576 0.377631 0)
(2.15352 0.41 0)
(2.15133 0.442113 0)
(2.152 0.469417 0)
(2.14985 0.502297 0)
)
;
    }
    procBoundary0to2
    {
        type            processor;
        value           nonuniform List<vector> 
112
(
(3 -6.444e-16 0)
(3 -6.36304e-16 0)
(3 1.96625e-16 0)
(3 4.47195e-16 0)
(3 6.41379e-16 0)
(3 -8.28702e-17 0)
(3 -1.23443e-16 0)
(3 -1.99132e-16 0)
(3 -3.37129e-16 0)
(3 -5.02434e-16 0)
(3 -5.10481e-16 0)
(3 -1.29592e-16 0)
(3 5.64304e-16 0)
(3 1.72062e-15 0)
(3 1.90992e-15 0)
(3 1.75154e-15 0)
(3 1.02788e-15 0)
(3 1.00447e-16 0)
(3 -2.67052e-16 0)
(3 -7.08314e-18 0)
(3 4.75171e-16 0)
(3 2.15568e-16 0)
(3 -1.44572e-16 0)
(3 1.61171e-16 0)
(3 7.32188e-16 0)
(3 5.3489e-16 0)
(3 8.65805e-16 0)
(3 1.26585e-15 0)
(3 -1.41935e-16 0)
(3 -1.09352e-15 0)
(3 -1.50777e-15 0)
(3 -1.61056e-15 0)
(3 -5.31714e-16 0)
(3 -3.96516e-16 0)
(3 -6.10967e-16 0)
(3 -1.51565e-15 0)
(3 -2.56854e-15 0)
(3 -2.76165e-15 0)
(3 -1.65175e-15 0)
(3 -5.03529e-16 0)
(3 -2.28383e-16 0)
(3 1.02845e-16 0)
(3 1.04387e-16 0)
(3 5.42966e-16 0)
(3 1.10977e-15 0)
(3 5.42318e-16 0)
(3 3.85129e-16 0)
(3 6.44749e-16 0)
(2.5695 0.356091 0)
(2.57826 0.326767 0)
(2.5729 0.335156 0)
(2.48327 0.436593 0)
(2.14106 0.713386 0)
(1.90619 0.840663 0)
(3 5.33419e-16 0)
(3 6.39298e-16 0)
(3 1.14428e-16 0)
(3 -6.26155e-16 0)
(3 -4.02572e-16 0)
(3 4.72486e-13 0)
(3 6.43542e-09 0)
(3 7.61113e-06 0)
(2.99917 0.00249478 0)
(2.96484 0.0647466 0)
(2.6097 0.497213 0)
(2.22776 0.8348 0)
(2.06396 0.929662 0)
(2.06243 0.934247 0)
(2.07979 0.925062 0)
(2.11247 0.898536 0)
(2.13931 0.858273 0)
(2.14913 0.852717 0)
(2.15647 0.855654 0)
(2.18597 0.830904 0)
(2.23217 0.78496 0)
(2.2589 0.745184 0)
(2.26625 0.746769 0)
(2.25732 0.762119 0)
(2.27015 0.743065 0)
(2.31453 0.699996 0)
(2.34472 0.650822 0)
(2.35924 0.638946 0)
(2.35682 0.65509 0)
(2.35982 0.644977 0)
(2.39639 0.607838 0)
(2.42304 0.560502 0)
(2.4366 0.542409 0)
(2.43485 0.557555 0)
(2.43413 0.551186 0)
(2.4663 0.51484 0)
(2.48894 0.471995 0)
(2.50158 0.463036 0)
(2.50214 0.463128 0)
(2.51417 0.441427 0)
(2.52601 0.428744 0)
(2.5695 0.356091 0)
(2.53901 0.419587 0)
(1.86519 0.836631 0)
(1.87455 0.820312 0)
(1.89263 0.800023 0)
(1.90574 0.786346 0)
(1.92045 0.768879 0)
(1.94345 0.741757 0)
(1.96642 0.716323 0)
(1.98259 0.705487 0)
(1.99692 0.692418 0)
(2.022 0.662052 0)
(2.0483 0.629852 0)
(2.06812 0.618065 0)
(2.08295 0.607903 0)
(2.10711 0.577551 0)
(2.1329 0.539567 0)
)
;
    }
}


// ************************************************************************* //
