/*--------------------------------*- C++ -*----------------------------------*\
  =========                 |
  \\      /  F ield         | OpenFOAM: The Open Source CFD Toolbox
   \\    /   O peration     | Website:  https://openfoam.org
    \\  /    A nd           | Version:  7
     \\/     M anipulation  |
\*---------------------------------------------------------------------------*/
FoamFile
{
    version     2.0;
    format      ascii;
    class       volVectorField;
    location    "0.3";
    object      U;
}
// * * * * * * * * * * * * * * * * * * * * * * * * * * * * * * * * * * * * * //

dimensions      [0 1 -1 0 0 0 0];

internalField   nonuniform List<vector> 
4128
(
(3.00945 -0.00081811 0)
(3.01112 -0.00063493 0)
(3.01401 -0.000573039 0)
(3.01738 -0.000710967 0)
(3.01879 -0.000779765 0)
(3.01905 -0.000773414 0)
(3.01944 -0.000731479 0)
(3.01964 -0.000686304 0)
(3.01944 -0.000631649 0)
(3.0183 -0.000551546 0)
(3.01514 -0.000444041 0)
(3.01009 -0.000327976 0)
(3.00722 -0.000253715 0)
(3.00699 -0.000221971 0)
(3.00706 -0.00020224 0)
(3.00714 -0.000185607 0)
(3.00721 -0.00016171 0)
(3.00737 -0.000131336 0)
(3.00783 -0.000102475 0)
(3.00914 -8.26354e-05 0)
(3.01279 -2.84057e-05 0)
(3.02005 8.69532e-05 0)
(3.02657 0.000197125 0)
(3.02797 0.000233306 0)
(3.02791 0.000236814 0)
(3.0278 0.000233158 0)
(3.02738 0.00021956 0)
(3.02629 0.000209473 0)
(3.02341 0.000201688 0)
(3.01654 0.000143565 0)
(3.00628 4.94862e-05 0)
(3.00066 4.4679e-06 0)
(3.00001 4.63567e-08 0)
(3 -1.55065e-09 0)
(3 -1.33373e-09 0)
(3 -1.05832e-09 0)
(3 -5.17081e-10 0)
(3 -1.54058e-11 0)
(3 1.74825e-10 0)
(3 1.00119e-10 0)
(3 1.20385e-11 0)
(3 1.81416e-13 0)
(3 1.88927e-14 0)
(3 1.68484e-14 0)
(3 1.13404e-14 0)
(3 -1.84807e-15 0)
(3 -7.26762e-15 0)
(3 -2.75622e-15 0)
(3 -7.164e-16 0)
(3 3.55766e-16 0)
(3 2.99365e-16 0)
(3 -2.72392e-16 0)
(3 -1.23069e-15 0)
(3 -1.38079e-15 0)
(3 -8.21474e-16 0)
(3 -6.9004e-16 0)
(3 -8.44369e-16 0)
(3 -4.64857e-16 0)
(3 -1.02641e-15 0)
(3 -1.74991e-15 0)
(3 -1.32095e-15 0)
(3 -1.50097e-15 0)
(3 -6.41339e-16 0)
(3 -1.39817e-16 0)
(3 -1.37487e-16 0)
(3 9.44942e-17 0)
(3 9.60953e-16 0)
(3 5.86243e-16 0)
(3 -2.76669e-16 0)
(3 -7.64536e-16 0)
(3 -1.05545e-15 0)
(3 -9.94792e-16 0)
(3 -9.05385e-16 0)
(3 -9.47965e-16 0)
(3 -7.11782e-16 0)
(3 -3.38144e-16 0)
(3 1.42542e-16 0)
(3 4.11147e-16 0)
(3 2.65487e-16 0)
(3 4.52396e-16 0)
(3 5.0416e-16 0)
(3 -1.58293e-17 0)
(3 2.12743e-16 0)
(3 1.34145e-15 0)
(3 2.05703e-15 0)
(3 2.08652e-15 0)
(3 1.33027e-15 0)
(3 1.17269e-15 0)
(3 4.26875e-16 0)
(3 9.09465e-16 0)
(3 1.28172e-15 0)
(3 1.74088e-15 0)
(3 1.1644e-15 0)
(3 -9.47374e-16 0)
(3 -1.055e-15 0)
(3 -2.37792e-16 0)
(3 7.06175e-17 0)
(3 9.17716e-17 0)
(3 -1.10295e-16 0)
(3 -1.72119e-16 0)
(3 3.09928e-16 0)
(3 5.71464e-16 0)
(3 5.76468e-16 0)
(3 3.18311e-16 0)
(3 1.18584e-15 0)
(3 1.92672e-15 0)
(3 1.21015e-15 0)
(3 1.03794e-15 0)
(3 5.3349e-16 0)
(3 1.37095e-16 0)
(3 -2.18896e-16 0)
(3 -1.58699e-15 0)
(3 -1.1901e-15 0)
(3 -8.48733e-16 0)
(3 -1.25397e-16 0)
(3 5.00211e-16 0)
(3 1.78061e-16 0)
(3 -4.92955e-16 0)
(3 -1.36996e-15 0)
(3 -1.2309e-15 0)
(3 -1.01545e-15 0)
(3 -2.93188e-16 0)
(3 -1.94248e-16 0)
(3 -3.6171e-16 0)
(3 -7.23444e-16 0)
(3 -4.87776e-17 0)
(3 8.77009e-16 0)
(3 1.63011e-15 0)
(3 1.69682e-15 0)
(3.00868 -0.00183027 0)
(3.01011 -0.00160926 0)
(3.01272 -0.00137402 0)
(3.01648 -0.00125187 0)
(3.01856 -0.00119366 0)
(3.01888 -0.0011701 0)
(3.01929 -0.00110682 0)
(3.01952 -0.00105087 0)
(3.01935 -0.000994817 0)
(3.01828 -0.00088303 0)
(3.0152 -0.000692176 0)
(3.01015 -0.000483304 0)
(3.00718 -0.000374531 0)
(3.0069 -0.00034975 0)
(3.00697 -0.00034119 0)
(3.00702 -0.000328941 0)
(3.00708 -0.00031283 0)
(3.00723 -0.000296109 0)
(3.00768 -0.000276458 0)
(3.00908 -0.000259082 0)
(3.01288 -0.000228463 0)
(3.02024 -0.000107355 0)
(3.02678 8.30218e-05 0)
(3.02822 0.0002071 0)
(3.02822 0.000254725 0)
(3.02814 0.000319324 0)
(3.02779 0.000429904 0)
(3.02671 0.000566631 0)
(3.02363 0.000627249 0)
(3.0164 0.00050577 0)
(3.00601 0.000199345 0)
(3.00059 1.95433e-05 0)
(3.00001 2.12919e-07 0)
(3 -3.46537e-09 0)
(3 -3.54131e-09 0)
(3 -3.45686e-09 0)
(3 -3.13336e-09 0)
(3 -2.27828e-09 0)
(3 -1.13497e-09 0)
(3 -2.91499e-10 0)
(3 -2.17572e-11 0)
(3 -1.38521e-13 0)
(3 7.51617e-14 0)
(3 7.12921e-14 0)
(3 6.10128e-14 0)
(3 3.78294e-14 0)
(3 1.3261e-14 0)
(3 2.2018e-15 0)
(3 4.54652e-16 0)
(3 7.28735e-16 0)
(3 2.1598e-16 0)
(3 -1.12534e-15 0)
(3 -1.5251e-15 0)
(3 -1.68569e-15 0)
(3 -5.63716e-16 0)
(3 3.2129e-16 0)
(3 -3.48869e-16 0)
(3 -4.55474e-16 0)
(3 -1.24362e-15 0)
(3 -3.25139e-15 0)
(3 -2.26611e-15 0)
(3 -8.90244e-16 0)
(3 7.12053e-17 0)
(3 6.8798e-16 0)
(3 -1.39659e-16 0)
(3 1.35351e-16 0)
(3 6.27035e-16 0)
(3 3.55394e-16 0)
(3 -7.82207e-16 0)
(3 -9.93736e-16 0)
(3 -7.45329e-16 0)
(3 9.72113e-17 0)
(3 1.62353e-16 0)
(3 -1.71426e-16 0)
(3 5.25268e-16 0)
(3 5.62627e-16 0)
(3 1.02771e-15 0)
(3 1.23147e-15 0)
(3 5.31534e-16 0)
(3 7.24814e-16 0)
(3 1.66837e-15 0)
(3 1.48883e-15 0)
(3 2.00293e-15 0)
(3 2.52046e-15 0)
(3 2.23314e-15 0)
(3 1.77646e-15 0)
(3 1.40466e-15 0)
(3 9.6179e-16 0)
(3 -2.75198e-16 0)
(3 5.30611e-16 0)
(3 8.34785e-16 0)
(3 1.10268e-15 0)
(3 7.2577e-16 0)
(3 -7.27423e-16 0)
(3 -1.26886e-15 0)
(3 -7.72147e-16 0)
(3 3.17098e-16 0)
(3 4.91783e-16 0)
(3 -2.73422e-16 0)
(3 -7.37445e-16 0)
(3 3.09237e-17 0)
(3 1.32786e-16 0)
(3 2.66968e-16 0)
(3 5.76852e-16 0)
(3 1.54311e-15 0)
(3 2.75519e-15 0)
(3 2.23471e-15 0)
(3 2.46882e-15 0)
(3 2.4256e-15 0)
(3 1.21123e-15 0)
(3 -2.74775e-16 0)
(3 -1.3983e-15 0)
(3 -1.12892e-15 0)
(3 -7.47279e-16 0)
(3 6.60941e-16 0)
(3 6.91966e-16 0)
(3 9.24347e-16 0)
(3 1.25718e-16 0)
(3 -1.33242e-15 0)
(3 -1.94982e-15 0)
(3 -2.07506e-15 0)
(3 1.34381e-16 0)
(3 5.81098e-16 0)
(3 2.96884e-16 0)
(3 -3.80113e-18 0)
(3 -2.17775e-17 0)
(3 1.26597e-15 0)
(3 2.59485e-15 0)
(3 2.31438e-15 0)
(3.00925 -0.00306075 0)
(3.01071 -0.00277097 0)
(3.01334 -0.00244718 0)
(3.01682 -0.00215995 0)
(3.01871 -0.0019886 0)
(3.01901 -0.00194692 0)
(3.01941 -0.00182495 0)
(3.01964 -0.0017019 0)
(3.0195 -0.00160603 0)
(3.0185 -0.0015214 0)
(3.01555 -0.00132642 0)
(3.0105 -0.000913499 0)
(3.00732 -0.000608038 0)
(3.00698 -0.000541056 0)
(3.00704 -0.000525578 0)
(3.00711 -0.000513662 0)
(3.00718 -0.000498508 0)
(3.00736 -0.000484409 0)
(3.00787 -0.000464899 0)
(3.00933 -0.000397102 0)
(3.01321 -0.000234738 0)
(3.02061 3.6452e-05 0)
(3.02713 0.000332919 0)
(3.02853 0.000509451 0)
(3.0285 0.000576921 0)
(3.02838 0.000679149 0)
(3.02792 0.000862556 0)
(3.0267 0.00101504 0)
(3.02345 0.00103041 0)
(3.01596 0.000762306 0)
(3.00559 0.000271568 0)
(3.00051 2.38012e-05 0)
(3.00001 2.23831e-07 0)
(3 -5.38767e-09 0)
(3 -5.4563e-09 0)
(3 -5.42926e-09 0)
(3 -5.38856e-09 0)
(3 -5.04651e-09 0)
(3 -3.60949e-09 0)
(3 -1.31884e-09 0)
(3 -1.2807e-10 0)
(3 -1.37191e-12 0)
(3 9.86661e-14 0)
(3 9.88447e-14 0)
(3 9.64402e-14 0)
(3 8.67045e-14 0)
(3 5.41534e-14 0)
(3 1.35571e-14 0)
(3 1.73125e-15 0)
(3 1.64192e-15 0)
(3 1.08999e-15 0)
(3 1.21655e-16 0)
(3 -2.2795e-16 0)
(3 8.11807e-16 0)
(3 2.17803e-16 0)
(3 -7.84144e-16 0)
(3 -1.22627e-15 0)
(3 -1.51577e-15 0)
(3 -1.91643e-15 0)
(3 -2.02405e-15 0)
(3 -4.16409e-16 0)
(3 9.40838e-16 0)
(3 1.38156e-15 0)
(3 1.34691e-15 0)
(3 5.03278e-16 0)
(3 1.20033e-15 0)
(3 1.53202e-15 0)
(3 1.29971e-15 0)
(3 1.05664e-15 0)
(3 1.17895e-15 0)
(3 8.51375e-16 0)
(3 9.1316e-16 0)
(3 3.89538e-16 0)
(3 1.00863e-16 0)
(3 8.64782e-16 0)
(3 7.86815e-16 0)
(3 4.89651e-16 0)
(3 3.36777e-16 0)
(3 2.13827e-15 0)
(3 2.52498e-15 0)
(3 3.18588e-15 0)
(3 3.12143e-15 0)
(3 3.13208e-15 0)
(3 2.37777e-15 0)
(3 2.30584e-15 0)
(3 2.09841e-15 0)
(3 2.24284e-15 0)
(3 1.029e-15 0)
(3 -2.2325e-16 0)
(3 -3.87997e-16 0)
(3 -4.51579e-16 0)
(3 -1.4082e-15 0)
(3 -1.775e-15 0)
(3 -2.09315e-15 0)
(3 -3.3035e-15 0)
(3 -8.00611e-16 0)
(3 6.3816e-16 0)
(3 1.73877e-15 0)
(3 1.63862e-15 0)
(3 1.63378e-15 0)
(3 1.29545e-15 0)
(3 6.21966e-16 0)
(3 1.58651e-15 0)
(3 3.85224e-15 0)
(3 3.59221e-15 0)
(3 2.59622e-15 0)
(3 3.86095e-15 0)
(3 3.98657e-15 0)
(3 4.18881e-15 0)
(3 5.83899e-16 0)
(3 -2.39948e-15 0)
(3 -2.99536e-15 0)
(3 -1.79929e-15 0)
(3 -2.89928e-17 0)
(3 2.06929e-15 0)
(3 1.15763e-15 0)
(3 4.3066e-16 0)
(3 -7.03304e-16 0)
(3 -3.78517e-16 0)
(3 -1.29362e-15 0)
(3 -1.99118e-15 0)
(3 -6.63646e-17 0)
(3 8.58231e-16 0)
(3 8.2721e-16 0)
(3 1.3168e-15 0)
(3 8.85943e-16 0)
(3 -3.23978e-16 0)
(3 -3.61166e-16 0)
(3 9.25059e-16 0)
(3.01003 -0.00425642 0)
(3.01115 -0.00403585 0)
(3.01333 -0.00364867 0)
(3.01658 -0.00311906 0)
(3.01851 -0.00280656 0)
(3.01883 -0.00274054 0)
(3.0193 -0.0025829 0)
(3.01962 -0.00243806 0)
(3.01959 -0.00231117 0)
(3.01872 -0.00213347 0)
(3.01597 -0.00179524 0)
(3.01099 -0.00126827 0)
(3.00751 -0.000878794 0)
(3.00705 -0.000780706 0)
(3.00713 -0.000757649 0)
(3.0072 -0.000743731 0)
(3.00728 -0.000726945 0)
(3.00748 -0.000706653 0)
(3.00801 -0.00066141 0)
(3.00951 -0.000578473 0)
(3.01346 -0.000426319 0)
(3.02099 -8.72801e-05 0)
(3.0275 0.000379563 0)
(3.02883 0.000677157 0)
(3.02876 0.000795233 0)
(3.0286 0.000983784 0)
(3.02807 0.0012571 0)
(3.02675 0.00147288 0)
(3.02325 0.00146241 0)
(3.01537 0.00103271 0)
(3.00502 0.000339643 0)
(3.0004 2.6047e-05 0)
(3 1.9934e-07 0)
(3 -7.88743e-09 0)
(3 -7.94766e-09 0)
(3 -7.91001e-09 0)
(3 -7.71681e-09 0)
(3 -6.88427e-09 0)
(3 -4.70756e-09 0)
(3 -1.61737e-09 0)
(3 -1.39633e-10 0)
(3 -1.19653e-12 0)
(3 1.38312e-13 0)
(3 1.38902e-13 0)
(3 1.34189e-13 0)
(3 1.16823e-13 0)
(3 7.11594e-14 0)
(3 1.77025e-14 0)
(3 2.21592e-15 0)
(3 1.29969e-15 0)
(3 1.21831e-15 0)
(3 8.99742e-16 0)
(3 1.2846e-15 0)
(3 1.92506e-15 0)
(3 1.65867e-15 0)
(3 -7.17573e-16 0)
(3 5.87349e-16 0)
(3 9.63533e-16 0)
(3 1.16164e-15 0)
(3 1.35843e-15 0)
(3 1.04435e-15 0)
(3 1.28437e-15 0)
(3 1.68197e-15 0)
(3 1.97536e-15 0)
(3 1.95683e-15 0)
(3 2.07343e-15 0)
(3 2.80175e-15 0)
(3 2.37705e-15 0)
(3 1.65583e-15 0)
(3 1.90393e-15 0)
(3 1.78949e-15 0)
(3 1.24776e-15 0)
(3 5.72405e-16 0)
(3 4.63913e-16 0)
(3 1.12591e-16 0)
(3 -3.54631e-16 0)
(3 -7.12615e-16 0)
(3 -6.15701e-16 0)
(3 6.61025e-16 0)
(3 9.49836e-16 0)
(3 2.31012e-15 0)
(3 2.79501e-15 0)
(3 2.6303e-15 0)
(3 2.4567e-15 0)
(3 3.05411e-15 0)
(3 2.55334e-15 0)
(3 1.51641e-15 0)
(3 8.70687e-16 0)
(3 -1.16759e-15 0)
(3 -1.89944e-15 0)
(3 -2.57676e-15 0)
(3 -2.90384e-15 0)
(3 -3.21011e-15 0)
(3 -3.54415e-15 0)
(3 -3.33363e-15 0)
(3 -1.97538e-15 0)
(3 -3.35664e-16 0)
(3 1.06134e-16 0)
(3 1.30188e-15 0)
(3 1.12031e-15 0)
(3 -4.64372e-17 0)
(3 1.77097e-15 0)
(3 4.36295e-15 0)
(3 4.8544e-15 0)
(3 4.21448e-15 0)
(3 1.14685e-15 0)
(3 9.41077e-16 0)
(3 1.34689e-15 0)
(3 1.13868e-15 0)
(3 -2.48668e-15 0)
(3 -4.26529e-15 0)
(3 -4.87826e-15 0)
(3 -4.26457e-15 0)
(3 -3.46663e-15 0)
(3 -8.35069e-16 0)
(3 8.43808e-17 0)
(3 3.46096e-16 0)
(3 5.63899e-16 0)
(3 9.84743e-17 0)
(3 -8.16807e-16 0)
(3 -1.51624e-15 0)
(3 -1.47569e-15 0)
(3 -8.11215e-16 0)
(3 5.67371e-16 0)
(3 1.2326e-15 0)
(3 1.33577e-15 0)
(3 9.07371e-16 0)
(3 1.3101e-15 0)
(3 1.84623e-15 0)
(3.01021 -0.00578621 0)
(3.01158 -0.00523266 0)
(3.01407 -0.0044947 0)
(3.01731 -0.00388924 0)
(3.01885 -0.00361093 0)
(3.01913 -0.00352809 0)
(3.01953 -0.00329376 0)
(3.01974 -0.00306469 0)
(3.01963 -0.00286529 0)
(3.0188 -0.00262492 0)
(3.01627 -0.00222867 0)
(3.01146 -0.00162799 0)
(3.00768 -0.00114798 0)
(3.00707 -0.00101704 0)
(3.00715 -0.000991195 0)
(3.00722 -0.000976139 0)
(3.00731 -0.000957312 0)
(3.00751 -0.000931237 0)
(3.00804 -0.000885363 0)
(3.00955 -0.000800439 0)
(3.0136 -0.000581917 0)
(3.02129 -0.000104112 0)
(3.02783 0.000539462 0)
(3.0291 0.000951243 0)
(3.02902 0.00111923 0)
(3.02883 0.00134263 0)
(3.02826 0.00165943 0)
(3.02681 0.00190779 0)
(3.02298 0.00185841 0)
(3.01458 0.00126092 0)
(3.00432 0.00037645 0)
(3.00029 2.42615e-05 0)
(3 1.39278e-07 0)
(3 -1.0093e-08 0)
(3 -1.01506e-08 0)
(3 -1.01779e-08 0)
(3 -1.00022e-08 0)
(3 -8.84884e-09 0)
(3 -5.761e-09 0)
(3 -1.7676e-09 0)
(3 -1.26113e-10 0)
(3 -7.36184e-13 0)
(3 1.81005e-13 0)
(3 1.80875e-13 0)
(3 1.7481e-13 0)
(3 1.50089e-13 0)
(3 8.5349e-14 0)
(3 1.80976e-14 0)
(3 -2.14129e-15 0)
(3 -3.05345e-15 0)
(3 -1.91439e-15 0)
(3 3.82578e-16 0)
(3 1.64716e-15 0)
(3 2.48977e-15 0)
(3 3.73492e-15 0)
(3 4.51989e-15 0)
(3 4.00361e-15 0)
(3 3.21649e-15 0)
(3 3.47936e-15 0)
(3 3.61043e-15 0)
(3 2.88414e-15 0)
(3 2.21412e-15 0)
(3 2.64025e-15 0)
(3 2.56513e-15 0)
(3 3.22886e-15 0)
(3 2.86043e-15 0)
(3 2.63506e-15 0)
(3 2.58986e-15 0)
(3 1.64079e-15 0)
(3 2.54281e-15 0)
(3 3.89873e-15 0)
(3 3.31798e-15 0)
(3 3.26899e-15 0)
(3 3.64384e-15 0)
(3 2.20651e-15 0)
(3 1.74869e-15 0)
(3 7.46249e-16 0)
(3 7.1401e-16 0)
(3 4.77574e-16 0)
(3 4.49269e-16 0)
(3 5.21282e-16 0)
(3 7.01962e-16 0)
(3 1.37122e-15 0)
(3 1.74619e-15 0)
(3 1.30784e-15 0)
(3 1.6747e-15 0)
(3 1.65577e-15 0)
(3 1.80974e-15 0)
(3 1.47639e-15 0)
(3 1.98557e-16 0)
(3 -1.78569e-15 0)
(3 -2.9583e-15 0)
(3 -3.24566e-15 0)
(3 -3.39041e-15 0)
(3 -2.63149e-15 0)
(3 -2.41344e-15 0)
(3 -1.50136e-15 0)
(3 -9.91578e-16 0)
(3 -8.98378e-16 0)
(3 -2.66216e-16 0)
(3 6.22595e-16 0)
(3 1.69532e-15 0)
(3 2.90441e-15 0)
(3 3.24006e-15 0)
(3 3.38848e-15 0)
(3 9.39611e-16 0)
(3 -2.74783e-15 0)
(3 -2.44584e-15 0)
(3 -2.24702e-15 0)
(3 -2.29196e-15 0)
(3 -3.10647e-15 0)
(3 -3.30206e-15 0)
(3 -2.86711e-15 0)
(3 -2.67981e-15 0)
(3 -2.99809e-15 0)
(3 -1.27563e-15 0)
(3 9.61409e-16 0)
(3 1.48486e-15 0)
(3 4.40435e-16 0)
(3 -3.47988e-16 0)
(3 1.24858e-16 0)
(3 -1.15734e-15 0)
(3 -5.81928e-16 0)
(3 1.58972e-15 0)
(3 1.73991e-15 0)
(3 1.26193e-15 0)
(3 1.95335e-15 0)
(3 2.8051e-15 0)
(3 1.74824e-15 0)
(3.01127 -0.00701793 0)
(3.01259 -0.00638521 0)
(3.01483 -0.00553817 0)
(3.01778 -0.00478998 0)
(3.01924 -0.00444524 0)
(3.0195 -0.00433081 0)
(3.01984 -0.00398823 0)
(3.01994 -0.00364134 0)
(3.01973 -0.00334532 0)
(3.01888 -0.00302494 0)
(3.01651 -0.00260122 0)
(3.01192 -0.0019629 0)
(3.0079 -0.00141872 0)
(3.00709 -0.00126885 0)
(3.00716 -0.00123873 0)
(3.00724 -0.00121944 0)
(3.00732 -0.00119458 0)
(3.00751 -0.0011592 0)
(3.00805 -0.00109061 0)
(3.00963 -0.000929383 0)
(3.01382 -0.000605003 0)
(3.02169 1.35201e-05 0)
(3.02824 0.000782397 0)
(3.02947 0.00124264 0)
(3.02939 0.00142278 0)
(3.02919 0.00167016 0)
(3.02856 0.00203376 0)
(3.02694 0.00231493 0)
(3.02264 0.00220637 0)
(3.01354 0.00141064 0)
(3.00351 0.000367887 0)
(3.00019 1.87489e-05 0)
(3 6.97475e-08 0)
(3 -1.24204e-08 0)
(3 -1.24508e-08 0)
(3 -1.24594e-08 0)
(3 -1.21228e-08 0)
(3 -1.04617e-08 0)
(3 -6.40096e-09 0)
(3 -1.71322e-09 0)
(3 -9.6445e-11 0)
(3 -2.76369e-13 0)
(3 2.21841e-13 0)
(3 2.22054e-13 0)
(3 2.12907e-13 0)
(3 1.6936e-13 0)
(3 8.48733e-14 0)
(3 1.70036e-14 0)
(3 -2.50432e-15 0)
(3 -3.60282e-15 0)
(3 -3.49372e-15 0)
(3 3.80567e-17 0)
(3 2.55511e-15 0)
(3 2.80677e-15 0)
(3 3.07735e-15 0)
(3 3.05579e-15 0)
(3 2.20698e-15 0)
(3 2.34195e-15 0)
(3 3.24104e-15 0)
(3 5.04828e-15 0)
(3 4.96635e-15 0)
(3 3.57795e-15 0)
(3 2.00818e-15 0)
(3 1.88347e-15 0)
(3 2.11496e-15 0)
(3 1.93618e-15 0)
(3 9.65891e-16 0)
(3 1.34739e-15 0)
(3 2.52682e-15 0)
(3 2.05263e-15 0)
(3 1.80427e-15 0)
(3 1.268e-15 0)
(3 2.33481e-15 0)
(3 3.0846e-15 0)
(3 2.77616e-15 0)
(3 2.9318e-15 0)
(3 1.98808e-15 0)
(3 1.52766e-15 0)
(3 7.17609e-16 0)
(3 7.4955e-16 0)
(3 3.11618e-16 0)
(3 -5.6499e-16 0)
(3 -3.20573e-16 0)
(3 -2.34513e-16 0)
(3 -7.24613e-16 0)
(3 4.64784e-16 0)
(3 2.22025e-15 0)
(3 1.53912e-15 0)
(3 2.50859e-15 0)
(3 1.95954e-15 0)
(3 4.64468e-16 0)
(3 -9.3581e-16 0)
(3 -2.08989e-15 0)
(3 -2.16701e-15 0)
(3 -1.49198e-15 0)
(3 -1.81487e-15 0)
(3 -2.48564e-15 0)
(3 -1.83248e-15 0)
(3 -2.3e-15 0)
(3 -1.75863e-15 0)
(3 3.65271e-16 0)
(3 9.51526e-16 0)
(3 1.37512e-15 0)
(3 1.67038e-15 0)
(3 2.03018e-15 0)
(3 9.64632e-16 0)
(3 1.30095e-16 0)
(3 -3.13179e-15 0)
(3 -4.39049e-15 0)
(3 -4.05315e-15 0)
(3 -3.26028e-15 0)
(3 -2.11545e-15 0)
(3 -1.74224e-15 0)
(3 -1.67649e-15 0)
(3 -2.04661e-15 0)
(3 -6.74583e-16 0)
(3 4.62058e-16 0)
(3 8.58197e-16 0)
(3 -8.08557e-16 0)
(3 -5.03714e-16 0)
(3 4.53327e-16 0)
(3 9.75753e-16 0)
(3 1.3211e-15 0)
(3 1.61345e-15 0)
(3 1.93742e-15 0)
(3 2.46247e-15 0)
(3 2.812e-15 0)
(3 2.54417e-15 0)
(3 1.96705e-15 0)
(3.01233 -0.00810127 0)
(3.01354 -0.00744225 0)
(3.01561 -0.00648339 0)
(3.01815 -0.00555948 0)
(3.01932 -0.00515852 0)
(3.01953 -0.00501397 0)
(3.01982 -0.00456738 0)
(3.01992 -0.00408272 0)
(3.0197 -0.00369414 0)
(3.0189 -0.00335516 0)
(3.01676 -0.00292339 0)
(3.01245 -0.00228128 0)
(3.00817 -0.00169036 0)
(3.0071 -0.00150965 0)
(3.00715 -0.00148249 0)
(3.00723 -0.00146246 0)
(3.00731 -0.00143238 0)
(3.00753 -0.00139167 0)
(3.00813 -0.00131413 0)
(3.0098 -0.00116495 0)
(3.01421 -0.000768556 0)
(3.02234 7.81984e-05 0)
(3.02885 0.00107087 0)
(3.02998 0.00160397 0)
(3.02989 0.00180541 0)
(3.02965 0.00209885 0)
(3.02892 0.00250878 0)
(3.02703 0.00278491 0)
(3.0221 0.00255807 0)
(3.01222 0.00149716 0)
(3.00266 0.000324849 0)
(3.00011 1.22394e-05 0)
(3 2.03653e-08 0)
(3 -1.47252e-08 0)
(3 -1.47495e-08 0)
(3 -1.47466e-08 0)
(3 -1.42318e-08 0)
(3 -1.19236e-08 0)
(3 -6.72038e-09 0)
(3 -1.50439e-09 0)
(3 -6.25611e-11 0)
(3 5.38684e-14 0)
(3 2.63515e-13 0)
(3 2.61632e-13 0)
(3 2.47748e-13 0)
(3 1.92098e-13 0)
(3 8.60281e-14 0)
(3 8.93638e-15 0)
(3 -8.46573e-16 0)
(3 -2.43048e-15 0)
(3 -3.9378e-15 0)
(3 -6.35768e-16 0)
(3 1.11588e-15 0)
(3 -7.4645e-18 0)
(3 -3.55791e-16 0)
(3 -3.85875e-16 0)
(3 3.55221e-16 0)
(3 7.13778e-16 0)
(3 1.72604e-15 0)
(3 3.02881e-15 0)
(3 2.83074e-15 0)
(3 2.39032e-15 0)
(3 1.09584e-15 0)
(3 4.44507e-16 0)
(3 4.70593e-16 0)
(3 1.29373e-15 0)
(3 1.46036e-15 0)
(3 1.86921e-15 0)
(3 3.16801e-15 0)
(3 1.56477e-15 0)
(3 1.24093e-17 0)
(3 7.2443e-16 0)
(3 2.2873e-15 0)
(3 3.4014e-15 0)
(3 3.66536e-15 0)
(3 3.35011e-15 0)
(3 2.39941e-15 0)
(3 1.95513e-15 0)
(3 1.80387e-15 0)
(3 1.54693e-15 0)
(3 1.07677e-15 0)
(3 1.44536e-15 0)
(3 9.44632e-16 0)
(3 1.08868e-16 0)
(3 5.83486e-16 0)
(3 1.22675e-15 0)
(3 1.52052e-15 0)
(3 2.01247e-15 0)
(3 1.27732e-15 0)
(3 1.41551e-15 0)
(3 -7.1884e-17 0)
(3 -1.54689e-15 0)
(3 -1.89313e-15 0)
(3 -1.94034e-15 0)
(3 -1.58205e-15 0)
(3 -2.09772e-15 0)
(3 -1.38454e-15 0)
(3 -1.70077e-15 0)
(3 -7.02786e-16 0)
(3 -8.40688e-16 0)
(3 -5.29206e-16 0)
(3 1.30168e-16 0)
(3 3.75359e-16 0)
(3 3.61632e-17 0)
(3 -3.00698e-16 0)
(3 -1.06485e-16 0)
(3 -4.9441e-16 0)
(3 -1.84096e-15 0)
(3 -4.34981e-15 0)
(3 -3.45052e-15 0)
(3 -2.24089e-15 0)
(3 -2.21816e-15 0)
(3 -2.15786e-15 0)
(3 -1.32059e-15 0)
(3 -6.82357e-16 0)
(3 -2.80669e-16 0)
(3 2.31047e-16 0)
(3 -7.98285e-17 0)
(3 2.34141e-16 0)
(3 9.64669e-16 0)
(3 2.94488e-15 0)
(3 3.18489e-15 0)
(3 2.68711e-15 0)
(3 2.10954e-15 0)
(3 2.38679e-15 0)
(3 2.71837e-15 0)
(3 2.78819e-15 0)
(3 2.44148e-15 0)
(3 1.97832e-15 0)
(3.01292 -0.00981424 0)
(3.01429 -0.00868491 0)
(3.01633 -0.00726718 0)
(3.0186 -0.00615901 0)
(3.01972 -0.00563183 0)
(3.01991 -0.00549081 0)
(3.02013 -0.00510241 0)
(3.02021 -0.00462909 0)
(3.02001 -0.00417384 0)
(3.01923 -0.00371908 0)
(3.01718 -0.00318245 0)
(3.01296 -0.00249902 0)
(3.00844 -0.00190373 0)
(3.00708 -0.00170345 0)
(3.00711 -0.00168168 0)
(3.00719 -0.00167116 0)
(3.00728 -0.00165214 0)
(3.00752 -0.00162023 0)
(3.00818 -0.0015405 0)
(3.01001 -0.0013471 0)
(3.01476 -0.000838782 0)
(3.02326 0.000215707 0)
(3.02964 0.00137855 0)
(3.03061 0.00195767 0)
(3.03049 0.00217981 0)
(3.0302 0.00251967 0)
(3.02934 0.00297273 0)
(3.0271 0.00323511 0)
(3.02133 0.00283321 0)
(3.01062 0.00147807 0)
(3.00186 0.000254766 0)
(3.00005 6.63968e-06 0)
(3 -5.64749e-09 0)
(3 -1.71149e-08 0)
(3 -1.71324e-08 0)
(3 -1.70742e-08 0)
(3 -1.6243e-08 0)
(3 -1.30419e-08 0)
(3 -6.57444e-09 0)
(3 -1.16855e-09 0)
(3 -3.32167e-11 0)
(3 2.37449e-13 0)
(3 3.0432e-13 0)
(3 3.03872e-13 0)
(3 2.84079e-13 0)
(3 2.14406e-13 0)
(3 8.65313e-14 0)
(3 4.82302e-15 0)
(3 -4.1361e-15 0)
(3 -4.49392e-15 0)
(3 -4.38205e-15 0)
(3 -2.19188e-15 0)
(3 6.5761e-16 0)
(3 9.74028e-16 0)
(3 7.40882e-18 0)
(3 -1.74288e-16 0)
(3 4.57277e-16 0)
(3 7.34171e-17 0)
(3 -7.85562e-16 0)
(3 -1.01849e-16 0)
(3 2.9115e-16 0)
(3 1.60783e-15 0)
(3 2.17221e-15 0)
(3 7.54256e-16 0)
(3 9.30834e-16 0)
(3 2.33515e-15 0)
(3 2.71027e-15 0)
(3 2.85569e-15 0)
(3 3.18014e-15 0)
(3 1.9614e-15 0)
(3 1.55667e-15 0)
(3 2.97659e-15 0)
(3 4.28197e-15 0)
(3 4.52264e-15 0)
(3 4.56941e-15 0)
(3 3.77441e-15 0)
(3 4.09366e-15 0)
(3 3.76557e-15 0)
(3 4.45464e-15 0)
(3 4.07052e-15 0)
(3 2.05422e-15 0)
(3 9.81704e-16 0)
(3 1.28616e-15 0)
(3 2.17178e-15 0)
(3 4.05052e-15 0)
(3 3.93839e-15 0)
(3 1.40509e-15 0)
(3 3.15166e-16 0)
(3 -2.97482e-16 0)
(3 -9.14246e-16 0)
(3 -1.07884e-15 0)
(3 -1.28814e-15 0)
(3 -1.2174e-15 0)
(3 -1.11156e-15 0)
(3 -1.46307e-15 0)
(3 -7.46055e-16 0)
(3 -2.32322e-16 0)
(3 2.45176e-16 0)
(3 7.81206e-16 0)
(3 1.40022e-15 0)
(3 2.29952e-15 0)
(3 2.75274e-15 0)
(3 2.47802e-15 0)
(3 1.80624e-15 0)
(3 8.4923e-16 0)
(3 1.13775e-15 0)
(3 7.29586e-16 0)
(3 9.02364e-16 0)
(3 -1.00129e-15 0)
(3 -6.39706e-16 0)
(3 -9.97387e-16 0)
(3 -7.94401e-16 0)
(3 -8.19801e-16 0)
(3 5.60334e-16 0)
(3 1.0975e-15 0)
(3 4.57962e-17 0)
(3 -3.62812e-16 0)
(3 -7.76827e-16 0)
(3 6.1068e-16 0)
(3 1.87928e-15 0)
(3 3.1973e-15 0)
(3 3.04173e-15 0)
(3 2.99083e-15 0)
(3 3.0099e-15 0)
(3 3.34954e-15 0)
(3 3.69868e-15 0)
(3 2.55632e-15 0)
(3 2.17094e-15 0)
(3 2.23328e-15 0)
(3.01439 -0.0100303 0)
(3.01561 -0.0086094 0)
(3.01726 -0.00748339 0)
(3.01907 -0.00678424 0)
(3.02002 -0.00642317 0)
(3.02021 -0.0062834 0)
(3.02052 -0.0058106 0)
(3.02065 -0.00516094 0)
(3.02049 -0.0044811 0)
(3.01975 -0.0038558 0)
(3.01773 -0.00324785 0)
(3.0135 -0.00263039 0)
(3.00872 -0.0021812 0)
(3.00717 -0.00204139 0)
(3.00719 -0.00201687 0)
(3.00726 -0.00200117 0)
(3.00734 -0.00196925 0)
(3.00756 -0.00192531 0)
(3.00825 -0.00182997 0)
(3.01028 -0.00155233 0)
(3.0155 -0.000844452 0)
(3.02442 0.000526322 0)
(3.03052 0.00187331 0)
(3.03127 0.00247055 0)
(3.03113 0.00270342 0)
(3.03077 0.00308422 0)
(3.02974 0.00354924 0)
(3.02703 0.003719 0)
(3.02022 0.00304322 0)
(3.00879 0.00136362 0)
(3.00118 0.000176708 0)
(3.00002 2.95805e-06 0)
(3 -1.67028e-08 0)
(3 -1.95401e-08 0)
(3 -1.95571e-08 0)
(3 -1.94171e-08 0)
(3 -1.81072e-08 0)
(3 -1.37008e-08 0)
(3 -5.94629e-09 0)
(3 -7.87932e-10 0)
(3 -1.38804e-11 0)
(3 3.4395e-13 0)
(3 3.5628e-13 0)
(3 3.49681e-13 0)
(3 3.1764e-13 0)
(3 2.16056e-13 0)
(3 6.95586e-14 0)
(3 4.48588e-15 0)
(3 -2.76033e-15 0)
(3 -1.84618e-15 0)
(3 -1.96179e-15 0)
(3 -1.69728e-15 0)
(3 -5.41113e-16 0)
(3 1.16674e-16 0)
(3 -4.04944e-16 0)
(3 2.73783e-16 0)
(3 7.89233e-16 0)
(3 1.44194e-15 0)
(3 1.20341e-15 0)
(3 5.09095e-16 0)
(3 1.30207e-15 0)
(3 2.06937e-15 0)
(3 1.99788e-15 0)
(3 2.72512e-15 0)
(3 2.03313e-15 0)
(3 1.54902e-15 0)
(3 2.39266e-15 0)
(3 3.28969e-15 0)
(3 3.88115e-15 0)
(3 4.44298e-15 0)
(3 3.85383e-15 0)
(3 3.24138e-15 0)
(3 3.31178e-15 0)
(3 3.96178e-15 0)
(3 3.70306e-15 0)
(3 3.60669e-15 0)
(3 3.17186e-15 0)
(3 2.93127e-15 0)
(3 3.03673e-15 0)
(3 3.88544e-15 0)
(3 3.82523e-15 0)
(3 2.47128e-15 0)
(3 1.98719e-15 0)
(3 2.41175e-15 0)
(3 2.94561e-15 0)
(3 2.80375e-15 0)
(3 1.28851e-15 0)
(3 -1.46966e-16 0)
(3 -9.68876e-16 0)
(3 -2.89837e-15 0)
(3 -1.23071e-15 0)
(3 -2.50428e-16 0)
(3 -5.46722e-16 0)
(3 -8.3225e-16 0)
(3 -1.24123e-15 0)
(3 -5.27712e-16 0)
(3 -5.244e-16 0)
(3 2.87018e-16 0)
(3 5.83696e-16 0)
(3 1.29599e-15 0)
(3 1.42435e-15 0)
(3 1.78297e-15 0)
(3 2.75506e-15 0)
(3 2.23701e-15 0)
(3 1.55828e-15 0)
(3 9.80587e-16 0)
(3 1.40359e-15 0)
(3 1.93865e-15 0)
(3 3.09071e-15 0)
(3 3.10821e-16 0)
(3 -1.49824e-15 0)
(3 -3.54055e-16 0)
(3 -4.30159e-16 0)
(3 -5.54849e-16 0)
(3 -5.6504e-16 0)
(3 -8.62968e-16 0)
(3 -1.301e-15 0)
(3 -7.35095e-16 0)
(3 7.74449e-16 0)
(3 3.02034e-15 0)
(3 7.90934e-16 0)
(3 1.92208e-15 0)
(3 2.22671e-15 0)
(3 2.28103e-15 0)
(3 2.55446e-15 0)
(3 3.83012e-15 0)
(3 3.158e-15 0)
(3 2.33773e-15 0)
(3 1.89454e-15 0)
(3.01607 -0.0100477 0)
(3.01707 -0.00886929 0)
(3.01808 -0.00816436 0)
(3.01936 -0.0075793 0)
(3.02058 -0.00706716 0)
(3.02112 -0.00655346 0)
(3.02122 -0.00619097 0)
(3.0212 -0.00564914 0)
(3.02105 -0.00487357 0)
(3.02036 -0.00409866 0)
(3.01836 -0.00339692 0)
(3.01399 -0.00278766 0)
(3.00888 -0.0024085 0)
(3.00718 -0.00230728 0)
(3.00719 -0.00229249 0)
(3.00725 -0.00228508 0)
(3.00734 -0.00227428 0)
(3.00762 -0.00224472 0)
(3.00841 -0.00212519 0)
(3.0107 -0.0017759 0)
(3.01652 -0.00082377 0)
(3.02586 0.000901426 0)
(3.03148 0.00239078 0)
(3.03198 0.00298031 0)
(3.03183 0.0032259 0)
(3.03138 0.00365649 0)
(3.03012 0.00412651 0)
(3.02678 0.00416123 0)
(3.0187 0.00312694 0)
(3.00683 0.00115869 0)
(3.00066 0.000106488 0)
(3.00001 1.0513e-06 0)
(3 -2.15297e-08 0)
(3 -2.20457e-08 0)
(3 -2.20452e-08 0)
(3 -2.17184e-08 0)
(3 -1.96816e-08 0)
(3 -1.37187e-08 0)
(3 -4.88332e-09 0)
(3 -4.47289e-10 0)
(3 -4.21595e-12 0)
(3 3.95541e-13 0)
(3 3.96873e-13 0)
(3 3.87236e-13 0)
(3 3.37833e-13 0)
(3 2.04263e-13 0)
(3 5.41875e-14 0)
(3 6.6098e-16 0)
(3 3.23435e-16 0)
(3 9.8712e-17 0)
(3 7.07548e-16 0)
(3 -2.75651e-16 0)
(3 -7.48299e-16 0)
(3 -1.71944e-15 0)
(3 -1.28462e-15 0)
(3 -5.22175e-18 0)
(3 6.87034e-16 0)
(3 2.74938e-15 0)
(3 4.53889e-15 0)
(3 3.53824e-15 0)
(3 2.82793e-15 0)
(3 2.52409e-15 0)
(3 2.53614e-15 0)
(3 3.13544e-15 0)
(3 2.75732e-15 0)
(3 2.33948e-15 0)
(3 2.723e-15 0)
(3 1.92103e-15 0)
(3 1.73978e-15 0)
(3 3.10904e-15 0)
(3 3.54135e-15 0)
(3 2.47569e-15 0)
(3 2.79499e-15 0)
(3 2.86656e-15 0)
(3 3.14987e-15 0)
(3 2.89767e-15 0)
(3 2.97438e-15 0)
(3 3.35032e-15 0)
(3 3.28766e-15 0)
(3 2.95373e-15 0)
(3 3.45918e-15 0)
(3 3.36818e-15 0)
(3 2.67012e-15 0)
(3 1.98974e-15 0)
(3 1.08394e-15 0)
(3 1.68475e-15 0)
(3 1.60781e-15 0)
(3 8.55859e-16 0)
(3 2.49984e-16 0)
(3 -6.12653e-17 0)
(3 3.29729e-16 0)
(3 -6.91708e-18 0)
(3 8.83106e-17 0)
(3 1.25974e-16 0)
(3 1.045e-15 0)
(3 1.02081e-15 0)
(3 1.32949e-15 0)
(3 1.2475e-15 0)
(3 5.0179e-16 0)
(3 1.45071e-16 0)
(3 -9.36798e-17 0)
(3 -2.06127e-16 0)
(3 -2.46059e-18 0)
(3 1.36827e-15 0)
(3 1.73754e-15 0)
(3 1.65739e-15 0)
(3 1.86272e-15 0)
(3 1.65642e-15 0)
(3 2.48606e-15 0)
(3 1.76485e-15 0)
(3 9.56468e-16 0)
(3 3.35799e-16 0)
(3 4.3622e-16 0)
(3 -2.92714e-16 0)
(3 -6.52135e-16 0)
(3 -7.8304e-16 0)
(3 -6.7265e-16 0)
(3 9.07992e-16 0)
(3 6.90612e-16 0)
(3 5.56212e-16 0)
(3 1.24645e-15 0)
(3 1.60945e-15 0)
(3 2.16895e-15 0)
(3 2.70597e-15 0)
(3 3.27366e-15 0)
(3 3.80385e-15 0)
(3 4.17252e-15 0)
(3 3.91804e-15 0)
(3 2.39042e-15 0)
(3.01739 -0.0102335 0)
(3.01792 -0.00952824 0)
(3.01857 -0.00895143 0)
(3.01958 -0.00849569 0)
(3.02082 -0.0078565 0)
(3.02183 -0.00696133 0)
(3.02207 -0.00630866 0)
(3.022 -0.00587042 0)
(3.02177 -0.00509853 0)
(3.02104 -0.0042128 0)
(3.01893 -0.00344433 0)
(3.01429 -0.00290162 0)
(3.00893 -0.00263776 0)
(3.00713 -0.00256755 0)
(3.00714 -0.00255019 0)
(3.00723 -0.00254285 0)
(3.00732 -0.0025337 0)
(3.00763 -0.00250679 0)
(3.00856 -0.00233366 0)
(3.01126 -0.00183384 0)
(3.01785 -0.000588093 0)
(3.02754 0.00148316 0)
(3.03247 0.003035 0)
(3.03273 0.00357874 0)
(3.03256 0.00383671 0)
(3.03199 0.00430471 0)
(3.03042 0.00473582 0)
(3.02623 0.00454915 0)
(3.01669 0.00306236 0)
(3.00489 0.000894499 0)
(3.00032 5.45066e-05 0)
(3 2.78037e-07 0)
(3 -2.45416e-08 0)
(3 -2.45995e-08 0)
(3 -2.45694e-08 0)
(3 -2.39339e-08 0)
(3 -2.08063e-08 0)
(3 -1.29337e-08 0)
(3 -3.5457e-09 0)
(3 -2.04812e-10 0)
(3 -6.26654e-13 0)
(3 4.48009e-13 0)
(3 4.45977e-13 0)
(3 4.29326e-13 0)
(3 3.52324e-13 0)
(3 1.785e-13 0)
(3 2.95501e-14 0)
(3 1.61367e-15 0)
(3 -1.15199e-15 0)
(3 -1.85212e-15 0)
(3 -1.2076e-15 0)
(3 -1.80158e-15 0)
(3 -2.95092e-15 0)
(3 -4.13258e-15 0)
(3 -2.22969e-15 0)
(3 -6.5021e-16 0)
(3 1.76079e-15 0)
(3 3.1036e-15 0)
(3 2.51612e-15 0)
(3 3.12291e-15 0)
(3 2.40685e-15 0)
(3 3.08713e-15 0)
(3 2.85572e-15 0)
(3 1.88033e-15 0)
(3 2.5854e-15 0)
(3 2.70813e-15 0)
(3 2.81068e-15 0)
(3 2.24699e-15 0)
(3 1.27398e-15 0)
(3 1.6002e-15 0)
(3 2.60215e-15 0)
(3 3.15455e-15 0)
(3 2.09817e-15 0)
(3 1.47507e-15 0)
(3 1.64006e-15 0)
(3 1.28398e-15 0)
(3 2.64357e-15 0)
(3 3.95779e-15 0)
(3 3.71633e-15 0)
(3 2.60706e-15 0)
(3 2.42312e-15 0)
(3 2.81679e-15 0)
(3 3.02668e-15 0)
(3 1.88718e-15 0)
(3 1.4351e-15 0)
(3 1.78269e-15 0)
(3 1.88183e-15 0)
(3 1.94805e-15 0)
(3 2.2332e-15 0)
(3 2.20978e-15 0)
(3 2.56796e-17 0)
(3 -7.14739e-16 0)
(3 -2.3391e-16 0)
(3 -3.20758e-16 0)
(3 -5.79458e-16 0)
(3 -1.1817e-15 0)
(3 -1.15146e-15 0)
(3 -4.08894e-16 0)
(3 -2.81312e-16 0)
(3 -5.22321e-16 0)
(3 -8.25186e-16 0)
(3 -1.00417e-15 0)
(3 -1.3556e-15 0)
(3 -1.07215e-16 0)
(3 1.72081e-15 0)
(3 2.05402e-15 0)
(3 1.65839e-15 0)
(3 1.70797e-15 0)
(3 1.86979e-15 0)
(3 3.21565e-15 0)
(3 4.5148e-15 0)
(3 2.46615e-15 0)
(3 2.53713e-15 0)
(3 9.04139e-16 0)
(3 -1.0147e-15 0)
(3 -1.28639e-15 0)
(3 -6.49712e-17 0)
(3 -1.16766e-16 0)
(3 -2.60951e-16 0)
(3 3.8853e-16 0)
(3 1.82462e-15 0)
(3 2.17275e-15 0)
(3 2.75983e-15 0)
(3 3.25156e-15 0)
(3 4.19128e-15 0)
(3 5.49502e-15 0)
(3 3.9777e-15 0)
(3 2.67756e-15 0)
(3 1.78954e-15 0)
(3.01823 -0.0111153 0)
(3.0187 -0.0105861 0)
(3.01936 -0.00998185 0)
(3.02014 -0.00926167 0)
(3.02139 -0.00841857 0)
(3.02272 -0.00727693 0)
(3.0231 -0.00636394 0)
(3.02302 -0.00590636 0)
(3.02269 -0.00515585 0)
(3.02182 -0.00422799 0)
(3.01945 -0.00345503 0)
(3.01442 -0.00304956 0)
(3.00893 -0.00301252 0)
(3.00726 -0.00301771 0)
(3.00728 -0.00299868 0)
(3.00735 -0.00297695 0)
(3.00745 -0.00292822 0)
(3.00779 -0.00282029 0)
(3.00887 -0.00259112 0)
(3.01205 -0.00190251 0)
(3.01956 -0.000252228 0)
(3.02943 0.00219233 0)
(3.03347 0.0037273 0)
(3.03353 0.00420152 0)
(3.03333 0.00449443 0)
(3.03258 0.00499894 0)
(3.03059 0.005346 0)
(3.02527 0.00483895 0)
(3.0142 0.00282726 0)
(3.00315 0.000614913 0)
(3.00013 2.30157e-05 0)
(3 3.70609e-08 0)
(3 -2.72303e-08 0)
(3 -2.72206e-08 0)
(3 -2.70905e-08 0)
(3 -2.59109e-08 0)
(3 -2.12347e-08 0)
(3 -1.12559e-08 0)
(3 -2.19456e-09 0)
(3 -7.15317e-11 0)
(3 3.2262e-13 0)
(3 4.90333e-13 0)
(3 4.88258e-13 0)
(3 4.56122e-13 0)
(3 3.44278e-13 0)
(3 1.35007e-13 0)
(3 8.9866e-15 0)
(3 6.60773e-16 0)
(3 -3.69654e-16 0)
(3 -4.56038e-16 0)
(3 -6.58518e-16 0)
(3 -3.65068e-16 0)
(3 -1.5206e-15 0)
(3 -1.31234e-15 0)
(3 -2.83018e-17 0)
(3 3.2184e-16 0)
(3 9.59049e-16 0)
(3 2.0708e-15 0)
(3 1.84441e-15 0)
(3 1.24424e-15 0)
(3 1.13578e-15 0)
(3 1.74233e-15 0)
(3 2.06259e-15 0)
(3 2.01583e-15 0)
(3 3.27362e-15 0)
(3 4.05561e-15 0)
(3 4.6669e-15 0)
(3 3.78599e-15 0)
(3 1.69469e-15 0)
(3 8.36017e-16 0)
(3 2.4302e-15 0)
(3 3.93967e-15 0)
(3 7.84932e-16 0)
(3 -3.83695e-17 0)
(3 1.7413e-17 0)
(3 6.34559e-16 0)
(3 4.00298e-16 0)
(3 -4.56604e-16 0)
(3 -7.96172e-16 0)
(3 -1.05629e-17 0)
(3 7.22248e-16 0)
(3 2.05019e-15 0)
(3 1.94428e-15 0)
(3 1.39793e-15 0)
(3 1.41617e-15 0)
(3 8.5385e-16 0)
(3 8.63371e-16 0)
(3 8.0955e-16 0)
(3 8.90157e-16 0)
(3 6.02267e-16 0)
(3 2.04957e-16 0)
(3 -6.08729e-16 0)
(3 -7.81356e-16 0)
(3 -1.18247e-15 0)
(3 -3.05737e-15 0)
(3 -3.54621e-15 0)
(3 -2.7572e-15 0)
(3 -1.85078e-15 0)
(3 -4.05913e-16 0)
(3 -1.19793e-16 0)
(3 -3.23616e-16 0)
(3 -2.34723e-16 0)
(3 1.58948e-16 0)
(3 7.33792e-16 0)
(3 1.12023e-15 0)
(3 8.22028e-16 0)
(3 1.93502e-15 0)
(3 2.34819e-15 0)
(3 1.42842e-15 0)
(3 3.71805e-16 0)
(3 -1.33151e-16 0)
(3 5.74218e-16 0)
(3 8.43412e-17 0)
(3 -1.38787e-16 0)
(3 -1.4483e-17 0)
(3 8.66993e-17 0)
(3 -7.74158e-16 0)
(3 -7.32959e-16 0)
(3 1.88917e-16 0)
(3 9.50741e-16 0)
(3 9.79925e-16 0)
(3 2.0767e-15 0)
(3 3.1913e-15 0)
(3 3.51161e-15 0)
(3 4.0427e-15 0)
(3 4.66724e-15 0)
(3 3.5015e-15 0)
(3 1.14088e-15 0)
(3 1.77395e-15 0)
(3.01879 -0.0119789 0)
(3.0192 -0.0113969 0)
(3.01974 -0.0107978 0)
(3.02055 -0.0100391 0)
(3.0221 -0.00902078 0)
(3.02382 -0.0075343 0)
(3.02433 -0.00639845 0)
(3.02423 -0.00587989 0)
(3.02378 -0.00507159 0)
(3.02269 -0.00406308 0)
(3.01991 -0.00326744 0)
(3.01428 -0.00299185 0)
(3.00866 -0.00313242 0)
(3.00721 -0.00319197 0)
(3.00724 -0.003185 0)
(3.0073 -0.00317591 0)
(3.00744 -0.00315416 0)
(3.00789 -0.00306583 0)
(3.00924 -0.00276627 0)
(3.01313 -0.00185009 0)
(3.02175 0.000283604 0)
(3.03148 0.00304989 0)
(3.03446 0.0044735 0)
(3.03437 0.00486855 0)
(3.0341 0.00521613 0)
(3.03313 0.00573576 0)
(3.03054 0.0059332 0)
(3.02376 0.00497476 0)
(3.0113 0.0024181 0)
(3.00178 0.000365803 0)
(3.00004 7.69992e-06 0)
(3 -2.00657e-08 0)
(3 -2.98393e-08 0)
(3 -2.98181e-08 0)
(3 -2.9524e-08 0)
(3 -2.74407e-08 0)
(3 -2.06221e-08 0)
(3 -8.75284e-09 0)
(3 -1.09845e-09 0)
(3 -1.74525e-11 0)
(3 5.33696e-13 0)
(3 5.48293e-13 0)
(3 5.37799e-13 0)
(3 4.81408e-13 0)
(3 3.12807e-13 0)
(3 9.08926e-14 0)
(3 5.81521e-15 0)
(3 3.95139e-16 0)
(3 4.72734e-16 0)
(3 8.31217e-16 0)
(3 9.0411e-16 0)
(3 8.23053e-16 0)
(3 2.85428e-16 0)
(3 1.41979e-15 0)
(3 1.9251e-15 0)
(3 1.13817e-15 0)
(3 -5.78956e-16 0)
(3 -1.09455e-15 0)
(3 9.29373e-16 0)
(3 1.72423e-15 0)
(3 1.84019e-15 0)
(3 1.71585e-15 0)
(3 2.35926e-15 0)
(3 3.58141e-15 0)
(3 3.73936e-15 0)
(3 4.49297e-15 0)
(3 3.52171e-15 0)
(3 2.20188e-15 0)
(3 1.24624e-15 0)
(3 3.81208e-16 0)
(3 2.90104e-15 0)
(3 2.13726e-15 0)
(3 6.61709e-16 0)
(3 -7.85191e-16 0)
(3 -5.94742e-16 0)
(3 -2.44885e-16 0)
(3 -6.66859e-16 0)
(3 -7.00667e-16 0)
(3 -1.53285e-16 0)
(3 5.53564e-16 0)
(3 8.8515e-16 0)
(3 1.11669e-15 0)
(3 1.43632e-15 0)
(3 2.10535e-15 0)
(3 1.49214e-15 0)
(3 1.23092e-15 0)
(3 9.66085e-16 0)
(3 -7.80812e-16 0)
(3 -1.29721e-15 0)
(3 -9.09254e-16 0)
(3 6.30653e-16 0)
(3 4.20108e-16 0)
(3 -4.9608e-16 0)
(3 -1.4857e-15 0)
(3 -1.59549e-15 0)
(3 -1.35897e-15 0)
(3 -1.05442e-15 0)
(3 -9.906e-16 0)
(3 2.09037e-16 0)
(3 1.25589e-15 0)
(3 1.4827e-15 0)
(3 1.65595e-15 0)
(3 1.92251e-15 0)
(3 9.6818e-16 0)
(3 9.983e-16 0)
(3 1.69065e-15 0)
(3 1.68601e-15 0)
(3 1.55533e-15 0)
(3 1.01275e-15 0)
(3 -1.40921e-17 0)
(3 -1.96462e-16 0)
(3 -2.14071e-16 0)
(3 2.91845e-16 0)
(3 6.39721e-16 0)
(3 1.40503e-15 0)
(3 1.56647e-15 0)
(3 8.81934e-16 0)
(3 2.36639e-16 0)
(3 -9.45755e-19 0)
(3 -9.35279e-18 0)
(3 1.75386e-15 0)
(3 2.27484e-15 0)
(3 3.5009e-15 0)
(3 4.27339e-15 0)
(3 4.07965e-15 0)
(3 4.15856e-15 0)
(3 4.48225e-15 0)
(3 4.14939e-15 0)
(3 2.9005e-15 0)
(3.01976 -0.0129378 0)
(3.0201 -0.0122623 0)
(3.02052 -0.0114752 0)
(3.02144 -0.0106394 0)
(3.02329 -0.00931045 0)
(3.02522 -0.00740081 0)
(3.02569 -0.00612113 0)
(3.02555 -0.0055868 0)
(3.02495 -0.00473428 0)
(3.02355 -0.00375881 0)
(3.02017 -0.00316005 0)
(3.01383 -0.00318953 0)
(3.00832 -0.00352901 0)
(3.00721 -0.00360178 0)
(3.00728 -0.00358759 0)
(3.00736 -0.00356662 0)
(3.0075 -0.00352623 0)
(3.00804 -0.00340128 0)
(3.00974 -0.0029444 0)
(3.0146 -0.00164228 0)
(3.02446 0.00110108 0)
(3.03353 0.00405796 0)
(3.03542 0.0052723 0)
(3.03525 0.00559724 0)
(3.03486 0.00600889 0)
(3.03359 0.00651567 0)
(3.03015 0.00646806 0)
(3.02154 0.00489127 0)
(3.00822 0.00187178 0)
(3.00085 0.000181709 0)
(3.00001 1.9309e-06 0)
(3 -3.17313e-08 0)
(3 -3.26872e-08 0)
(3 -3.25882e-08 0)
(3 -3.18566e-08 0)
(3 -2.83135e-08 0)
(3 -1.87039e-08 0)
(3 -5.83613e-09 0)
(3 -4.17181e-10 0)
(3 -2.35534e-12 0)
(3 5.8951e-13 0)
(3 5.8919e-13 0)
(3 5.72223e-13 0)
(3 4.79265e-13 0)
(3 2.54398e-13 0)
(3 4.81818e-14 0)
(3 1.70337e-15 0)
(3 1.10667e-16 0)
(3 2.13295e-16 0)
(3 1.31004e-15 0)
(3 1.82557e-15 0)
(3 5.52931e-16 0)
(3 9.12249e-16 0)
(3 1.73665e-15 0)
(3 1.56454e-15 0)
(3 1.05065e-15 0)
(3 1.86216e-16 0)
(3 -1.17841e-15 0)
(3 -2.15408e-16 0)
(3 1.37869e-15 0)
(3 2.71347e-15 0)
(3 2.42321e-15 0)
(3 3.35911e-15 0)
(3 4.70148e-15 0)
(3 4.32534e-15 0)
(3 2.94606e-15 0)
(3 2.55766e-15 0)
(3 2.51857e-15 0)
(3 3.00719e-15 0)
(3 2.41423e-15 0)
(3 1.22418e-15 0)
(3 4.3564e-16 0)
(3 -8.99487e-16 0)
(3 -1.29368e-15 0)
(3 -7.45474e-16 0)
(3 -2.42067e-17 0)
(3 7.22312e-16 0)
(3 7.03391e-16 0)
(3 6.63483e-16 0)
(3 1.79432e-15 0)
(3 1.93331e-15 0)
(3 1.45811e-15 0)
(3 1.84209e-15 0)
(3 2.39682e-15 0)
(3 2.74485e-15 0)
(3 2.91197e-15 0)
(3 3.74821e-15 0)
(3 3.67459e-15 0)
(3 3.23624e-15 0)
(3 2.73361e-15 0)
(3 1.64992e-15 0)
(3 1.46959e-15 0)
(3 4.40127e-16 0)
(3 -5.82202e-16 0)
(3 7.60176e-16 0)
(3 1.65622e-15 0)
(3 1.7631e-15 0)
(3 1.17895e-15 0)
(3 8.60646e-16 0)
(3 1.30709e-15 0)
(3 6.95344e-16 0)
(3 -1.62328e-16 0)
(3 -8.24345e-16 0)
(3 -5.90652e-16 0)
(3 1.67423e-15 0)
(3 2.21883e-15 0)
(3 5.06621e-16 0)
(3 1.30844e-15 0)
(3 1.26719e-15 0)
(3 1.77877e-15 0)
(3 1.71814e-15 0)
(3 -1.62891e-17 0)
(3 -2.40624e-17 0)
(3 6.01727e-16 0)
(3 6.56576e-16 0)
(3 1.05888e-15 0)
(3 1.88451e-15 0)
(3 1.84005e-15 0)
(3 7.97882e-16 0)
(3 1.09765e-15 0)
(3 1.90032e-15 0)
(3 3.88156e-15 0)
(3 3.91396e-15 0)
(3 3.90589e-15 0)
(3 3.5384e-15 0)
(3 2.78143e-15 0)
(3 2.0175e-15 0)
(3 2.08558e-15 0)
(3 1.94654e-15 0)
(3.02059 -0.0136041 0)
(3.02086 -0.0128765 0)
(3.02138 -0.0121612 0)
(3.02261 -0.0111831 0)
(3.02491 -0.00937032 0)
(3.02693 -0.00710509 0)
(3.02723 -0.00587744 0)
(3.027 -0.00528414 0)
(3.02618 -0.00428743 0)
(3.02434 -0.0033393 0)
(3.02014 -0.00300755 0)
(3.01305 -0.00350533 0)
(3.00802 -0.00404843 0)
(3.00731 -0.00410314 0)
(3.00738 -0.00408477 0)
(3.00745 -0.00404362 0)
(3.00766 -0.00395689 0)
(3.00833 -0.00371751 0)
(3.01055 -0.00302568 0)
(3.01666 -0.00117961 0)
(3.02763 0.00223984 0)
(3.03542 0.00516051 0)
(3.03636 0.00611279 0)
(3.03615 0.00639138 0)
(3.03559 0.00687297 0)
(3.03388 0.00730625 0)
(3.02924 0.00686642 0)
(3.01853 0.00452088 0)
(3.0053 0.00127084 0)
(3.00033 7.20995e-05 0)
(3 3.21721e-07 0)
(3 -3.55766e-08 0)
(3 -3.55424e-08 0)
(3 -3.53208e-08 0)
(3 -3.38301e-08 0)
(3 -2.80457e-08 0)
(3 -1.53132e-08 0)
(3 -3.14771e-09 0)
(3 -1.10575e-10 0)
(3 3.70252e-13 0)
(3 6.54242e-13 0)
(3 6.46605e-13 0)
(3 6.04826e-13 0)
(3 4.49522e-13 0)
(3 1.81053e-13 0)
(3 1.74509e-14 0)
(3 1.22268e-15 0)
(3 1.10357e-15 0)
(3 1.04194e-15 0)
(3 4.96004e-16 0)
(3 6.60497e-16 0)
(3 2.31563e-15 0)
(3 3.97472e-15 0)
(3 4.52001e-15 0)
(3 3.58934e-15 0)
(3 2.34809e-15 0)
(3 1.2216e-15 0)
(3 1.00223e-15 0)
(3 1.41462e-15 0)
(3 1.50695e-15 0)
(3 1.76269e-15 0)
(3 1.44844e-15 0)
(3 2.5687e-15 0)
(3 3.67037e-15 0)
(3 3.51924e-15 0)
(3 2.96058e-15 0)
(3 2.83724e-15 0)
(3 2.98248e-15 0)
(3 3.31683e-15 0)
(3 3.97174e-15 0)
(3 2.34505e-15 0)
(3 1.87609e-15 0)
(3 1.91171e-15 0)
(3 1.72662e-15 0)
(3 1.23498e-15 0)
(3 1.65065e-15 0)
(3 5.18095e-16 0)
(3 2.28135e-17 0)
(3 3.36127e-16 0)
(3 -8.44548e-17 0)
(3 1.06173e-15 0)
(3 1.42843e-15 0)
(3 1.87747e-15 0)
(3 2.61927e-15 0)
(3 4.04691e-15 0)
(3 4.38833e-15 0)
(3 4.73995e-15 0)
(3 5.1757e-15 0)
(3 4.86152e-15 0)
(3 4.90749e-15 0)
(3 4.76121e-15 0)
(3 3.69127e-15 0)
(3 2.95845e-15 0)
(3 3.10199e-15 0)
(3 2.16836e-15 0)
(3 2.26533e-15 0)
(3 2.22596e-15 0)
(3 1.69326e-15 0)
(3 1.80398e-15 0)
(3 1.73604e-15 0)
(3 1.18223e-15 0)
(3 5.52432e-16 0)
(3 1.01028e-15 0)
(3 1.6106e-15 0)
(3 1.89023e-15 0)
(3 6.25528e-16 0)
(3 2.51522e-16 0)
(3 -3.76299e-19 0)
(3 -5.40665e-16 0)
(3 -5.0842e-16 0)
(3 -5.8109e-16 0)
(3 -5.07325e-16 0)
(3 -6.06466e-16 0)
(3 -1.21645e-15 0)
(3 -1.34249e-15 0)
(3 -1.18622e-15 0)
(3 -3.0329e-16 0)
(3 6.29765e-16 0)
(3 1.48236e-15 0)
(3 1.07757e-15 0)
(3 8.18919e-16 0)
(3 8.31664e-16 0)
(3 2.02191e-15 0)
(3 2.65833e-15 0)
(3 2.55305e-15 0)
(3 1.901e-15 0)
(3 9.12649e-16 0)
(3 9.65615e-16 0)
(3 1.70114e-15 0)
(3.02139 -0.0142693 0)
(3.02158 -0.0135747 0)
(3.02226 -0.012701 0)
(3.02404 -0.0112653 0)
(3.02699 -0.00881951 0)
(3.02876 -0.00645622 0)
(3.0288 -0.00543029 0)
(3.02841 -0.00471707 0)
(3.02732 -0.00365035 0)
(3.02493 -0.00281918 0)
(3.01965 -0.00284775 0)
(3.01192 -0.00379792 0)
(3.00771 -0.00440027 0)
(3.00734 -0.0044377 0)
(3.00742 -0.00442586 0)
(3.00749 -0.00439301 0)
(3.00777 -0.00428026 0)
(3.0087 -0.00391423 0)
(3.01171 -0.00289196 0)
(3.01946 -0.00035021 0)
(3.03113 0.00367679 0)
(3.03705 0.00629674 0)
(3.0373 0.00698508 0)
(3.03707 0.0072759 0)
(3.03624 0.00780753 0)
(3.03391 0.00806737 0)
(3.02762 0.00703411 0)
(3.01477 0.00383554 0)
(3.00292 0.000727554 0)
(3.0001 2.16724e-05 0)
(3 4.94262e-09 0)
(3 -3.86338e-08 0)
(3 -3.85217e-08 0)
(3 -3.79474e-08 0)
(3 -3.5124e-08 0)
(3 -2.61386e-08 0)
(3 -1.07867e-08 0)
(3 -1.27198e-09 0)
(3 -1.80359e-11 0)
(3 6.9219e-13 0)
(3 7.02489e-13 0)
(3 6.85699e-13 0)
(3 6.00915e-13 0)
(3 3.748e-13 0)
(3 9.92157e-14 0)
(3 4.528e-15 0)
(3 8.725e-17 0)
(3 2.85005e-16 0)
(3 -1.05102e-15 0)
(3 -1.49986e-15 0)
(3 -1.11561e-15 0)
(3 2.15545e-16 0)
(3 7.58493e-16 0)
(3 1.11905e-15 0)
(3 1.22105e-15 0)
(3 8.45949e-16 0)
(3 7.54708e-16 0)
(3 1.61406e-15 0)
(3 2.32742e-15 0)
(3 3.27322e-15 0)
(3 3.43261e-15 0)
(3 2.68844e-15 0)
(3 2.19317e-15 0)
(3 2.42642e-15 0)
(3 3.22386e-15 0)
(3 3.36448e-15 0)
(3 3.47853e-15 0)
(3 3.61375e-15 0)
(3 3.83167e-15 0)
(3 5.18743e-15 0)
(3 4.57118e-15 0)
(3 4.25463e-15 0)
(3 4.46616e-15 0)
(3 2.95436e-15 0)
(3 1.82534e-15 0)
(3 2.07395e-16 0)
(3 -6.7539e-16 0)
(3 -6.9376e-16 0)
(3 8.86365e-16 0)
(3 5.93244e-16 0)
(3 3.71452e-16 0)
(3 1.7776e-16 0)
(3 1.63604e-15 0)
(3 2.94734e-15 0)
(3 2.44871e-15 0)
(3 2.49791e-15 0)
(3 3.21631e-15 0)
(3 3.71448e-15 0)
(3 4.91322e-15 0)
(3 5.74701e-15 0)
(3 5.4837e-15 0)
(3 5.89468e-15 0)
(3 3.5879e-15 0)
(3 3.22902e-15 0)
(3 2.5155e-15 0)
(3 2.57598e-15 0)
(3 1.57579e-15 0)
(3 1.28412e-15 0)
(3 2.98857e-16 0)
(3 -1.7469e-16 0)
(3 1.38181e-15 0)
(3 1.9505e-15 0)
(3 1.2395e-15 0)
(3 9.76497e-16 0)
(3 2.92894e-16 0)
(3 -8.49268e-16 0)
(3 -5.80728e-16 0)
(3 -9.59015e-16 0)
(3 -1.29971e-15 0)
(3 -1.81471e-15 0)
(3 -1.75317e-15 0)
(3 -3.63085e-16 0)
(3 2.38335e-16 0)
(3 2.64936e-16 0)
(3 2.79416e-16 0)
(3 -1.79382e-16 0)
(3 -1.44496e-16 0)
(3 -1.66973e-16 0)
(3 1.18682e-16 0)
(3 -1.8654e-17 0)
(3 4.20605e-16 0)
(3 5.8472e-16 0)
(3 9.47809e-16 0)
(3 2.60615e-15 0)
(3 3.03091e-15 0)
(3 7.95963e-16 0)
(3 3.49759e-16 0)
(3 2.80077e-16 0)
(3 -2.47703e-16 0)
(3.0224 -0.0147736 0)
(3.02253 -0.0139891 0)
(3.02353 -0.0129307 0)
(3.02606 -0.0108964 0)
(3.0294 -0.00786005 0)
(3.03051 -0.00575093 0)
(3.03033 -0.00496275 0)
(3.02973 -0.00414638 0)
(3.02832 -0.0031355 0)
(3.02517 -0.00265543 0)
(3.0186 -0.00331079 0)
(3.01071 -0.00468696 0)
(3.00776 -0.00514369 0)
(3.00762 -0.00504991 0)
(3.00766 -0.00497819 0)
(3.00774 -0.00487656 0)
(3.00806 -0.0046436 0)
(3.00937 -0.00406789 0)
(3.01349 -0.00250442 0)
(3.02309 0.00095988 0)
(3.03459 0.00535315 0)
(3.03838 0.0074344 0)
(3.03827 0.00789834 0)
(3.03796 0.00826459 0)
(3.03675 0.00878715 0)
(3.0335 0.008733 0)
(3.02502 0.00685075 0)
(3.01058 0.00289196 0)
(3.00131 0.000334795 0)
(3.00002 4.61891e-06 0)
(3 -3.81584e-08 0)
(3 -4.13647e-08 0)
(3 -4.12294e-08 0)
(3 -4.00235e-08 0)
(3 -3.49111e-08 0)
(3 -2.19111e-08 0)
(3 -6.04341e-09 0)
(3 -3.44784e-10 0)
(3 -9.62371e-13 0)
(3 7.79598e-13 0)
(3 7.70043e-13 0)
(3 7.2965e-13 0)
(3 5.7561e-13 0)
(3 2.68585e-13 0)
(3 3.6117e-14 0)
(3 1.76431e-16 0)
(3 -1.15798e-15 0)
(3 -1.38819e-15 0)
(3 -1.67634e-15 0)
(3 -2.1053e-15 0)
(3 -1.39845e-15 0)
(3 -1.26167e-15 0)
(3 -8.85599e-16 0)
(3 -3.52e-16 0)
(3 -1.16544e-15 0)
(3 -2.72736e-15 0)
(3 -1.98827e-15 0)
(3 -2.66031e-16 0)
(3 2.59354e-16 0)
(3 1.25178e-15 0)
(3 2.7632e-15 0)
(3 3.49781e-15 0)
(3 3.26732e-15 0)
(3 2.39235e-15 0)
(3 2.95262e-15 0)
(3 3.23284e-15 0)
(3 3.22686e-15 0)
(3 2.93312e-15 0)
(3 2.79344e-15 0)
(3 2.71054e-15 0)
(3 2.86658e-15 0)
(3 3.09112e-15 0)
(3 2.47868e-15 0)
(3 1.12387e-15 0)
(3 1.56342e-17 0)
(3 -1.10784e-15 0)
(3 -6.95689e-16 0)
(3 -1.12025e-15 0)
(3 -7.83131e-16 0)
(3 -4.537e-16 0)
(3 2.05257e-16 0)
(3 1.42858e-15 0)
(3 2.49774e-15 0)
(3 2.53111e-15 0)
(3 1.55821e-15 0)
(3 1.28882e-15 0)
(3 2.58304e-15 0)
(3 3.73852e-15 0)
(3 3.45464e-15 0)
(3 3.7219e-15 0)
(3 3.07172e-15 0)
(3 3.1615e-15 0)
(3 2.82306e-15 0)
(3 1.80997e-15 0)
(3 2.19633e-15 0)
(3 2.70196e-15 0)
(3 2.0568e-15 0)
(3 2.37069e-15 0)
(3 1.38144e-15 0)
(3 2.24638e-15 0)
(3 2.96662e-15 0)
(3 2.44163e-15 0)
(3 7.79467e-16 0)
(3 -6.33459e-16 0)
(3 -7.86508e-16 0)
(3 -7.02348e-16 0)
(3 -1.16858e-15 0)
(3 -1.03136e-15 0)
(3 -1.26072e-15 0)
(3 -1.53605e-15 0)
(3 -1.01176e-15 0)
(3 -4.20613e-16 0)
(3 -5.91471e-16 0)
(3 1.67202e-16 0)
(3 2.5673e-16 0)
(3 2.73178e-16 0)
(3 1.34367e-16 0)
(3 -8.90098e-18 0)
(3 -5.86755e-16 0)
(3 -1.96721e-16 0)
(3 5.78649e-16 0)
(3 1.08292e-15 0)
(3 1.12595e-15 0)
(3 1.36498e-15 0)
(3 1.59086e-15 0)
(3 1.25729e-15 0)
(3 8.49499e-16 0)
(3 5.64981e-17 0)
(3 -5.20472e-16 0)
(3.02324 -0.0152393 0)
(3.02372 -0.0143114 0)
(3.02539 -0.0127439 0)
(3.02888 -0.00980616 0)
(3.03189 -0.00652914 0)
(3.03218 -0.0049766 0)
(3.03188 -0.00431858 0)
(3.03098 -0.00339838 0)
(3.02906 -0.00255998 0)
(3.02479 -0.00259561 0)
(3.01674 -0.00407878 0)
(3.00947 -0.00557168 0)
(3.00771 -0.00570154 0)
(3.00767 -0.00554147 0)
(3.00771 -0.00540715 0)
(3.00788 -0.00517485 0)
(3.00845 -0.00478342 0)
(3.0104 -0.00390749 0)
(3.01608 -0.00165352 0)
(3.02752 0.00279063 0)
(3.03764 0.00708808 0)
(3.03951 0.00854861 0)
(3.03927 0.0088733 0)
(3.03876 0.00933349 0)
(3.03707 0.00976359 0)
(3.03242 0.00917988 0)
(3.02126 0.00620323 0)
(3.00653 0.0018584 0)
(3.00045 0.000116782 0)
(3 6.18808e-07 0)
(3 -4.51432e-08 0)
(3 -4.4987e-08 0)
(3 -4.42945e-08 0)
(3 -4.17234e-08 0)
(3 -3.29442e-08 0)
(3 -1.57991e-08 0)
(3 -2.47686e-09 0)
(3 -5.53959e-11 0)
(3 7.60378e-13 0)
(3 8.26839e-13 0)
(3 8.05124e-13 0)
(3 7.21986e-13 0)
(3 4.86496e-13 0)
(3 1.48544e-13 0)
(3 6.66186e-15 0)
(3 -2.51737e-15 0)
(3 -2.36648e-15 0)
(3 -2.04518e-15 0)
(3 -9.32556e-16 0)
(3 -6.40573e-16 0)
(3 -1.23919e-15 0)
(3 -4.5857e-16 0)
(3 -4.3906e-16 0)
(3 1.96976e-16 0)
(3 -1.57307e-15 0)
(3 -2.73959e-15 0)
(3 -3.2054e-15 0)
(3 -1.47355e-15 0)
(3 -4.24257e-16 0)
(3 1.59078e-16 0)
(3 1.22326e-16 0)
(3 2.18072e-15 0)
(3 2.30826e-15 0)
(3 1.71123e-15 0)
(3 1.12304e-15 0)
(3 1.24685e-15 0)
(3 8.85267e-16 0)
(3 6.63229e-16 0)
(3 5.87333e-16 0)
(3 1.89212e-15 0)
(3 2.90539e-15 0)
(3 2.91825e-15 0)
(3 1.2495e-15 0)
(3 2.71585e-16 0)
(3 5.0837e-16 0)
(3 -2.19975e-16 0)
(3 -7.46231e-16 0)
(3 -4.24595e-17 0)
(3 5.25065e-16 0)
(3 1.38963e-15 0)
(3 1.59625e-15 0)
(3 1.92302e-15 0)
(3 2.31929e-15 0)
(3 2.23979e-15 0)
(3 2.33125e-15 0)
(3 2.3544e-15 0)
(3 2.89544e-15 0)
(3 3.31078e-15 0)
(3 3.70429e-15 0)
(3 3.18897e-15 0)
(3 2.83089e-15 0)
(3 1.79154e-15 0)
(3 2.21742e-15 0)
(3 1.81733e-15 0)
(3 1.11922e-15 0)
(3 1.57106e-15 0)
(3 2.73435e-15 0)
(3 3.64039e-15 0)
(3 3.7283e-15 0)
(3 2.536e-15 0)
(3 2.13682e-15 0)
(3 4.63932e-16 0)
(3 -1.64379e-17 0)
(3 -7.79321e-16 0)
(3 -2.16063e-15 0)
(3 -1.97247e-15 0)
(3 -1.72127e-15 0)
(3 -1.2191e-15 0)
(3 -4.42416e-16 0)
(3 8.29667e-16 0)
(3 1.19068e-15 0)
(3 -3.35909e-16 0)
(3 -1.63275e-15 0)
(3 -1.15069e-15 0)
(3 -3.74838e-16 0)
(3 3.56898e-16 0)
(3 1.3147e-16 0)
(3 8.42827e-17 0)
(3 -8.22754e-16 0)
(3 -1.46876e-15 0)
(3 -1.71933e-15 0)
(3 -2.02284e-15 0)
(3 -8.48707e-16 0)
(3 -6.52457e-16 0)
(3 -1.53349e-15 0)
(3 -1.14154e-15 0)
(3 -1.07309e-15 0)
(3 -1.12259e-15 0)
(3 -5.35335e-16 0)
(3.02445 -0.0153752 0)
(3.02528 -0.0141141 0)
(3.0279 -0.0117712 0)
(3.03215 -0.00809887 0)
(3.03411 -0.00528645 0)
(3.03391 -0.00426085 0)
(3.03343 -0.00352406 0)
(3.03215 -0.00254624 0)
(3.02943 -0.00198137 0)
(3.02337 -0.00284355 0)
(3.01412 -0.00512407 0)
(3.00873 -0.00628466 0)
(3.00802 -0.00613733 0)
(3.008 -0.00596774 0)
(3.00805 -0.00582106 0)
(3.00829 -0.005515 0)
(3.00914 -0.00486968 0)
(3.01197 -0.00343462 0)
(3.01962 -0.000181543 0)
(3.03238 0.00508507 0)
(3.04 0.00874201 0)
(3.04054 0.00965588 0)
(3.04027 0.00993996 0)
(3.03944 0.0104756 0)
(3.037 0.0106638 0)
(3.03033 0.00924649 0)
(3.01643 0.00505378 0)
(3.0033 0.000964007 0)
(3.00011 2.87496e-05 0)
(3 8.13477e-09 0)
(3 -4.84493e-08 0)
(3 -4.78111e-08 0)
(3 -4.62044e-08 0)
(3 -4.109e-08 0)
(3 -2.75617e-08 0)
(3 -8.82123e-09 0)
(3 -6.47467e-10 0)
(3 -3.75964e-12 0)
(3 9.0531e-13 0)
(3 8.95962e-13 0)
(3 8.53554e-13 0)
(3 6.88017e-13 0)
(3 3.41792e-13 0)
(3 5.824e-14 0)
(3 3.96644e-16 0)
(3 -1.48087e-15 0)
(3 -1.72562e-15 0)
(3 -2.39565e-15 0)
(3 -2.88102e-15 0)
(3 -2.22148e-15 0)
(3 -1.56943e-15 0)
(3 -1.31094e-15 0)
(3 -2.01249e-15 0)
(3 -3.1972e-15 0)
(3 -2.45902e-15 0)
(3 -2.10697e-15 0)
(3 -3.25433e-15 0)
(3 -3.3318e-15 0)
(3 -3.38414e-15 0)
(3 -2.96769e-15 0)
(3 -2.15924e-15 0)
(3 -2.58836e-16 0)
(3 2.05654e-16 0)
(3 5.05141e-16 0)
(3 1.02065e-15 0)
(3 9.10028e-16 0)
(3 4.13414e-16 0)
(3 6.25974e-17 0)
(3 1.32771e-15 0)
(3 2.01187e-15 0)
(3 2.3962e-15 0)
(3 1.76676e-15 0)
(3 6.00783e-16 0)
(3 9.03127e-16 0)
(3 2.44609e-15 0)
(3 2.18567e-15 0)
(3 2.30066e-15 0)
(3 3.8724e-15 0)
(3 3.19248e-15 0)
(3 3.66922e-15 0)
(3 3.1044e-15 0)
(3 1.54026e-15 0)
(3 1.16625e-15 0)
(3 1.06097e-15 0)
(3 2.16175e-15 0)
(3 2.67054e-15 0)
(3 1.49006e-15 0)
(3 1.30732e-15 0)
(3 3.34871e-15 0)
(3 2.78252e-15 0)
(3 2.52147e-15 0)
(3 1.52273e-15 0)
(3 2.08422e-15 0)
(3 3.20725e-15 0)
(3 3.04098e-15 0)
(3 1.39344e-15 0)
(3 1.51045e-15 0)
(3 1.47084e-15 0)
(3 1.08836e-15 0)
(3 3.38157e-16 0)
(3 -7.03127e-16 0)
(3 -1.35472e-15 0)
(3 -1.22012e-15 0)
(3 -1.54007e-15 0)
(3 -2.08244e-15 0)
(3 -2.36691e-15 0)
(3 -1.70018e-15 0)
(3 -1.61736e-15 0)
(3 2.41676e-16 0)
(3 1.88895e-15 0)
(3 1.11983e-15 0)
(3 -2.55553e-16 0)
(3 -2.92803e-16 0)
(3 -1.71785e-16 0)
(3 2.47026e-16 0)
(3 6.388e-16 0)
(3 6.49428e-16 0)
(3 4.34447e-16 0)
(3 2.92736e-16 0)
(3 1.27891e-16 0)
(3 -9.82305e-16 0)
(3 -1.37311e-15 0)
(3 -1.72101e-15 0)
(3 -2.67208e-15 0)
(3 -2.99326e-15 0)
(3 -2.46851e-15 0)
(3 -1.85862e-15 0)
(3 -1.81929e-15 0)
(3 -1.35365e-15 0)
(3.026 -0.0153181 0)
(3.02738 -0.0134797 0)
(3.03119 -0.0102235 0)
(3.03534 -0.00630421 0)
(3.03603 -0.00425716 0)
(3.03565 -0.00349622 0)
(3.0349 -0.00268232 0)
(3.0331 -0.00183201 0)
(3.02913 -0.00187502 0)
(3.02091 -0.00383941 0)
(3.01179 -0.00635764 0)
(3.00865 -0.00685877 0)
(3.00845 -0.00664023 0)
(3.00849 -0.00645275 0)
(3.00863 -0.00613845 0)
(3.00895 -0.00561858 0)
(3.01018 -0.00465628 0)
(3.01428 -0.0025295 0)
(3.02428 0.00190537 0)
(3.03705 0.00755855 0)
(3.04168 0.0102366 0)
(3.04157 0.010763 0)
(3.04122 0.0111341 0)
(3.03992 0.0116423 0)
(3.03631 0.0113817 0)
(3.02688 0.00873973 0)
(3.01103 0.00353728 0)
(3.00128 0.00037721 0)
(3.00002 4.55202e-06 0)
(3 -4.94799e-08 0)
(3 -5.17665e-08 0)
(3 -5.10593e-08 0)
(3 -4.81617e-08 0)
(3 -3.86796e-08 0)
(3 -1.96951e-08 0)
(3 -3.49492e-09 0)
(3 -9.51495e-11 0)
(3 7.96713e-13 0)
(3 9.45482e-13 0)
(3 9.2174e-13 0)
(3 8.31313e-13 0)
(3 5.64841e-13 0)
(3 1.80319e-13 0)
(3 1.42348e-14 0)
(3 2.7672e-16 0)
(3 5.28723e-16 0)
(3 -1.01068e-15 0)
(3 -2.83826e-15 0)
(3 -2.07086e-15 0)
(3 -1.26715e-15 0)
(3 -9.02876e-16 0)
(3 -1.67027e-15 0)
(3 -2.94782e-15 0)
(3 -3.30326e-15 0)
(3 -1.6196e-15 0)
(3 -1.15061e-15 0)
(3 -2.77542e-15 0)
(3 -4.00084e-15 0)
(3 -4.93067e-15 0)
(3 -5.51293e-15 0)
(3 -4.52341e-15 0)
(3 -3.79847e-15 0)
(3 -7.7873e-16 0)
(3 -5.36036e-16 0)
(3 -3.73763e-16 0)
(3 2.69062e-16 0)
(3 -1.45209e-16 0)
(3 -4.16459e-17 0)
(3 3.91799e-16 0)
(3 4.02494e-16 0)
(3 3.32085e-16 0)
(3 -2.56472e-16 0)
(3 -2.56114e-16 0)
(3 1.67894e-15 0)
(3 2.91334e-15 0)
(3 2.81514e-15 0)
(3 3.49597e-15 0)
(3 3.60148e-15 0)
(3 2.79145e-15 0)
(3 1.8407e-15 0)
(3 1.40174e-15 0)
(3 1.30737e-15 0)
(3 9.93306e-16 0)
(3 1.42632e-15 0)
(3 1.66012e-15 0)
(3 1.8587e-15 0)
(3 9.6824e-16 0)
(3 4.74002e-16 0)
(3 1.41464e-15 0)
(3 1.96218e-15 0)
(3 1.73511e-15 0)
(3 1.54069e-15 0)
(3 1.3762e-15 0)
(3 2.52019e-15 0)
(3 3.3025e-15 0)
(3 2.58081e-15 0)
(3 1.64473e-15 0)
(3 7.36245e-16 0)
(3 -1.53516e-15 0)
(3 -2.35807e-15 0)
(3 -2.29947e-15 0)
(3 -1.97595e-15 0)
(3 -1.83493e-15 0)
(3 -1.39048e-15 0)
(3 -5.60395e-16 0)
(3 -9.25658e-16 0)
(3 -9.754e-16 0)
(3 -8.79126e-16 0)
(3 -9.36839e-16 0)
(3 -5.88903e-16 0)
(3 -1.12994e-15 0)
(3 -6.7197e-16 0)
(3 2.48061e-16 0)
(3 1.05165e-15 0)
(3 1.53395e-15 0)
(3 2.16466e-15 0)
(3 1.80931e-15 0)
(3 8.60999e-16 0)
(3 2.47844e-15 0)
(3 1.40199e-15 0)
(3 5.01005e-16 0)
(3 2.44384e-16 0)
(3 -1.07646e-15 0)
(3 -1.55927e-15 0)
(3 -2.32341e-15 0)
(3 -1.61987e-15 0)
(3 -1.56175e-15 0)
(3 -1.06842e-15 0)
(3 -1.38871e-15 0)
(3.02768 -0.0143315 0)
(3.02997 -0.0118836 0)
(3.03487 -0.00788651 0)
(3.03797 -0.00441796 0)
(3.03777 -0.00314814 0)
(3.03729 -0.00250906 0)
(3.03619 -0.00171257 0)
(3.03359 -0.00120653 0)
(3.02763 -0.00231276 0)
(3.0175 -0.00545239 0)
(3.01046 -0.00734902 0)
(3.0092 -0.00721313 0)
(3.00916 -0.00696333 0)
(3.00919 -0.00668664 0)
(3.00929 -0.00619665 0)
(3.00974 -0.00541672 0)
(3.01167 -0.0040211 0)
(3.01762 -0.000979541 0)
(3.02991 0.00465834 0)
(3.04092 0.00994115 0)
(3.04293 0.0116143 0)
(3.04264 0.0119367 0)
(3.04204 0.0124218 0)
(3.04008 0.0127602 0)
(3.03465 0.0117019 0)
(3.02183 0.00749707 0)
(3.00606 0.00199857 0)
(3.00035 0.000102262 0)
(3 3.74038e-07 0)
(3 -5.47832e-08 0)
(3 -5.41242e-08 0)
(3 -5.24153e-08 0)
(3 -4.67788e-08 0)
(3 -3.18965e-08 0)
(3 -1.06782e-08 0)
(3 -8.49349e-10 0)
(3 -5.82963e-12 0)
(3 1.0159e-12 0)
(3 1.00759e-12 0)
(3 9.52382e-13 0)
(3 7.64263e-13 0)
(3 3.81051e-13 0)
(3 6.758e-14 0)
(3 3.90477e-15 0)
(3 5.62763e-17 0)
(3 5.17707e-17 0)
(3 6.56782e-16 0)
(3 -8.46429e-17 0)
(3 5.56241e-17 0)
(3 6.87263e-16 0)
(3 -5.11258e-17 0)
(3 -2.14654e-15 0)
(3 -2.49798e-15 0)
(3 -2.23757e-15 0)
(3 -2.11473e-15 0)
(3 -1.35946e-15 0)
(3 -1.01434e-15 0)
(3 -1.2474e-15 0)
(3 -2.75784e-15 0)
(3 -4.4892e-15 0)
(3 -5.27717e-15 0)
(3 -4.15812e-15 0)
(3 -1.51881e-15 0)
(3 -1.21652e-15 0)
(3 -1.40369e-15 0)
(3 -1.14074e-15 0)
(3 -1.89204e-15 0)
(3 -6.58183e-16 0)
(3 -4.26211e-16 0)
(3 -1.80286e-16 0)
(3 -5.97303e-16 0)
(3 -7.01068e-16 0)
(3 1.50188e-16 0)
(3 1.05284e-15 0)
(3 3.13123e-15 0)
(3 3.5883e-15 0)
(3 2.85082e-15 0)
(3 2.63371e-15 0)
(3 3.48952e-15 0)
(3 2.36874e-15 0)
(3 1.03583e-15 0)
(3 2.14226e-15 0)
(3 2.35476e-15 0)
(3 3.07772e-15 0)
(3 3.14856e-15 0)
(3 2.34445e-15 0)
(3 1.30962e-15 0)
(3 7.17044e-16 0)
(3 8.77794e-16 0)
(3 2.53043e-15 0)
(3 2.31756e-15 0)
(3 2.50828e-15 0)
(3 2.98503e-15 0)
(3 4.10632e-15 0)
(3 4.19403e-15 0)
(3 4.4475e-15 0)
(3 3.2282e-15 0)
(3 8.96515e-16 0)
(3 -1.54228e-15 0)
(3 -2.49948e-15 0)
(3 -3.47156e-15 0)
(3 -3.16513e-15 0)
(3 -2.65578e-15 0)
(3 -1.41994e-15 0)
(3 -5.01649e-16 0)
(3 -3.13842e-16 0)
(3 -9.24111e-16 0)
(3 -9.64436e-16 0)
(3 -1.26632e-15 0)
(3 -3.61389e-16 0)
(3 2.48e-16 0)
(3 2.74875e-16 0)
(3 5.32696e-16 0)
(3 1.51452e-15 0)
(3 3.17781e-15 0)
(3 4.33533e-15 0)
(3 4.4337e-15 0)
(3 3.89387e-15 0)
(3 4.26138e-15 0)
(3 3.76122e-15 0)
(3 2.91873e-15 0)
(3 1.31332e-15 0)
(3 -9.34088e-16 0)
(3 -7.35075e-16 0)
(3 -2.76038e-15 0)
(3 -2.3939e-15 0)
(3 -1.85768e-15 0)
(3 -1.08025e-15 0)
(3 -1.01429e-15 0)
(3.03007 -0.0134564 0)
(3.0335 -0.0100876 0)
(3.03858 -0.00550355 0)
(3.0401 -0.00286948 0)
(3.03955 -0.0021162 0)
(3.03887 -0.00148008 0)
(3.03706 -0.000863346 0)
(3.03302 -0.00111095 0)
(3.02438 -0.00378208 0)
(3.01415 -0.00726591 0)
(3.01031 -0.00796547 0)
(3.00998 -0.00762064 0)
(3.00995 -0.00729501 0)
(3.00993 -0.00676406 0)
(3.01002 -0.00603584 0)
(3.01081 -0.00497888 0)
(3.01386 -0.00296662 0)
(3.02225 0.00129527 0)
(3.03593 0.00784198 0)
(3.04365 0.0120364 0)
(3.04403 0.0129463 0)
(3.0437 0.0132581 0)
(3.04268 0.0137966 0)
(3.03968 0.0137372 0)
(3.03148 0.0113631 0)
(3.01548 0.00554795 0)
(3.00252 0.000841067 0)
(3.00006 1.73106e-05 0)
(3 -3.84267e-08 0)
(3 -5.82006e-08 0)
(3 -5.73858e-08 0)
(3 -5.37444e-08 0)
(3 -4.29191e-08 0)
(3 -2.18469e-08 0)
(3 -3.89327e-09 0)
(3 -1.06489e-10 0)
(3 8.89163e-13 0)
(3 1.06114e-12 0)
(3 1.02914e-12 0)
(3 9.12128e-13 0)
(3 5.99242e-13 0)
(3 1.84271e-13 0)
(3 1.24095e-14 0)
(3 1.52355e-15 0)
(3 1.62322e-15 0)
(3 1.37273e-15 0)
(3 1.75996e-15 0)
(3 1.16091e-15 0)
(3 1.09125e-15 0)
(3 1.20772e-15 0)
(3 5.57832e-16 0)
(3 -2.60088e-16 0)
(3 -7.12065e-16 0)
(3 -9.32337e-16 0)
(3 -1.57605e-15 0)
(3 -6.24494e-16 0)
(3 1.69684e-16 0)
(3 -1.94348e-15 0)
(3 -2.27781e-15 0)
(3 -2.99698e-15 0)
(3 -4.09978e-15 0)
(3 -3.58133e-15 0)
(3 -3.1393e-15 0)
(3 -3.13921e-15 0)
(3 -2.7266e-15 0)
(3 -3.22251e-15 0)
(3 -2.48547e-15 0)
(3 -2.31575e-15 0)
(3 -1.99826e-15 0)
(3 -2.09473e-15 0)
(3 -1.23336e-15 0)
(3 8.68787e-16 0)
(3 1.24054e-15 0)
(3 1.28249e-15 0)
(3 2.39651e-15 0)
(3 2.95146e-15 0)
(3 2.94056e-15 0)
(3 3.52279e-15 0)
(3 4.81398e-15 0)
(3 4.16843e-15 0)
(3 4.0192e-15 0)
(3 3.97151e-15 0)
(3 3.71421e-15 0)
(3 2.8321e-15 0)
(3 3.27769e-15 0)
(3 3.30826e-15 0)
(3 2.33347e-15 0)
(3 1.24102e-15 0)
(3 8.66405e-16 0)
(3 1.30929e-15 0)
(3 1.7946e-15 0)
(3 2.19437e-15 0)
(3 3.68602e-15 0)
(3 3.56809e-15 0)
(3 3.10547e-15 0)
(3 3.00388e-15 0)
(3 1.20017e-15 0)
(3 -2.1419e-15 0)
(3 -3.15135e-15 0)
(3 -3.44056e-15 0)
(3 -4.06523e-15 0)
(3 -2.69835e-15 0)
(3 -1.16207e-15 0)
(3 -1.34715e-15 0)
(3 -1.938e-15 0)
(3 -1.69037e-16 0)
(3 -2.25815e-16 0)
(3 -4.33224e-16 0)
(3 -3.89974e-16 0)
(3 -7.2003e-16 0)
(3 1.09146e-15 0)
(3 2.18167e-15 0)
(3 1.93333e-15 0)
(3 3.3201e-15 0)
(3 4.21404e-15 0)
(3 4.80525e-15 0)
(3 6.18799e-15 0)
(3 6.53533e-15 0)
(3 4.95029e-15 0)
(3 4.24614e-15 0)
(3 2.99861e-15 0)
(3 1.65368e-15 0)
(3 -9.06276e-16 0)
(3 -2.18817e-15 0)
(3 -1.40781e-15 0)
(3 -2.1512e-15 0)
(3 -2.29446e-15 0)
(3 -2.22869e-15 0)
(3 -1.52848e-15 0)
(3.03315 -0.0121148 0)
(3.03787 -0.00750072 0)
(3.0417 -0.00302967 0)
(3.04185 -0.00138002 0)
(3.04134 -0.000802053 0)
(3.04016 -0.000190075 0)
(3.03722 -0.000144619 0)
(3.03063 -0.00195662 0)
(3.0197 -0.00605581 0)
(3.01228 -0.00843005 0)
(3.01095 -0.00825721 0)
(3.01083 -0.00786116 0)
(3.01075 -0.00729255 0)
(3.01069 -0.00653645 0)
(3.01094 -0.00560825 0)
(3.01235 -0.00418684 0)
(3.01707 -0.00128136 0)
(3.02821 0.00444594 0)
(3.04138 0.0110871 0)
(3.04541 0.0138239 0)
(3.04515 0.0142997 0)
(3.04469 0.0147258 0)
(3.04297 0.0151465 0)
(3.03826 0.0142992 0)
(3.02631 0.010042 0)
(3.00893 0.00329023 0)
(3.00072 0.000238002 0)
(3.00001 1.56694e-06 0)
(3 -6.08177e-08 0)
(3 -6.03651e-08 0)
(3 -5.81998e-08 0)
(3 -5.11848e-08 0)
(3 -3.41222e-08 0)
(3 -1.0973e-08 0)
(3 -8.13179e-10 0)
(3 -4.74455e-12 0)
(3 1.12103e-12 0)
(3 1.10669e-12 0)
(3 1.03263e-12 0)
(3 8.01249e-13 0)
(3 3.71501e-13 0)
(3 5.50858e-14 0)
(3 -7.71138e-16 0)
(3 -1.36778e-15 0)
(3 -1.86196e-16 0)
(3 8.05141e-16 0)
(3 8.89989e-16 0)
(3 2.72665e-15 0)
(3 2.64586e-15 0)
(3 9.17243e-16 0)
(3 6.21894e-16 0)
(3 7.49861e-16 0)
(3 1.44974e-15 0)
(3 1.44279e-15 0)
(3 1.77017e-15 0)
(3 1.08251e-15 0)
(3 -9.77676e-17 0)
(3 -1.85737e-15 0)
(3 -1.90166e-15 0)
(3 -1.07664e-15 0)
(3 -1.70302e-15 0)
(3 -2.78432e-15 0)
(3 -3.9882e-15 0)
(3 -3.62557e-15 0)
(3 -2.52678e-15 0)
(3 -1.59028e-15 0)
(3 -1.50348e-15 0)
(3 -2.74749e-15 0)
(3 -2.86238e-15 0)
(3 -2.19751e-15 0)
(3 -1.72489e-15 0)
(3 -8.08013e-16 0)
(3 4.53849e-16 0)
(3 1.61249e-15 0)
(3 1.90925e-15 0)
(3 2.06495e-15 0)
(3 2.74881e-15 0)
(3 3.66225e-15 0)
(3 3.48169e-15 0)
(3 4.15799e-15 0)
(3 4.60137e-15 0)
(3 3.53586e-15 0)
(3 2.76018e-15 0)
(3 1.40739e-15 0)
(3 1.28067e-15 0)
(3 9.14248e-16 0)
(3 7.80022e-16 0)
(3 2.93143e-16 0)
(3 -4.95104e-16 0)
(3 -7.8564e-16 0)
(3 1.20555e-16 0)
(3 1.56601e-15 0)
(3 1.47555e-15 0)
(3 1.39753e-15 0)
(3 2.01087e-15 0)
(3 7.60339e-16 0)
(3 -1.8818e-16 0)
(3 -1.66148e-15 0)
(3 -2.4056e-15 0)
(3 -1.92171e-15 0)
(3 -1.21987e-15 0)
(3 -1.27334e-15 0)
(3 -9.64676e-16 0)
(3 -1.46697e-15 0)
(3 -2.28145e-15 0)
(3 -1.51787e-15 0)
(3 -4.78869e-16 0)
(3 -5.35159e-16 0)
(3 -7.12345e-16 0)
(3 -1.36982e-16 0)
(3 8.80317e-16 0)
(3 2.641e-15 0)
(3 4.55284e-15 0)
(3 5.01181e-15 0)
(3 5.06798e-15 0)
(3 4.37617e-15 0)
(3 4.85134e-15 0)
(3 5.19459e-15 0)
(3 4.6608e-15 0)
(3 3.23083e-15 0)
(3 2.04994e-15 0)
(3 1.20592e-15 0)
(3 1.01027e-15 0)
(3 -2.47744e-16 0)
(3 3.49632e-17 0)
(3 2.30141e-17 0)
(3 -4.92719e-16 0)
(3 -5.05847e-16 0)
(3 -1.00434e-15 0)
(3.03712 -0.00892433 0)
(3.04238 -0.00373374 0)
(3.04383 -0.000917178 0)
(3.04345 -0.000185225 0)
(3.04281 0.000458644 0)
(3.04087 0.000759546 0)
(3.03609 -0.00064799 0)
(3.02618 -0.00474864 0)
(3.01566 -0.00841071 0)
(3.0122 -0.00881168 0)
(3.01194 -0.00854192 0)
(3.0118 -0.0079987 0)
(3.01161 -0.0071031 0)
(3.01161 -0.00615318 0)
(3.01218 -0.00497768 0)
(3.01455 -0.00296153 0)
(3.02159 0.00119531 0)
(3.03511 0.0082863 0)
(3.04544 0.0139967 0)
(3.04667 0.0154705 0)
(3.04632 0.0157546 0)
(3.04545 0.0162948 0)
(3.04274 0.0163434 0)
(3.0352 0.0140712 0)
(3.01914 0.00762768 0)
(3.00381 0.00141834 0)
(3.00012 3.99195e-05 0)
(3 7.58724e-09 0)
(3 -6.36199e-08 0)
(3 -6.23443e-08 0)
(3 -5.75381e-08 0)
(3 -4.48858e-08 0)
(3 -2.16458e-08 0)
(3 -3.44991e-09 0)
(3 -7.8257e-11 0)
(3 1.05441e-12 0)
(3 1.14017e-12 0)
(3 1.10138e-12 0)
(3 9.49909e-13 0)
(3 5.79557e-13 0)
(3 1.50519e-13 0)
(3 6.61538e-15 0)
(3 -1.16677e-15 0)
(3 -1.19974e-15 0)
(3 -8.89674e-16 0)
(3 1.26089e-16 0)
(3 1.28055e-15 0)
(3 3.54123e-15 0)
(3 3.41464e-15 0)
(3 3.18392e-16 0)
(3 -7.81354e-16 0)
(3 -1.24221e-15 0)
(3 -6.28093e-16 0)
(3 -2.98431e-16 0)
(3 -6.28216e-16 0)
(3 -8.53012e-16 0)
(3 -1.03655e-15 0)
(3 -8.04732e-16 0)
(3 -8.59565e-16 0)
(3 -7.80251e-16 0)
(3 -8.5949e-16 0)
(3 -1.55982e-15 0)
(3 -2.25707e-15 0)
(3 -2.31436e-15 0)
(3 -2.58752e-15 0)
(3 -2.36724e-15 0)
(3 -2.17846e-15 0)
(3 -3.04094e-15 0)
(3 -3.38112e-15 0)
(3 -2.95471e-15 0)
(3 -3.1506e-15 0)
(3 -2.6328e-15 0)
(3 -1.31064e-15 0)
(3 2.07051e-15 0)
(3 2.29135e-15 0)
(3 2.81623e-15 0)
(3 3.76496e-15 0)
(3 3.86079e-15 0)
(3 3.07005e-15 0)
(3 3.45136e-15 0)
(3 3.38011e-15 0)
(3 3.32693e-15 0)
(3 2.77183e-15 0)
(3 2.19073e-15 0)
(3 7.78852e-16 0)
(3 -5.40836e-16 0)
(3 -5.18354e-17 0)
(3 -9.6642e-17 0)
(3 -9.282e-16 0)
(3 -1.50494e-15 0)
(3 -1.23296e-15 0)
(3 8.22735e-16 0)
(3 2.03817e-15 0)
(3 1.94078e-15 0)
(3 1.12836e-15 0)
(3 1.32511e-15 0)
(3 1.56722e-15 0)
(3 1.37757e-15 0)
(3 3.01903e-16 0)
(3 8.13388e-16 0)
(3 1.2486e-15 0)
(3 -6.09725e-16 0)
(3 -2.31161e-15 0)
(3 -2.44116e-15 0)
(3 -1.95127e-15 0)
(3 -8.31666e-16 0)
(3 -1.17998e-16 0)
(3 -4.39917e-17 0)
(3 -3.58605e-16 0)
(3 3.53899e-16 0)
(3 1.31699e-15 0)
(3 1.93301e-15 0)
(3 2.87897e-15 0)
(3 3.09882e-15 0)
(3 3.65909e-15 0)
(3 3.47915e-15 0)
(3 3.77966e-15 0)
(3 4.07503e-15 0)
(3 3.34996e-15 0)
(3 2.44947e-15 0)
(3 2.17641e-15 0)
(3 1.79663e-15 0)
(3 1.33774e-15 0)
(3 1.14858e-15 0)
(3 9.96723e-16 0)
(3 1.40333e-15 0)
(3 7.90281e-16 0)
(3 1.84285e-16 0)
(3 5.77992e-16 0)
(3.04251 -0.00488972 0)
(3.04596 -0.00026011 0)
(3.04539 0.00078444 0)
(3.04485 0.00124925 0)
(3.0436 0.00199983 0)
(3.04029 0.00173437 0)
(3.03236 -0.00224223 0)
(3.02071 -0.0080717 0)
(3.01418 -0.00960492 0)
(3.01308 -0.00887298 0)
(3.01303 -0.00840683 0)
(3.01286 -0.0076138 0)
(3.01264 -0.00656565 0)
(3.01275 -0.00545186 0)
(3.01381 -0.00392243 0)
(3.01767 -0.00107152 0)
(3.02768 0.00472407 0)
(3.04191 0.0124724 0)
(3.04796 0.0163728 0)
(3.04786 0.0170465 0)
(3.04743 0.0174359 0)
(3.04586 0.0179047 0)
(3.04139 0.0171226 0)
(3.02972 0.0125683 0)
(3.01115 0.00455985 0)
(3.00107 0.000392111 0)
(3.00001 3.35633e-06 0)
(3 -6.44024e-08 0)
(3 -6.45893e-08 0)
(3 -6.16631e-08 0)
(3 -5.28385e-08 0)
(3 -3.31999e-08 0)
(3 -9.33967e-09 0)
(3 -5.45289e-10 0)
(3 -1.54856e-12 0)
(3 1.20748e-12 0)
(3 1.18427e-12 0)
(3 1.07638e-12 0)
(3 7.75044e-13 0)
(3 2.98692e-13 0)
(3 3.10115e-14 0)
(3 -5.86227e-16 0)
(3 5.08465e-17 0)
(3 7.50284e-16 0)
(3 4.48001e-16 0)
(3 1.29268e-15 0)
(3 1.67057e-15 0)
(3 1.71878e-15 0)
(3 3.13774e-16 0)
(3 8.04822e-17 0)
(3 -7.71589e-16 0)
(3 -9.97044e-16 0)
(3 -1.20874e-15 0)
(3 -1.60971e-15 0)
(3 -2.75541e-15 0)
(3 -2.21379e-15 0)
(3 -6.43979e-16 0)
(3 1.45093e-16 0)
(3 3.936e-16 0)
(3 3.33004e-16 0)
(3 -4.37158e-16 0)
(3 -1.31616e-15 0)
(3 -8.23262e-16 0)
(3 -4.73593e-16 0)
(3 -1.01638e-15 0)
(3 -1.18039e-15 0)
(3 -7.37971e-16 0)
(3 -3.76944e-16 0)
(3 -5.74209e-16 0)
(3 -2.96825e-16 0)
(3 1.16527e-16 0)
(3 -2.72202e-17 0)
(3 -8.69701e-16 0)
(3 -9.41574e-16 0)
(3 2.43567e-16 0)
(3 2.11447e-15 0)
(3 2.84453e-15 0)
(3 3.54007e-15 0)
(3 2.27401e-15 0)
(3 1.79899e-15 0)
(3 2.41994e-15 0)
(3 2.83596e-15 0)
(3 2.97463e-15 0)
(3 2.75981e-15 0)
(3 2.2649e-15 0)
(3 1.20172e-15 0)
(3 3.42391e-16 0)
(3 -6.12691e-16 0)
(3 -5.16248e-16 0)
(3 -3.9655e-18 0)
(3 1.05089e-15 0)
(3 7.35906e-16 0)
(3 6.21483e-16 0)
(3 6.94718e-16 0)
(3 8.28464e-16 0)
(3 6.91223e-16 0)
(3 1.35398e-15 0)
(3 2.56746e-15 0)
(3 3.14789e-15 0)
(3 3.76851e-16 0)
(3 3.37107e-16 0)
(3 5.71717e-16 0)
(3 -2.63657e-15 0)
(3 -3.30335e-15 0)
(3 -2.67654e-15 0)
(3 -8.23515e-16 0)
(3 -4.4893e-16 0)
(3 -6.03713e-17 0)
(3 -8.10713e-17 0)
(3 1.47688e-16 0)
(3 9.67091e-16 0)
(3 1.66612e-15 0)
(3 2.41459e-15 0)
(3 2.70263e-15 0)
(3 1.62408e-15 0)
(3 5.75522e-16 0)
(3 8.01238e-16 0)
(3 1.17921e-15 0)
(3 1.27761e-15 0)
(3 1.27679e-15 0)
(3 9.44612e-16 0)
(3 3.12416e-16 0)
(3 4.5359e-17 0)
(3 3.73819e-16 0)
(3 -1.4404e-15 0)
(3 -8.39917e-16 0)
(3 -7.60555e-16 0)
(3 -1.12875e-15 0)
(3 -2.32062e-16 0)
(3.0472 -0.000147118 0)
(3.04781 0.00193132 0)
(3.04702 0.00221449 0)
(3.04606 0.00259075 0)
(3.04334 0.00273165 0)
(3.03713 0.000359744 0)
(3.02615 -0.00607881 0)
(3.01733 -0.0103606 0)
(3.01483 -0.010159 0)
(3.01432 -0.009155 0)
(3.01424 -0.00828383 0)
(3.01406 -0.00719365 0)
(3.01387 -0.0059533 0)
(3.0142 -0.00458263 0)
(3.01608 -0.00248697 0)
(3.02216 0.00170502 0)
(3.03519 0.00922852 0)
(3.04733 0.0162816 0)
(3.04952 0.0184146 0)
(3.04912 0.0187591 0)
(3.0483 0.0192782 0)
(3.04563 0.0193412 0)
(3.03815 0.0168786 0)
(3.02156 0.00950351 0)
(3.00463 0.00189918 0)
(3.00017 5.94598e-05 0)
(3 5.5173e-08 0)
(3 -6.72704e-08 0)
(3 -6.55119e-08 0)
(3 -5.91727e-08 0)
(3 -4.37025e-08 0)
(3 -1.83983e-08 0)
(3 -2.24488e-09 0)
(3 -3.27768e-11 0)
(3 1.19043e-12 0)
(3 1.1945e-12 0)
(3 1.13762e-12 0)
(3 9.2794e-13 0)
(3 4.90881e-13 0)
(3 9.09779e-14 0)
(3 3.50223e-16 0)
(3 -1.92539e-15 0)
(3 -1.17645e-15 0)
(3 -7.2202e-16 0)
(3 -4.59045e-16 0)
(3 1.03631e-15 0)
(3 1.68323e-15 0)
(3 3.09767e-16 0)
(3 1.29965e-16 0)
(3 4.22492e-16 0)
(3 7.31046e-16 0)
(3 1.25199e-15 0)
(3 4.14452e-16 0)
(3 1.03384e-16 0)
(3 -3.15494e-16 0)
(3 -6.81557e-16 0)
(3 -6.27828e-16 0)
(3 -8.03696e-16 0)
(3 -2.52995e-16 0)
(3 1.57139e-16 0)
(3 3.72166e-16 0)
(3 -3.46943e-16 0)
(3 -3.68704e-16 0)
(3 4.00131e-16 0)
(3 3.9459e-16 0)
(3 2.5216e-16 0)
(3 -8.1447e-17 0)
(3 -3.84132e-16 0)
(3 -4.82512e-16 0)
(3 1.23847e-16 0)
(3 7.7825e-16 0)
(3 3.14883e-16 0)
(3 -1.23694e-15 0)
(3 -2.23487e-15 0)
(3 -1.37684e-15 0)
(3 1.82541e-16 0)
(3 2.59887e-16 0)
(3 1.54442e-15 0)
(3 1.52792e-15 0)
(3 1.84255e-15 0)
(3 2.21635e-15 0)
(3 2.5217e-15 0)
(3 2.70538e-15 0)
(3 2.71328e-15 0)
(3 2.11754e-15 0)
(3 6.98132e-16 0)
(3 -4.64912e-16 0)
(3 -9.79488e-16 0)
(3 -5.03842e-17 0)
(3 9.50923e-16 0)
(3 1.43909e-15 0)
(3 3.20558e-16 0)
(3 -4.3709e-16 0)
(3 -3.17413e-16 0)
(3 -1.18238e-16 0)
(3 -9.74185e-17 0)
(3 6.53862e-16 0)
(3 8.77673e-16 0)
(3 9.62001e-16 0)
(3 4.01465e-16 0)
(3 -3.096e-16 0)
(3 -2.61607e-16 0)
(3 -1.0531e-15 0)
(3 -2.39564e-15 0)
(3 -2.74222e-15 0)
(3 -1.84922e-15 0)
(3 -1.84901e-15 0)
(3 -5.35267e-16 0)
(3 1.06903e-15 0)
(3 1.33052e-15 0)
(3 1.5399e-15 0)
(3 1.9397e-15 0)
(3 1.88393e-15 0)
(3 6.00701e-16 0)
(3 -7.30479e-16 0)
(3 -8.96754e-16 0)
(3 -5.62988e-16 0)
(3 -5.96439e-16 0)
(3 5.09363e-16 0)
(3 -1.99051e-16 0)
(3 -5.04504e-16 0)
(3 -3.52089e-16 0)
(3 -4.9765e-18 0)
(3 -5.5242e-16 0)
(3 -4.73756e-16 0)
(3 4.24403e-16 0)
(3 6.11172e-16 0)
(3 7.36566e-16 0)
(3 3.46861e-16 0)
(3.04923 0.00300673 0)
(3.04887 0.00346988 0)
(3.048 0.00370083 0)
(3.04581 0.00319634 0)
(3.04071 0.00114418 0)
(3.03101 -0.00401229 0)
(3.02075 -0.00923454 0)
(3.01728 -0.0103472 0)
(3.01654 -0.00976572 0)
(3.01577 -0.00873266 0)
(3.01553 -0.00750199 0)
(3.01528 -0.00629243 0)
(3.01522 -0.00499096 0)
(3.01601 -0.00332289 0)
(3.01929 -0.000329946 0)
(3.02846 0.00565088 0)
(3.04313 0.0143408 0)
(3.05072 0.0194183 0)
(3.05081 0.0203288 0)
(3.05034 0.0206971 0)
(3.04876 0.0211529 0)
(3.04415 0.020227 0)
(3.03191 0.0149179 0)
(3.01212 0.00545172 0)
(3.00118 0.000471016 0)
(3.00001 4.03742e-06 0)
(3 -6.60717e-08 0)
(3 -6.62814e-08 0)
(3 -6.24406e-08 0)
(3 -5.12349e-08 0)
(3 -2.85561e-08 0)
(3 -6.15065e-09 0)
(3 -2.27505e-10 0)
(3 6.86246e-13 0)
(3 1.26759e-12 0)
(3 1.22522e-12 0)
(3 1.06301e-12 0)
(3 6.721e-13 0)
(3 1.93762e-13 0)
(3 1.01961e-14 0)
(3 -3.94447e-16 0)
(3 -7.26928e-16 0)
(3 -9.55329e-16 0)
(3 -1.01301e-15 0)
(3 -3.24617e-16 0)
(3 -2.5814e-16 0)
(3 1.14727e-15 0)
(3 -8.75808e-17 0)
(3 2.7546e-16 0)
(3 4.17843e-16 0)
(3 4.58186e-16 0)
(3 7.10649e-16 0)
(3 -1.72323e-16 0)
(3 -4.75513e-16 0)
(3 -3.65818e-16 0)
(3 -1.16218e-15 0)
(3 -1.25528e-15 0)
(3 -1.01134e-15 0)
(3 -6.70702e-16 0)
(3 -3.43233e-16 0)
(3 7.34492e-16 0)
(3 1.40314e-15 0)
(3 1.48832e-15 0)
(3 8.15099e-16 0)
(3 9.47941e-16 0)
(3 4.29931e-16 0)
(3 4.34321e-16 0)
(3 1.1746e-15 0)
(3 1.28206e-15 0)
(3 4.94895e-16 0)
(3 9.34559e-17 0)
(3 -1.05924e-15 0)
(3 -1.98922e-15 0)
(3 -1.9812e-15 0)
(3 -1.08206e-15 0)
(3 -1.17831e-15 0)
(3 -3.52667e-16 0)
(3 -4.30008e-16 0)
(3 6.58053e-16 0)
(3 1.8788e-15 0)
(3 1.69169e-15 0)
(3 1.74342e-15 0)
(3 1.0227e-15 0)
(3 8.09871e-16 0)
(3 1.69235e-16 0)
(3 -6.37973e-16 0)
(3 -6.11294e-16 0)
(3 -5.66937e-16 0)
(3 -6.29979e-16 0)
(3 -2.1169e-16 0)
(3 -5.64627e-17 0)
(3 2.78442e-17 0)
(3 -6.97234e-16 0)
(3 -1.13775e-15 0)
(3 -7.07525e-16 0)
(3 -1.76047e-16 0)
(3 2.21529e-16 0)
(3 1.30703e-16 0)
(3 -2.56024e-16 0)
(3 1.28859e-15 0)
(3 1.28656e-15 0)
(3 9.40868e-16 0)
(3 -5.73987e-17 0)
(3 -1.62832e-15 0)
(3 -2.49718e-15 0)
(3 -1.35143e-15 0)
(3 4.94382e-16 0)
(3 1.56814e-15 0)
(3 2.65263e-15 0)
(3 2.92345e-15 0)
(3 3.32662e-15 0)
(3 2.97788e-15 0)
(3 -8.46502e-17 0)
(3 -1.87156e-15 0)
(3 -1.7777e-15 0)
(3 -4.67159e-16 0)
(3 -2.24015e-16 0)
(3 -6.61826e-16 0)
(3 -2.04127e-15 0)
(3 -1.9904e-15 0)
(3 -2.16659e-16 0)
(3 9.21907e-16 0)
(3 6.40673e-16 0)
(3 1.27963e-15 0)
(3 2.2119e-15 0)
(3 1.67389e-15 0)
(3 1.2837e-15 0)
(3 1.82074e-15 0)
(3 2.0323e-15 0)
(3.05079 0.00477389 0)
(3.04978 0.00577849 0)
(3.04751 0.00618148 0)
(3.0429 0.00283146 0)
(3.0343 -0.00395951 0)
(3.02433 -0.00930553 0)
(3.01951 -0.0104692 0)
(3.01894 -0.0103769 0)
(3.01837 -0.00967056 0)
(3.01734 -0.00807951 0)
(3.01692 -0.0065973 0)
(3.01668 -0.00526397 0)
(3.01686 -0.00376076 0)
(3.01841 -0.00152019 0)
(3.02392 0.00286619 0)
(3.03661 0.0109735 0)
(3.04976 0.0192349 0)
(3.05262 0.0219459 0)
(3.05216 0.0223243 0)
(3.05131 0.0228396 0)
(3.04843 0.0227898 0)
(3.04025 0.0197063 0)
(3.02228 0.01081 0)
(3.00455 0.00203185 0)
(3.00015 5.72008e-05 0)
(3 3.18677e-08 0)
(3 -6.84112e-08 0)
(3 -6.59707e-08 0)
(3 -5.74422e-08 0)
(3 -3.83147e-08 0)
(3 -1.25919e-08 0)
(3 -9.70215e-10 0)
(3 -6.08685e-12 0)
(3 1.22147e-12 0)
(3 1.19762e-12 0)
(3 1.10113e-12 0)
(3 8.07034e-13 0)
(3 3.1305e-13 0)
(3 3.01352e-14 0)
(3 -1.25739e-15 0)
(3 -1.05007e-15 0)
(3 -2.11781e-16 0)
(3 -2.6447e-16 0)
(3 -4.04776e-16 0)
(3 -5.63318e-16 0)
(3 -5.40204e-16 0)
(3 -2.20477e-16 0)
(3 -4.61125e-16 0)
(3 -1.18515e-15 0)
(3 -1.04178e-15 0)
(3 -2.83244e-17 0)
(3 6.56294e-16 0)
(3 1.10666e-15 0)
(3 1.25895e-15 0)
(3 2.17298e-16 0)
(3 -9.82295e-17 0)
(3 -8.91738e-17 0)
(3 4.72902e-16 0)
(3 7.18515e-16 0)
(3 1.3116e-15 0)
(3 2.4966e-15 0)
(3 3.87746e-15 0)
(3 3.16254e-15 0)
(3 2.1922e-15 0)
(3 1.92205e-15 0)
(3 1.9268e-15 0)
(3 2.66366e-15 0)
(3 2.92687e-15 0)
(3 2.2146e-15 0)
(3 1.29726e-15 0)
(3 7.08233e-17 0)
(3 -1.41964e-15 0)
(3 -1.8455e-15 0)
(3 -1.6362e-15 0)
(3 -7.15958e-16 0)
(3 -1.53865e-15 0)
(3 -1.10226e-15 0)
(3 -2.44574e-16 0)
(3 1.52853e-15 0)
(3 1.73225e-15 0)
(3 1.95172e-15 0)
(3 7.11707e-16 0)
(3 -2.21358e-16 0)
(3 -3.7238e-16 0)
(3 3.56451e-16 0)
(3 3.65361e-16 0)
(3 4.89015e-16 0)
(3 5.59546e-16 0)
(3 4.54225e-16 0)
(3 5.35512e-16 0)
(3 -5.80121e-16 0)
(3 -2.04032e-15 0)
(3 -2.49152e-15 0)
(3 -2.47648e-15 0)
(3 -1.82628e-15 0)
(3 -1.3781e-15 0)
(3 -1.13769e-15 0)
(3 -4.54288e-17 0)
(3 6.57529e-16 0)
(3 2.81856e-15 0)
(3 2.519e-15 0)
(3 5.18876e-16 0)
(3 -2.11802e-16 0)
(3 -1.59248e-15 0)
(3 -1.98349e-15 0)
(3 -7.75512e-16 0)
(3 3.89665e-16 0)
(3 1.76659e-15 0)
(3 2.21903e-15 0)
(3 1.68087e-15 0)
(3 1.0579e-15 0)
(3 2.11348e-16 0)
(3 -5.38371e-16 0)
(3 -1.03753e-15 0)
(3 -1.14443e-15 0)
(3 -1.90443e-15 0)
(3 -1.76591e-15 0)
(3 -1.91721e-15 0)
(3 -2.29674e-15 0)
(3 -1.44061e-15 0)
(3 -6.74802e-16 0)
(3 1.7896e-16 0)
(3 1.47728e-15 0)
(3 2.56977e-15 0)
(3 1.92386e-15 0)
(3 9.13233e-16 0)
(3 2.31132e-15 0)
(3 2.92883e-15 0)
(3 3.73199e-15 0)
(3.0523 0.00607045 0)
(3.04948 0.00593342 0)
(3.04458 0.00379656 0)
(3.03638 -0.00286678 0)
(3.0271 -0.0101235 0)
(3.02199 -0.0111912 0)
(3.0207 -0.00982929 0)
(3.0206 -0.00940327 0)
(3.0199 -0.00811028 0)
(3.01892 -0.00640517 0)
(3.01848 -0.00509234 0)
(3.01834 -0.00383097 0)
(3.01892 -0.0021038 0)
(3.02186 0.00103727 0)
(3.03067 0.00752238 0)
(3.04561 0.0172479 0)
(3.05388 0.0231707 0)
(3.05401 0.0242148 0)
(3.05349 0.0245856 0)
(3.05171 0.0249718 0)
(3.04641 0.0235671 0)
(3.03251 0.0167458 0)
(3.01136 0.0055658 0)
(3.00094 0.000402597 0)
(3.00001 2.621e-06 0)
(3 -6.63228e-08 0)
(3 -6.57088e-08 0)
(3 -6.00486e-08 0)
(3 -4.53906e-08 0)
(3 -2.03797e-08 0)
(3 -2.81755e-09 0)
(3 -5.01678e-11 0)
(3 1.27594e-12 0)
(3 1.31154e-12 0)
(3 1.22506e-12 0)
(3 9.63704e-13 0)
(3 4.74771e-13 0)
(3 7.8045e-14 0)
(3 2.18015e-15 0)
(3 -1.04651e-15 0)
(3 -1.47088e-15 0)
(3 -1.52623e-15 0)
(3 -1.66933e-15 0)
(3 -1.16986e-15 0)
(3 -1.52112e-15 0)
(3 -2.66909e-15 0)
(3 -2.44553e-15 0)
(3 -3.44977e-16 0)
(3 -5.80594e-16 0)
(3 -9.56276e-16 0)
(3 -7.40115e-16 0)
(3 -1.62533e-15 0)
(3 -2.20109e-15 0)
(3 -1.84111e-15 0)
(3 -8.58095e-16 0)
(3 2.47776e-16 0)
(3 6.3918e-16 0)
(3 9.60664e-16 0)
(3 2.2818e-15 0)
(3 3.70282e-15 0)
(3 3.43548e-15 0)
(3 3.81513e-15 0)
(3 2.63872e-15 0)
(3 2.29071e-15 0)
(3 2.03987e-15 0)
(3 2.17538e-15 0)
(3 1.89303e-15 0)
(3 5.68723e-16 0)
(3 -6.39199e-16 0)
(3 -3.5124e-16 0)
(3 -1.08313e-15 0)
(3 -1.40036e-15 0)
(3 -1.90702e-15 0)
(3 -2.42225e-15 0)
(3 -2.61819e-15 0)
(3 -3.02096e-15 0)
(3 -2.64063e-15 0)
(3 -3.71879e-16 0)
(3 1.08535e-15 0)
(3 1.73761e-15 0)
(3 1.93038e-15 0)
(3 8.85023e-16 0)
(3 2.46485e-16 0)
(3 -1.57563e-16 0)
(3 2.50115e-17 0)
(3 2.52614e-16 0)
(3 2.26082e-16 0)
(3 2.71899e-16 0)
(3 4.28614e-16 0)
(3 9.09173e-16 0)
(3 4.12887e-16 0)
(3 -1.13186e-15 0)
(3 -3.00179e-15 0)
(3 -3.26209e-15 0)
(3 -3.67424e-15 0)
(3 -2.38357e-15 0)
(3 -1.00072e-15 0)
(3 -7.80044e-16 0)
(3 3.3459e-16 0)
(3 8.15079e-16 0)
(3 2.9135e-16 0)
(3 -3.22112e-16 0)
(3 -7.84671e-17 0)
(3 4.93484e-16 0)
(3 1.02112e-15 0)
(3 1.33359e-15 0)
(3 1.63547e-15 0)
(3 1.38757e-15 0)
(3 1.10073e-15 0)
(3 7.54872e-16 0)
(3 -8.46903e-16 0)
(3 -1.51749e-15 0)
(3 -6.17972e-16 0)
(3 -1.80275e-16 0)
(3 -1.72052e-16 0)
(3 -1.07567e-15 0)
(3 -1.01388e-15 0)
(3 -1.19959e-15 0)
(3 -8.78541e-16 0)
(3 2.18734e-16 0)
(3 4.73942e-16 0)
(3 9.00112e-16 0)
(3 1.088e-15 0)
(3 1.31479e-15 0)
(3 1.63244e-15 0)
(3 2.21636e-15 0)
(3 2.41036e-15 0)
(3 2.95882e-15 0)
(3 3.10699e-15 0)
(3.05152 0.00713189 0)
(3.04624 0.00421366 0)
(3.03771 -0.00260393 0)
(3.029 -0.00985074 0)
(3.02486 -0.0117595 0)
(3.02327 -0.0113754 0)
(3.02241 -0.0100108 0)
(3.02222 -0.008771 0)
(3.02169 -0.00731254 0)
(3.0207 -0.00565304 0)
(3.02019 -0.00425534 0)
(3.0202 -0.00270436 0)
(3.02162 -0.000225399 0)
(3.0271 0.00469039 0)
(3.03991 0.0139614 0)
(3.05322 0.0233012 0)
(3.056 0.026198 0)
(3.05548 0.026583 0)
(3.05444 0.0270816 0)
(3.05098 0.0266855 0)
(3.04109 0.0222316 0)
(3.02078 0.0109983 0)
(3.00348 0.00166458 0)
(3.00008 3.31132e-05 0)
(3 -3.11938e-08 0)
(3 -6.59861e-08 0)
(3 -6.23469e-08 0)
(3 -5.08524e-08 0)
(3 -2.82982e-08 0)
(3 -6.16244e-09 0)
(3 -2.32716e-10 0)
(3 6.0915e-13 0)
(3 1.19881e-12 0)
(3 1.15122e-12 0)
(3 9.865e-13 0)
(3 5.8356e-13 0)
(3 1.3827e-13 0)
(3 8.87189e-15 0)
(3 1.34521e-15 0)
(3 -2.23977e-16 0)
(3 -6.49893e-16 0)
(3 -1.12853e-15 0)
(3 -7.85953e-16 0)
(3 -8.86577e-16 0)
(3 -9.82811e-16 0)
(3 -1.94421e-15 0)
(3 -2.1623e-15 0)
(3 -1.85848e-15 0)
(3 -1.26031e-15 0)
(3 5.98323e-17 0)
(3 5.6781e-16 0)
(3 1.91847e-16 0)
(3 -8.91326e-16 0)
(3 -2.1483e-15 0)
(3 -2.55976e-15 0)
(3 -1.97251e-16 0)
(3 1.69626e-15 0)
(3 2.33824e-15 0)
(3 2.85393e-15 0)
(3 3.12202e-15 0)
(3 3.10209e-15 0)
(3 2.74915e-15 0)
(3 2.42937e-15 0)
(3 2.91418e-15 0)
(3 1.49923e-15 0)
(3 6.78191e-16 0)
(3 4.50011e-17 0)
(3 3.74864e-17 0)
(3 -3.14088e-18 0)
(3 -1.0833e-16 0)
(3 -9.3706e-18 0)
(3 1.57454e-16 0)
(3 5.79568e-16 0)
(3 1.22282e-18 0)
(3 -8.13836e-16 0)
(3 -1.61158e-15 0)
(3 -2.46428e-15 0)
(3 -1.53938e-15 0)
(3 -8.38997e-16 0)
(3 -1.75987e-16 0)
(3 1.88656e-16 0)
(3 1.82831e-16 0)
(3 1.66361e-16 0)
(3 -1.41746e-15 0)
(3 -1.96648e-15 0)
(3 -2.2862e-15 0)
(3 -2.82761e-15 0)
(3 -1.58803e-15 0)
(3 -1.01204e-15 0)
(3 -1.12562e-15 0)
(3 -1.69727e-15 0)
(3 -1.49741e-15 0)
(3 -1.56374e-15 0)
(3 -2.12733e-15 0)
(3 -2.62009e-15 0)
(3 -1.96327e-15 0)
(3 -2.09646e-16 0)
(3 5.02782e-16 0)
(3 3.72422e-16 0)
(3 -6.91518e-16 0)
(3 -6.73832e-16 0)
(3 7.93633e-17 0)
(3 1.22416e-15 0)
(3 3.60941e-15 0)
(3 4.05411e-15 0)
(3 4.29668e-15 0)
(3 3.60886e-15 0)
(3 1.2452e-15 0)
(3 5.24163e-16 0)
(3 2.43672e-16 0)
(3 2.28904e-16 0)
(3 1.10217e-16 0)
(3 1.63459e-16 0)
(3 -3.59117e-16 0)
(3 -7.7406e-16 0)
(3 -6.58788e-16 0)
(3 -4.55722e-16 0)
(3 -1.68145e-16 0)
(3 -7.93979e-16 0)
(3 -8.36893e-16 0)
(3 -8.37753e-16 0)
(3 4.29393e-16 0)
(3 3.24163e-16 0)
(3 -2.51231e-16 0)
(3 8.29284e-16 0)
(3 1.90316e-15 0)
(3 1.86157e-15 0)
(3 2.38467e-15 0)
(3 1.96145e-15 0)
(3.04768 0.00429994 0)
(3.03878 -0.00345762 0)
(3.02993 -0.00981648 0)
(3.02651 -0.0113838 0)
(3.02609 -0.0112816 0)
(3.02493 -0.0100733 0)
(3.02366 -0.00814814 0)
(3.02323 -0.00620827 0)
(3.02277 -0.00453606 0)
(3.02213 -0.0030139 0)
(3.0218 -0.0016497 0)
(3.02227 0.000122336 0)
(3.02537 0.00356657 0)
(3.03482 0.0109563 0)
(3.05005 0.0218669 0)
(3.05761 0.0279657 0)
(3.05749 0.0288745 0)
(3.05685 0.0292684 0)
(3.05457 0.0294189 0)
(3.04774 0.0268976 0)
(3.03077 0.0173579 0)
(3.00875 0.00459633 0)
(3.0005 0.000223519 0)
(3 7.76017e-07 0)
(3 -6.33605e-08 0)
(3 -6.15617e-08 0)
(3 -5.3258e-08 0)
(3 -3.461e-08 0)
(3 -1.07137e-08 0)
(3 -7.42094e-10 0)
(3 -3.43863e-12 0)
(3 1.31341e-12 0)
(3 1.28708e-12 0)
(3 1.12111e-12 0)
(3 7.23579e-13 0)
(3 2.21877e-13 0)
(3 1.31991e-14 0)
(3 -9.13298e-16 0)
(3 -1.00726e-15 0)
(3 -6.17904e-16 0)
(3 -3.42823e-16 0)
(3 -2.59825e-17 0)
(3 3.74583e-16 0)
(3 7.96044e-16 0)
(3 4.46139e-16 0)
(3 1.07482e-16 0)
(3 -1.52527e-15 0)
(3 -2.16478e-15 0)
(3 -8.95277e-16 0)
(3 6.82406e-16 0)
(3 7.26152e-16 0)
(3 4.2662e-16 0)
(3 -3.24077e-16 0)
(3 -6.18946e-16 0)
(3 1.524e-16 0)
(3 1.16614e-15 0)
(3 1.86307e-15 0)
(3 2.27227e-15 0)
(3 2.48796e-15 0)
(3 2.45195e-15 0)
(3 2.73762e-15 0)
(3 2.16828e-15 0)
(3 2.1637e-15 0)
(3 2.45616e-15 0)
(3 2.75585e-15 0)
(3 2.74775e-15 0)
(3 2.55144e-15 0)
(3 2.98076e-15 0)
(3 3.09944e-15 0)
(3 1.58978e-15 0)
(3 2.04961e-15 0)
(3 2.13503e-15 0)
(3 2.35768e-15 0)
(3 2.53275e-15 0)
(3 1.10196e-15 0)
(3 -7.06665e-16 0)
(3 -2.16625e-15 0)
(3 -2.41962e-15 0)
(3 -1.36328e-15 0)
(3 -1.333e-15 0)
(3 -8.82241e-16 0)
(3 -3.67591e-16 0)
(3 -7.04943e-16 0)
(3 -1.12142e-15 0)
(3 -1.2291e-15 0)
(3 -1.70501e-15 0)
(3 -1.20999e-15 0)
(3 -1.18466e-15 0)
(3 -1.66835e-15 0)
(3 -2.19806e-15 0)
(3 -1.58598e-15 0)
(3 -1.22742e-15 0)
(3 1.27478e-15 0)
(3 1.34355e-15 0)
(3 6.84474e-16 0)
(3 3.43551e-16 0)
(3 4.07195e-16 0)
(3 1.21227e-15 0)
(3 1.28482e-15 0)
(3 8.38747e-16 0)
(3 3.91004e-16 0)
(3 9.40153e-16 0)
(3 2.21391e-15 0)
(3 3.38633e-15 0)
(3 3.54463e-15 0)
(3 2.28701e-15 0)
(3 1.54907e-15 0)
(3 1.25715e-15 0)
(3 -3.66032e-17 0)
(3 -1.30044e-16 0)
(3 -6.65187e-17 0)
(3 6.52116e-16 0)
(3 7.51224e-16 0)
(3 4.40735e-16 0)
(3 3.8261e-19 0)
(3 3.4585e-16 0)
(3 -1.27841e-17 0)
(3 7.09218e-17 0)
(3 -1.39532e-16 0)
(3 -7.26645e-16 0)
(3 -7.1394e-16 0)
(3 -3.58449e-16 0)
(3 2.01144e-16 0)
(3 1.77589e-16 0)
(3 1.5253e-15 0)
(3 2.13629e-15 0)
(3 2.23563e-15 0)
(3 2.70336e-15 0)
(3 2.68242e-15 0)
(3.04016 -0.0044956 0)
(3.03167 -0.0106603 0)
(3.02829 -0.0113397 0)
(3.02743 -0.0107754 0)
(3.02722 -0.0102553 0)
(3.02648 -0.00890521 0)
(3.02553 -0.0074812 0)
(3.02487 -0.00629627 0)
(3.0243 -0.00504991 0)
(3.02392 -0.00350629 0)
(3.0241 -0.00147117 0)
(3.02585 0.00181711 0)
(3.03205 0.00816573 0)
(3.04561 0.0192268 0)
(3.05789 0.0289398 0)
(3.05964 0.0313644 0)
(3.05906 0.031681 0)
(3.05759 0.0320853 0)
(3.05287 0.0308503 0)
(3.03973 0.0236479 0)
(3.01655 0.00942694 0)
(3.00188 0.000937487 0)
(3.00002 9.7929e-06 0)
(3 -5.67785e-08 0)
(3 -6.02446e-08 0)
(3 -5.44878e-08 0)
(3 -3.92285e-08 0)
(3 -1.57824e-08 0)
(3 -1.78424e-09 0)
(3 -2.27092e-11 0)
(3 1.14616e-12 0)
(3 1.13154e-12 0)
(3 1.0368e-12 0)
(3 7.57111e-13 0)
(3 2.97007e-13 0)
(3 3.02045e-14 0)
(3 -1.0438e-15 0)
(3 -2.96866e-15 0)
(3 -3.02274e-15 0)
(3 -1.85381e-15 0)
(3 -1.0745e-15 0)
(3 2.76462e-16 0)
(3 5.36259e-16 0)
(3 6.72036e-16 0)
(3 4.87501e-16 0)
(3 6.64058e-16 0)
(3 5.2449e-16 0)
(3 1.30276e-15 0)
(3 1.9553e-15 0)
(3 1.16233e-15 0)
(3 5.39559e-16 0)
(3 6.85362e-16 0)
(3 7.36496e-17 0)
(3 2.29575e-16 0)
(3 2.11483e-15 0)
(3 2.89274e-15 0)
(3 2.13383e-15 0)
(3 1.12622e-15 0)
(3 1.50835e-15 0)
(3 1.85071e-15 0)
(3 1.34845e-15 0)
(3 6.45794e-16 0)
(3 7.38421e-16 0)
(3 1.37594e-15 0)
(3 2.27375e-15 0)
(3 2.82424e-15 0)
(3 2.69242e-15 0)
(3 2.39609e-15 0)
(3 2.16561e-15 0)
(3 1.61487e-15 0)
(3 1.22199e-15 0)
(3 1.35464e-15 0)
(3 1.78021e-15 0)
(3 1.23682e-15 0)
(3 -8.87787e-16 0)
(3 -1.07131e-15 0)
(3 -1.47643e-15 0)
(3 -2.20871e-15 0)
(3 -2.11362e-15 0)
(3 -1.77405e-15 0)
(3 -1.5338e-15 0)
(3 -1.0607e-15 0)
(3 -1.33379e-15 0)
(3 -3.60569e-16 0)
(3 5.74211e-16 0)
(3 2.16131e-15 0)
(3 2.09801e-15 0)
(3 5.29557e-16 0)
(3 -9.75235e-16 0)
(3 -2.66071e-15 0)
(3 -2.86585e-15 0)
(3 -2.26004e-15 0)
(3 -1.39246e-15 0)
(3 -7.44422e-16 0)
(3 1.15418e-15 0)
(3 1.67369e-15 0)
(3 1.18201e-15 0)
(3 6.00241e-16 0)
(3 9.2698e-16 0)
(3 1.61883e-15 0)
(3 1.5793e-15 0)
(3 1.58553e-15 0)
(3 2.34698e-15 0)
(3 2.21554e-15 0)
(3 3.70083e-15 0)
(3 3.13714e-15 0)
(3 2.48058e-15 0)
(3 3.65179e-16 0)
(3 -4.80823e-16 0)
(3 -6.0987e-16 0)
(3 -1.52838e-16 0)
(3 5.38608e-16 0)
(3 7.78537e-16 0)
(3 1.33788e-15 0)
(3 1.01517e-15 0)
(3 1.25552e-15 0)
(3 1.35509e-15 0)
(3 7.58546e-16 0)
(3 2.07621e-16 0)
(3 1.71895e-16 0)
(3 -1.26756e-16 0)
(3 -1.64062e-15 0)
(3 -8.45876e-16 0)
(3 3.58976e-16 0)
(3 1.37335e-15 0)
(3 2.45173e-15 0)
(3 2.3746e-15 0)
(3 2.0194e-15 0)
(3 2.23559e-15 0)
)
;

boundaryField
{
    inlet
    {
        type            fixedValue;
        value           nonuniform 0();
    }
    outlet
    {
        type            inletOutlet;
        inletValue      uniform (3 0 0);
        value           nonuniform List<vector> 
32
(
(3 1.69682e-15 0)
(3 2.31438e-15 0)
(3 9.25059e-16 0)
(3 1.84623e-15 0)
(3 1.74824e-15 0)
(3 1.96705e-15 0)
(3 1.97832e-15 0)
(3 2.23328e-15 0)
(3 1.89454e-15 0)
(3 2.39042e-15 0)
(3 1.78954e-15 0)
(3 1.77395e-15 0)
(3 2.9005e-15 0)
(3 1.94654e-15 0)
(3 1.70114e-15 0)
(3 -2.47703e-16 0)
(3 -5.20472e-16 0)
(3 -5.35335e-16 0)
(3 -1.35365e-15 0)
(3 -1.38871e-15 0)
(3 -1.01429e-15 0)
(3 -1.52848e-15 0)
(3 -1.00434e-15 0)
(3 5.77992e-16 0)
(3 -2.32062e-16 0)
(3 3.46861e-16 0)
(3 2.0323e-15 0)
(3 3.73199e-15 0)
(3 3.10699e-15 0)
(3 1.96145e-15 0)
(3 2.68242e-15 0)
(3 2.23559e-15 0)
)
;
    }
    bottom
    {
        type            slip;
    }
    top
    {
        type            slip;
    }
    obstacle
    {
        type            slip;
    }
    defaultFaces
    {
        type            empty;
    }
    procBoundary3to2
    {
        type            processor;
        value           nonuniform List<vector> 
32
(
(3.00867 -0.000999794 0)
(3.00795 -0.00198791 0)
(3.00852 -0.00328614 0)
(3.00947 -0.00447697 0)
(3.00944 -0.00631139 0)
(3.01047 -0.00772495 0)
(3.01164 -0.00879718 0)
(3.0122 -0.0104168 0)
(3.01342 -0.0113661 0)
(3.01496 -0.0117327 0)
(3.01664 -0.0113566 0)
(3.01787 -0.0117646 0)
(3.01864 -0.0126237 0)
(3.01954 -0.013398 0)
(3.02052 -0.0142126 0)
(3.02137 -0.0148504 0)
(3.02255 -0.0156281 0)
(3.02333 -0.0160318 0)
(3.02446 -0.0163154 0)
(3.02586 -0.0164688 0)
(3.02733 -0.0157549 0)
(3.02907 -0.0153276 0)
(3.03088 -0.0148127 0)
(3.03301 -0.0129145 0)
(3.03675 -0.0114335 0)
(3.04226 -0.00657957 0)
(3.04814 0.000220538 0)
(3.05128 0.00420136 0)
(3.05345 0.0059682 0)
(3.05436 0.00787943 0)
(3.05332 0.00893824 0)
(3.05016 0.0032812 0)
)
;
    }
    procBoundary3to7
    {
        type            processor;
        value           nonuniform List<vector> 
129
(
(3.03279 -0.0104673 0)
(3.03034 -0.0113665 0)
(3.02982 -0.0111941 0)
(3.02868 -0.0101996 0)
(3.02787 -0.00847146 0)
(3.02731 -0.00645691 0)
(3.02649 -0.00423887 0)
(3.02592 -0.00231631 0)
(3.02551 -0.000847041 0)
(3.02543 0.000663367 0)
(3.02654 0.00299845 0)
(3.03085 0.00764751 0)
(3.04177 0.0170312 0)
(3.05642 0.0288027 0)
(3.06171 0.0338148 0)
(3.06121 0.0344164 0)
(3.06029 0.0348136 0)
(3.05694 0.0343391 0)
(3.04711 0.0293566 0)
(3.02559 0.0156262 0)
(3.00495 0.00272319 0)
(3.00015 6.68955e-05 0)
(3 3.88682e-08 0)
(3 -5.68213e-08 0)
(3 -5.31698e-08 0)
(3 -4.14313e-08 0)
(3 -2.03143e-08 0)
(3 -3.40396e-09 0)
(3 -8.32862e-11 0)
(3 1.13675e-12 0)
(3 1.24713e-12 0)
(3 1.1523e-12 0)
(3 8.62821e-13 0)
(3 3.80045e-13 0)
(3 4.82105e-14 0)
(3 5.96845e-16 0)
(3 -2.17349e-15 0)
(3 -4.06706e-15 0)
(3 -3.53574e-15 0)
(3 -2.17946e-15 0)
(3 -2.52006e-16 0)
(3 4.7841e-16 0)
(3 5.26796e-16 0)
(3 5.9515e-16 0)
(3 8.35064e-16 0)
(3 1.06586e-15 0)
(3 2.23104e-15 0)
(3 2.79248e-15 0)
(3 3.53265e-15 0)
(3 2.69699e-15 0)
(3 2.08651e-15 0)
(3 1.99518e-15 0)
(3 2.28137e-15 0)
(3 1.91026e-15 0)
(3 1.01754e-15 0)
(3 1.44466e-15 0)
(3 1.13121e-15 0)
(3 3.34667e-16 0)
(3 -2.66275e-16 0)
(3 2.14895e-16 0)
(3 3.32144e-16 0)
(3 -2.24032e-18 0)
(3 -2.9497e-16 0)
(3 -6.39948e-16 0)
(3 -1.92291e-16 0)
(3 2.05422e-16 0)
(3 1.80183e-16 0)
(3 -1.45506e-16 0)
(3 -3.28681e-16 0)
(3 -3.41977e-16 0)
(3 -5.87161e-16 0)
(3 -5.07574e-16 0)
(3 3.22429e-16 0)
(3 -1.24557e-16 0)
(3 -1.41667e-16 0)
(3 -1.06956e-15 0)
(3 -1.33472e-15 0)
(3 -1.36402e-15 0)
(3 -1.74844e-15 0)
(3 -1.64073e-15 0)
(3 -2.01267e-15 0)
(3 -1.7912e-15 0)
(3 -1.13898e-15 0)
(3 -2.07397e-15 0)
(3 -1.63537e-15 0)
(3 -7.33187e-16 0)
(3 1.40457e-17 0)
(3 -3.9791e-16 0)
(3 -8.51004e-16 0)
(3 -1.62551e-15 0)
(3 -1.85726e-15 0)
(3 -1.3257e-15 0)
(3 -1.40707e-15 0)
(3 -1.30672e-16 0)
(3 1.1191e-15 0)
(3 3.87373e-16 0)
(3 4.75158e-16 0)
(3 1.06105e-15 0)
(3 1.28644e-15 0)
(3 1.28633e-15 0)
(3 1.68205e-15 0)
(3 1.84331e-15 0)
(3 1.39962e-15 0)
(3 1.36225e-15 0)
(3 2.24991e-15 0)
(3 2.8252e-15 0)
(3 2.25493e-15 0)
(3 1.72158e-15 0)
(3 -5.54844e-16 0)
(3 -5.37201e-16 0)
(3 1.50845e-16 0)
(3 2.37433e-16 0)
(3 1.85004e-16 0)
(3 1.09216e-15 0)
(3 1.30978e-15 0)
(3 1.05139e-15 0)
(3 1.45012e-15 0)
(3 1.22585e-15 0)
(3 1.20172e-15 0)
(3 9.41347e-16 0)
(3 4.48508e-16 0)
(3 -4.01678e-16 0)
(3 -1.15694e-15 0)
(3 -1.17412e-15 0)
(3 -1.24863e-15 0)
(3 -7.56157e-17 0)
(3 1.41581e-15 0)
(3 1.34459e-15 0)
(3 1.10505e-15 0)
)
;
    }
}


// ************************************************************************* //
