/*--------------------------------*- C++ -*----------------------------------*\
  =========                 |
  \\      /  F ield         | OpenFOAM: The Open Source CFD Toolbox
   \\    /   O peration     | Website:  https://openfoam.org
    \\  /    A nd           | Version:  7
     \\/     M anipulation  |
\*---------------------------------------------------------------------------*/
FoamFile
{
    version     2.0;
    format      ascii;
    class       volScalarField;
    location    "1.6";
    object      rho;
}
// * * * * * * * * * * * * * * * * * * * * * * * * * * * * * * * * * * * * * //

dimensions      [1 -3 0 0 0 0 0];

internalField   nonuniform List<scalar> 
4128
(
1.40001
1.40001
1.40001
1.40001
1.40001
1.40001
1.40001
1.40001
1.40001
1.40001
1.40001
1.40001
1.40001
1.40001
1.40001
1.40001
1.40001
1.40001
1.40001
1.40001
1.40001
1.40001
1.40001
1.40001
1.40001
1.40001
1.40001
1.40001
1.40001
1.40001
1.40001
1.40001
1.40001
1.40001
1.40001
1.40001
1.40001
1.40001
1.40001
1.40001
1.40001
1.40001
1.40001
1.40001
1.40001
1.40001
1.40001
1.40001
1.40001
1.40001
1.40001
1.40001
1.40001
1.40001
1.40001
1.40001
1.40001
1.40001
1.40001
1.40001
1.40001
1.40001
1.40001
1.40001
1.40001
1.40001
1.40001
1.40001
1.40001
1.40001
1.40001
1.40001
1.40001
1.40001
1.40001
1.40001
1.40001
1.40001
1.40001
1.40001
1.40001
1.40001
1.40001
1.40001
1.40001
1.40001
1.40001
1.40001
1.40001
1.40001
1.40001
1.40001
1.40001
1.40001
1.40001
1.40001
1.40001
1.40001
1.40001
1.40001
1.40001
1.40001
1.40001
1.40001
1.40001
1.40001
1.40001
1.40001
1.40001
1.40001
1.40001
1.40001
1.40001
1.40001
1.40001
1.40001
1.40001
1.40001
1.40001
1.40001
1.40001
1.40001
1.40001
1.40001
1.40001
1.40001
1.40001
1.40001
1.40001
1.40001
1.40001
1.40001
1.40001
1.40001
1.40001
1.40001
1.40001
1.40001
1.40001
1.40001
1.40001
1.40001
1.40001
1.40001
1.40001
1.40001
1.40001
1.40001
1.40001
1.40001
1.40001
1.40001
1.40001
1.40001
1.40001
1.40001
1.40001
1.40001
1.40001
1.40001
1.40001
1.40001
1.40001
1.40001
1.40001
1.40001
1.40001
1.40001
1.40001
1.40001
1.40001
1.40001
1.40001
1.40001
1.40001
1.40001
1.40001
1.40001
1.40001
1.40001
1.40001
1.40001
1.40001
1.40001
1.40001
1.40001
1.40001
1.40001
1.40001
1.40001
1.40001
1.40001
1.40001
1.40001
1.40001
1.40001
1.40001
1.40001
1.40001
1.40001
1.40001
1.40001
1.40001
1.40001
1.40001
1.40001
1.40001
1.40001
1.40001
1.40001
1.40001
1.40001
1.40001
1.40001
1.40001
1.40001
1.40001
1.40001
1.40001
1.40001
1.40001
1.40001
1.40001
1.40001
1.40001
1.40001
1.40001
1.40001
1.40001
1.40001
1.40001
1.40001
1.40001
1.40001
1.40001
1.40001
1.40001
1.40001
1.40001
1.40001
1.40001
1.40001
1.40001
1.40001
1.40001
1.40001
1.40001
1.40001
1.40001
1.40001
1.40001
1.40001
1.40001
1.40001
1.40001
1.40001
1.40001
1.40001
1.40001
1.40001
1.40001
1.40001
1.40001
1.40001
1.40001
1.40001
1.40001
1.40001
1.40001
1.40001
1.40001
1.40001
1.40001
1.40001
1.40001
1.40001
1.40001
1.40001
1.40001
1.40001
1.40001
1.40001
1.40001
1.40001
1.40001
1.40001
1.40001
1.40001
1.40001
1.40001
1.40001
1.40001
1.40001
1.40001
1.40001
1.40001
1.40001
1.40001
1.40001
1.40001
1.40001
1.40001
1.40001
1.40001
1.40001
1.40001
1.40001
1.40001
1.40001
1.40001
1.40001
1.40001
1.40001
1.40001
1.40001
1.40001
1.40001
1.40001
1.40001
1.40001
1.40001
1.40001
1.40001
1.40001
1.40001
1.40001
1.40001
1.40001
1.40001
1.40001
1.40001
1.40001
1.40001
1.40001
1.40001
1.40001
1.40001
1.40001
1.40001
1.40001
1.40001
1.40001
1.40001
1.40001
1.40001
1.40001
1.40001
1.40001
1.40001
1.40001
1.40001
1.40001
1.40001
1.40001
1.40001
1.40001
1.40001
1.40001
1.40001
1.40001
1.40001
1.40001
1.40001
1.40001
1.40001
1.40001
1.40001
1.40001
1.40001
1.40001
1.40001
1.40001
1.40001
1.40001
1.40001
1.40001
1.40001
1.40001
1.40001
1.40001
1.40001
1.40001
1.40001
1.40001
1.40001
1.40001
1.40001
1.40001
1.40001
1.40001
1.40001
1.40001
1.40001
1.40001
1.40001
1.40001
1.40001
1.40001
1.40001
1.40001
1.40001
1.40001
1.40001
1.40001
1.40001
1.40001
1.40001
1.40001
1.40001
1.40001
1.40001
1.40001
1.40001
1.40001
1.40001
1.40001
1.40001
1.40001
1.40001
1.40001
1.40001
1.40001
1.40001
1.40001
1.40001
1.40001
1.40001
1.40001
1.40001
1.40001
1.40001
1.40001
1.40001
1.40001
1.40001
1.40001
1.40001
1.40001
1.40001
1.40001
1.40001
1.40001
1.40001
1.40001
1.40001
1.40001
1.40001
1.40001
1.40001
1.40001
1.40001
1.40001
1.40001
1.40001
1.40001
1.40001
1.40001
1.40001
1.40001
1.40001
1.40001
1.40001
1.40001
1.40001
1.40001
1.40001
1.40001
1.40001
1.40001
1.40001
1.40001
1.40001
1.40001
1.40001
1.40001
1.40001
1.40001
1.40001
1.40001
1.40001
1.40001
1.40001
1.40001
1.40001
1.40001
1.40001
1.40001
1.40001
1.40001
1.40001
1.40001
1.40001
1.40001
1.40001
1.40001
1.40001
1.40001
1.40001
1.40001
1.40001
1.40001
1.40001
1.40001
1.40001
1.40001
1.40001
1.40001
1.40001
1.40001
1.40001
1.40001
1.40001
1.40001
1.40001
1.40001
1.40001
1.40001
1.40001
1.40001
1.40001
1.40001
1.40001
1.40001
1.40001
1.40001
1.40001
1.40001
1.40001
1.40001
1.40001
1.40001
1.40001
1.40001
1.40001
1.40001
1.40001
1.40001
1.40001
1.40001
1.40001
1.40001
1.40001
1.40001
1.40001
1.40001
1.40001
1.40001
1.40001
1.40001
1.40001
1.40001
1.40001
1.40001
1.40001
1.40001
1.40001
1.40001
1.40001
1.40001
1.40001
1.40001
1.40001
1.40001
1.40001
1.40001
1.40001
1.40001
1.40001
1.40001
1.40001
1.40001
1.40001
1.40001
1.40001
1.40001
1.40001
1.40001
1.40001
1.40001
1.40001
1.40001
1.40001
1.40001
1.40001
1.40001
1.40001
1.40001
1.40001
1.40001
1.40001
1.40001
1.40001
1.40001
1.40001
1.40001
1.40001
1.40001
1.40001
1.40001
1.40001
1.40001
1.40001
1.40001
1.40001
1.40001
1.40001
1.40001
1.40001
1.40001
1.40001
1.40001
1.40001
1.40001
1.40001
1.40001
1.40001
1.40001
1.40001
1.40001
1.40001
1.40001
1.40001
1.40001
1.40001
1.40001
1.40001
1.40001
1.40001
1.40001
1.40001
1.40001
1.40001
1.40001
1.40001
1.40001
1.40001
1.40001
1.40001
1.40001
1.40001
1.40001
1.40001
1.40001
1.40001
1.40001
1.40001
1.40001
1.40001
1.40001
1.40001
1.40001
1.40001
1.40001
1.40001
1.40001
1.40001
1.40001
1.40001
1.40001
1.40001
1.40001
1.40001
1.40001
1.40001
1.40001
1.40001
1.40001
1.40001
1.40001
1.40001
1.40001
1.40001
1.40001
1.40001
1.40001
1.40001
1.40001
1.40001
1.40001
1.40001
1.40001
1.40001
1.40001
1.40001
1.40001
1.40001
1.40001
1.40001
1.40001
1.40001
1.40001
1.40001
1.40001
1.40001
1.40001
1.40001
1.40001
1.40001
1.40001
1.40001
1.40001
1.40001
1.40001
1.40001
1.40001
1.40001
1.40001
1.40001
1.40001
1.40001
1.40001
1.40001
1.40001
1.40001
1.40001
1.40001
1.40001
1.40001
1.40001
1.40001
1.40001
1.40001
1.40001
1.40001
1.40001
1.40001
1.40001
1.40001
1.40001
1.40001
1.40001
1.40001
1.40001
1.40001
1.40001
1.40001
1.40001
1.40001
1.40001
1.40001
1.40001
1.40001
1.40001
1.40001
1.40001
1.40001
1.40001
1.40001
1.40001
1.40001
1.40001
1.40001
1.40001
1.40001
1.40001
1.40001
1.40001
1.40001
1.40001
1.40001
1.40001
1.40001
1.40001
1.40001
1.40001
1.40001
1.40001
1.40001
1.40001
1.40001
1.40001
1.40001
1.40001
1.40001
1.40001
1.40001
1.40001
1.40001
1.40001
1.40001
1.40001
1.40001
1.40001
1.40001
1.40001
1.40001
1.40001
1.40001
1.40001
1.40001
1.40001
1.40001
1.40001
1.40001
1.40001
1.40001
1.40001
1.40001
1.40001
1.40001
1.40001
1.40001
1.40001
1.40001
1.40001
1.40001
1.40001
1.40001
1.40001
1.40001
1.40001
1.40001
1.40001
1.40001
1.40001
1.40001
1.40001
1.40001
1.40001
1.40001
1.40001
1.40001
1.40001
1.40001
1.40001
1.40001
1.40001
1.40001
1.40001
1.40001
1.40001
1.40001
1.40001
1.40001
1.40001
1.40001
1.40001
1.40001
1.40001
1.40001
1.40001
1.40001
1.40001
1.40001
1.40001
1.40001
1.40001
1.40001
1.40001
1.40001
1.40001
1.40001
1.40001
1.40001
1.40001
1.40001
1.40001
1.40001
1.40001
1.40001
1.40001
1.40001
1.40001
1.40001
1.40001
1.40001
1.40001
1.40001
1.40001
1.40001
1.40001
1.40001
1.40001
1.40001
1.40001
1.40001
1.40001
1.40001
1.40001
1.40001
1.40001
1.40001
1.40001
1.40001
1.40001
1.40001
1.40001
1.40001
1.40001
1.40001
1.40001
1.40001
1.40001
1.40001
1.40001
1.40001
1.40001
1.40001
1.40001
1.40001
1.40001
1.40001
1.40001
1.40001
1.40001
1.40001
1.40001
1.40001
1.40001
1.40001
1.40001
1.40001
1.40001
1.40001
1.40001
1.40001
1.40001
1.40001
1.40001
1.40001
1.40001
1.40001
1.40001
1.40001
1.40001
1.40001
1.40001
1.40001
1.40001
1.40001
1.40001
1.40001
1.40001
1.40001
1.40001
1.40001
1.40001
1.40001
1.40001
1.40001
1.40001
1.40001
1.40001
1.40001
1.40001
1.40001
1.40001
1.40001
1.40001
1.40001
1.40001
1.40001
1.40001
1.40001
1.40001
1.40001
1.40001
1.40001
1.40001
1.40001
1.40001
1.40001
1.40001
1.40001
1.40001
1.40001
1.40001
1.40001
1.40001
1.40001
1.40001
1.40001
1.40001
1.40001
1.40001
1.40001
1.40001
1.40001
1.40001
1.40001
1.40001
1.40001
1.40001
1.40001
1.40001
1.40001
1.40001
1.40001
1.40001
1.40001
1.40001
1.40001
1.40001
1.40001
1.40001
1.40001
1.40001
1.40001
1.40001
1.40001
1.40001
1.40001
1.40001
1.40001
1.40001
1.40001
1.40001
1.40001
1.40001
1.40001
1.40001
1.40001
1.40001
1.40001
1.40001
1.40001
1.40001
1.40001
1.40001
1.40001
1.40001
1.40001
1.40001
1.40001
1.40001
1.40001
1.40001
1.40001
1.40001
1.40001
1.40001
1.40001
1.40001
1.40001
1.40001
1.40001
1.40001
1.40001
1.40001
1.40001
1.40001
1.40001
1.40001
1.40001
1.40001
1.40001
1.40001
1.40001
1.40001
1.40001
1.40001
1.40001
1.40001
1.40001
1.40001
1.40001
1.40001
1.40001
1.40001
1.40001
1.40001
1.40001
1.40001
1.40001
1.40001
1.40001
1.40001
1.40001
1.40001
1.40001
1.40001
1.40001
1.40001
1.40001
1.40001
1.40001
1.40001
1.40001
1.40001
1.40001
1.40001
1.40001
1.40001
1.40001
1.40001
1.40001
1.40001
1.40001
1.40001
1.40001
1.40001
1.40001
1.40001
1.40001
1.40001
1.40001
1.40001
1.40001
1.40001
1.40001
1.40001
1.40001
1.40001
1.40001
1.40001
1.40001
1.40001
1.40001
1.40001
1.40001
1.40001
1.40001
1.40001
1.40001
1.40001
1.40001
1.40001
1.40001
1.40001
1.40001
1.40001
1.40001
1.40001
1.40001
1.40001
1.40001
1.40001
1.40001
1.40001
1.40001
1.40001
1.40001
1.40001
1.40001
1.40001
1.40001
1.40001
1.40001
1.40001
1.40001
1.40001
1.40001
1.40001
1.40001
1.40001
1.40001
1.40001
1.40001
1.40001
1.40001
1.40001
1.40001
1.40001
1.40001
1.40001
1.40001
1.40001
1.40001
1.40001
1.40001
1.40001
1.40001
1.40001
1.40001
1.40001
1.40001
1.40001
1.40001
1.40001
1.40001
1.40001
1.40001
1.40001
1.40001
1.40001
1.40001
1.40001
1.40001
1.40001
1.40001
1.40001
1.40001
1.40001
1.40001
1.40001
1.40001
1.40001
1.40001
1.40001
1.40001
1.40001
1.40001
1.40001
1.40001
1.40001
1.40001
1.40001
1.40001
1.40001
1.40001
1.40001
1.40001
1.40001
1.40001
1.40001
1.40001
1.40001
1.40001
1.40001
1.40001
1.40001
1.40001
1.40001
1.40001
1.40001
1.40001
1.40001
1.40001
1.40001
1.40001
1.40001
1.40001
1.40001
1.40001
1.40001
1.40001
1.40001
1.40001
1.40001
1.40001
1.40001
1.40001
1.40001
1.40001
1.40001
1.40001
1.40001
1.40001
1.40001
1.40001
1.40001
1.40001
1.40001
1.40001
1.40001
1.40001
1.40001
1.40001
1.40001
1.40001
1.40001
1.40001
1.40001
1.40001
1.40001
1.40001
1.40001
1.40001
1.40001
1.40001
1.40001
1.40001
1.40001
1.40001
1.40001
1.40001
1.40001
1.40001
1.40001
1.40001
1.40001
1.40001
1.40001
1.40001
1.40001
1.40001
1.40001
1.40001
1.40001
1.40001
1.40001
1.40001
1.40001
1.40001
1.40001
1.40001
1.40001
1.40001
1.40001
1.40001
1.40001
1.40001
1.40001
1.40001
1.40001
1.40001
1.40001
1.40001
1.40001
1.40001
1.40001
1.40001
1.40001
1.40001
1.40001
1.40001
1.40001
1.40001
1.40001
1.40001
1.40001
1.40001
1.40001
1.40001
1.40001
1.40001
1.40001
1.40001
1.40001
1.40001
1.40001
1.40001
1.40001
1.40001
1.40001
1.40001
1.40001
1.40001
1.40001
1.40001
1.40001
1.40001
1.40001
1.40001
1.40001
1.40001
1.40001
1.40001
1.40001
1.40001
1.40001
1.40001
1.40001
1.40001
1.40001
1.40001
1.40001
1.40001
1.40001
1.40001
1.40001
1.40001
1.40001
1.40001
1.40001
1.40001
1.40001
1.40001
1.40001
1.40001
1.40001
1.40001
1.40001
1.40001
1.40001
1.40001
1.40001
1.40001
1.40001
1.40001
1.40001
1.40001
1.40001
1.40001
1.40001
1.40001
1.40001
1.40001
1.40001
1.40001
1.40001
1.40001
1.40001
1.40001
1.40001
1.40001
1.40001
1.40001
1.40001
1.40001
1.40001
1.40001
1.40001
1.40001
1.40001
1.40001
1.40001
1.40001
1.40001
1.40001
1.40001
1.40001
1.40001
1.40001
1.40001
1.40001
1.40001
1.40001
1.40001
1.40001
1.40001
1.40001
1.40001
1.40001
1.40001
1.40001
1.40001
1.40001
1.40001
1.40001
1.40001
1.40001
1.40001
1.40001
1.40001
1.40001
1.40001
1.40001
1.40001
1.40001
1.40001
1.40001
1.40001
1.40001
1.40001
1.40001
1.40001
1.40001
1.40001
1.40001
1.40001
1.40001
1.40001
1.40001
1.40001
1.40001
1.40001
1.40001
1.40001
1.40001
1.40001
1.40001
1.40001
1.40001
1.40001
1.40001
1.40001
1.40001
1.40001
1.40001
1.40001
1.40001
1.40001
1.40001
1.40001
1.40001
1.40001
1.40001
1.40001
1.40001
1.40001
1.40001
1.40001
1.40001
1.40001
1.40001
1.40001
1.40001
1.40001
1.40001
1.40001
1.40001
1.40001
1.40001
1.40001
1.40001
1.40001
1.40001
1.40001
1.40001
1.40001
1.40001
1.40001
1.40001
1.40001
1.40001
1.40001
1.40001
1.40001
1.40001
1.40001
1.40001
1.40001
1.40001
1.40001
1.40001
1.40001
1.40001
1.40001
1.40001
1.40001
1.40001
1.40001
1.40001
1.40001
1.40001
1.40001
1.40001
1.40001
1.40001
1.40001
1.40001
1.40001
1.40001
1.40001
1.40001
1.40001
1.40001
1.40001
1.40001
1.40001
1.40001
1.40001
1.40001
1.40001
1.40001
1.40001
1.40001
1.40001
1.40001
1.40001
1.40001
1.40001
1.40001
1.40001
1.40001
1.40001
1.40001
1.40001
1.40001
1.40001
1.40001
1.40001
1.40001
1.40001
1.40001
1.40001
1.40001
1.40001
1.40001
1.40001
1.40001
1.40001
1.40001
1.40001
1.40001
1.40001
1.40001
1.40001
1.40001
1.40001
1.40001
1.40001
1.40001
1.40001
1.40001
1.40001
1.40001
1.40001
1.40001
1.40001
1.40001
1.40001
1.40001
1.40001
1.40001
1.40001
1.40001
1.40001
1.40001
1.40001
1.40001
1.40001
1.40001
1.40001
1.40001
1.40001
1.40001
1.40001
1.40001
1.40001
1.40001
1.40001
1.40001
1.40001
1.40001
1.40001
1.40001
1.40001
1.40001
1.40001
1.40001
1.40001
1.40001
1.40001
1.40001
1.40001
1.40001
1.40001
1.40001
1.40001
1.40001
1.40001
1.40001
1.40001
1.40001
1.40001
1.40001
1.40001
1.40001
1.40001
1.40001
1.40001
1.40001
1.40001
1.40001
1.40001
1.40001
1.40001
1.40001
1.40001
1.40001
1.40001
1.40001
1.40001
1.40001
1.40001
1.40001
1.40001
1.40001
1.40001
1.40001
1.40001
1.40001
1.40001
1.40001
1.40001
1.40001
1.40001
1.40001
1.40001
1.40001
1.40001
1.40001
1.40001
1.40001
1.40001
1.40001
1.40001
1.40001
1.40001
1.40001
1.40001
1.40001
1.40001
1.40001
1.40001
1.40001
1.40001
1.40001
1.40001
1.40001
1.40001
1.40001
1.40001
1.40001
1.40001
1.40001
1.40001
1.40001
1.40001
1.40001
1.40001
1.40001
1.40001
1.40001
1.40001
1.40001
1.40001
1.40001
1.40001
1.40001
1.40001
1.40001
1.40001
1.40001
1.40001
1.40001
1.40001
1.40001
1.40001
1.40001
1.40001
1.40001
1.40001
1.40001
1.40001
1.40001
1.40001
1.40001
1.40001
1.40001
1.40001
1.40001
1.40001
1.40001
1.40001
1.40001
1.40001
1.40001
1.40001
1.40001
1.40001
1.40001
1.40001
1.40001
1.40001
1.40001
1.40001
1.40001
1.40001
1.40001
1.40001
1.40001
1.40001
1.40001
1.40001
1.40001
1.40001
1.40001
1.40001
1.40001
1.40001
1.40001
1.40001
1.40001
1.40001
1.40001
1.40001
1.40001
1.40001
1.40001
1.40001
1.40001
1.40001
1.40001
1.40001
1.40001
1.40001
1.40001
1.40001
1.40001
1.40001
1.40001
1.40001
1.40001
1.83844
1.79374
1.76091
1.76887
1.88974
2.52894
1.40001
1.40001
1.40001
1.40001
1.40001
1.40001
1.40001
1.40001
1.40083
1.45396
2.02969
3.09539
3.7149
3.76068
3.69283
3.5725
3.46898
3.38022
3.28204
3.19119
3.13071
3.04938
2.96486
2.87532
2.81149
2.75299
2.6845
2.61875
2.54032
2.49183
2.44906
2.39103
2.32835
2.26305
2.22696
2.19052
2.14446
2.08664
2.03279
2.00994
1.97971
1.94074
1.89441
1.85062
1.82778
1.79419
1.79563
1.99598
1.40001
1.40001
1.40001
1.40001
1.40001
1.40001
1.40001
1.40001
1.40001
1.40111
1.45849
1.97503
3.04189
3.71464
3.72859
3.66287
3.56047
3.46553
3.3506
3.2816
3.21034
3.12058
3.03286
2.94303
2.88796
2.82461
2.75948
2.68554
2.61358
2.57403
2.51847
2.45538
2.39551
2.32999
2.2936
2.25436
2.20601
2.1446
2.0979
2.07476
2.03943
1.99839
1.95039
1.90776
1.8907
1.85724
1.80868
1.82177
1.40001
1.40001
1.40001
1.40001
1.40001
1.40001
1.40001
1.40001
1.40001
1.40001
1.40113
1.45139
1.90611
3.04124
3.66331
3.67245
3.64025
3.56289
3.44066
3.36285
3.27547
3.18976
3.09528
3.0117
2.96215
2.89949
2.83334
2.74803
2.69502
2.64939
2.58081
2.52304
2.46064
2.3955
2.36192
2.31889
2.26734
2.2047
2.16505
2.13872
2.09844
2.05754
2.00634
1.9672
1.94952
1.91977
1.85758
1.83131
1.40001
1.40001
1.40001
1.40001
1.40001
1.40001
1.40001
1.40001
1.40001
1.40001
1.40001
1.40094
1.44262
1.89415
3.07229
3.5394
3.64784
3.64121
3.54761
3.44113
3.34135
3.25751
3.15273
3.08331
3.03946
2.97943
2.90003
2.81977
2.77496
2.71462
2.64537
2.59293
2.5168
2.464
2.43172
2.38248
2.32842
2.2672
2.23229
2.20094
2.15779
2.11608
2.06114
2.02855
2.00756
1.97457
1.92481
1.86761
1.40001
1.40001
1.40001
1.40001
1.40001
1.40001
1.40001
1.40001
1.40001
1.40001
1.40001
1.40001
1.40084
1.44274
1.94641
2.97083
3.50354
3.66619
3.63498
3.52483
3.42013
3.32932
3.21424
3.15708
3.12037
3.05805
2.96712
2.89836
2.84584
2.77498
2.71654
2.65419
2.57251
2.53931
2.50036
2.44437
2.39036
2.33158
2.29812
2.26088
2.2176
2.17062
2.11684
2.09232
2.06462
2.02597
1.98518
1.93298
1.40001
1.40001
1.40001
1.40001
1.40001
1.40001
1.40001
1.40001
1.40001
1.40001
1.40001
1.40001
1.40001
1.40096
1.44932
1.90766
2.78714
3.50735
3.64775
3.61672
3.5261
3.40827
3.27562
3.23203
3.20223
3.13267
3.04007
2.97249
2.90836
2.84057
2.78475
2.70001
2.64482
2.61756
2.56348
2.50683
2.45359
2.3944
2.36038
2.31922
2.27604
2.2217
2.17922
2.15683
2.11969
2.07889
2.0422
1.99052
1.40001
1.40001
1.40001
1.40001
1.40001
1.40001
1.40001
1.40001
1.40001
1.40001
1.40001
1.40001
1.40001
1.40001
1.40103
1.43999
1.77334
2.62328
3.50638
3.60689
3.55817
3.4756
3.36887
3.32248
3.278
3.19696
3.10738
3.03604
2.96849
2.91168
2.83798
2.75723
2.73016
2.68856
2.62255
2.57375
2.51367
2.45302
2.41944
2.37773
2.33252
2.27723
2.24624
2.21783
2.17257
2.13481
2.09214
2.04045
1.40001
1.40001
1.40001
1.40001
1.40001
1.40001
1.40001
1.40001
1.40001
1.40001
1.40001
1.40001
1.40001
1.40001
1.40001
1.40062
1.42304
1.67139
2.58855
3.43675
3.49987
3.5316
3.49902
3.42834
3.344
3.25281
3.16615
3.09307
3.03581
2.97617
2.88397
2.84034
2.80904
2.74633
2.68641
2.64244
2.56385
2.51194
2.47907
2.4355
2.38752
2.34101
2.31304
2.27455
2.22802
2.18978
2.12993
2.09088
1.40001
1.40001
1.40001
1.40001
1.40001
1.40001
1.40001
1.40001
1.40001
1.40001
1.40001
1.40001
1.40001
1.40001
1.40001
1.40001
1.4003
1.41579
1.64863
2.57117
3.25545
3.48669
3.5723
3.51496
3.4127
3.31641
3.23149
3.15831
3.10177
3.02397
2.96141
2.93019
2.87351
2.80223
2.75737
2.69601
2.60901
2.57865
2.54126
2.49422
2.44679
2.40779
2.37561
2.32858
2.28495
2.23532
2.16961
2.14951
1.40001
1.40001
1.40001
1.40001
1.40001
1.40001
1.40001
1.40001
1.40001
1.40001
1.40001
1.40001
1.40001
1.40001
1.40001
1.40001
1.40001
1.40024
1.41419
1.64393
2.45621
3.13638
3.5269
3.55697
3.50335
3.41638
3.31186
3.2172
3.14963
3.09514
3.05656
3.00178
2.92758
2.87251
2.82346
2.72682
2.6755
2.65182
2.60119
2.55555
2.51148
2.47419
2.43291
2.38171
2.335
2.26826
2.22212
2.21202
1.40001
1.40001
1.40001
1.40001
1.40001
1.40001
1.40001
1.40001
1.40001
1.40001
1.40001
1.40001
1.40001
1.40001
1.40001
1.40001
1.40001
1.40001
1.40022
1.4129
1.6092
2.21695
3.00956
3.53226
3.54409
3.47524
3.36865
3.28305
3.22266
3.18376
3.12968
3.05503
2.98572
2.93941
2.85597
2.77522
2.7589
2.71871
2.66201
2.62309
2.57595
2.5344
2.48355
2.43201
2.37719
2.3082
2.28718
2.27476
1.40001
1.40001
1.40001
1.40001
1.40001
1.40001
1.40001
1.40001
1.40001
1.40001
1.40001
1.40001
1.40001
1.40001
1.40001
1.40001
1.40001
1.40001
1.40001
1.40017
1.40876
1.51662
1.97019
2.98999
3.44692
3.42039
3.41322
3.38237
3.31713
3.25372
3.18035
3.10272
3.05382
2.98614
2.88752
2.8591
2.8352
2.77427
2.73194
2.68985
2.63658
2.58796
2.53003
2.47878
2.41645
2.36521
2.35585
2.33438
1.40001
1.40001
1.40001
1.40001
1.40001
1.40001
1.40001
1.40001
1.40001
1.40001
1.40001
1.40001
1.40001
1.40001
1.40001
1.40001
1.40001
1.40001
1.40001
1.40001
1.40007
1.40328
1.46001
1.92256
2.90729
3.26498
3.39989
3.46478
3.40981
3.31963
3.22768
3.1704
3.11447
3.01328
2.96569
2.94968
2.89458
2.83893
2.80462
2.74153
2.68938
2.63349
2.57571
2.52674
2.4633
2.43531
2.42389
2.38848
1.40001
1.40001
1.40001
1.40001
1.40001
1.40001
1.40001
1.40001
1.40001
1.40001
1.40001
1.40001
1.40001
1.40001
1.40001
1.40001
1.40001
1.40001
1.40001
1.40001
1.40001
1.40002
1.40164
1.45178
1.91041
2.72116
3.20184
3.45216
3.46732
3.40218
3.31951
3.24736
3.14034
3.07738
3.06721
3.01798
2.95067
2.91604
2.85527
2.78583
2.73839
2.67695
2.62698
2.57758
2.52205
2.50859
2.48757
2.43932
1.40001
1.40001
1.40001
1.40001
1.40001
1.40001
1.40001
1.40001
1.40001
1.40001
1.40001
1.40001
1.40001
1.40001
1.40001
1.40001
1.40001
1.40001
1.40001
1.40001
1.40001
1.40001
1.40002
1.40147
1.44987
1.80583
2.44548
3.14878
3.46299
3.45165
3.38727
3.28995
3.20187
3.18746
3.14268
3.06256
3.01361
2.96806
2.88318
2.83767
2.7874
2.72816
2.68518
2.62759
2.59006
2.57909
2.54244
2.49152
1.40001
1.40001
1.40001
1.40001
1.40001
1.40001
1.40001
1.40001
1.40001
1.40001
1.40001
1.40001
1.40001
1.40001
1.40001
1.40001
1.40001
1.40001
1.40001
1.40001
1.40001
1.40001
1.40001
1.40002
1.40116
1.42884
1.62312
2.19531
3.13427
3.36582
3.3461
3.33038
3.31278
3.27361
3.18138
3.10414
3.06521
2.99232
2.92763
2.89698
2.84012
2.78926
2.74312
2.6808
2.65987
2.64102
2.59009
2.54625
1.40001
1.40001
1.40001
1.40001
1.40001
1.40001
1.40001
1.40001
1.40001
1.40001
1.40001
1.40001
1.40001
1.40001
1.40001
1.40001
1.40001
1.40001
1.40001
1.40001
1.40001
1.40001
1.40001
1.40001
1.40001
1.40037
1.4104
1.52023
2.13087
2.98026
3.22493
3.33387
3.38671
3.33086
3.22277
3.16643
3.11088
3.02098
2.99474
2.96361
2.90215
2.85572
2.79701
2.73981
2.72359
2.69321
2.64091
2.60303
1.40001
1.40001
1.40001
1.40001
1.40001
1.40001
1.40001
1.40001
1.40001
1.40001
1.40001
1.40001
1.40001
1.40001
1.40001
1.40001
1.40001
1.40001
1.40001
1.40001
1.40001
1.40001
1.40001
1.40001
1.40001
1.40001
1.4001
1.40489
1.49772
2.06721
2.75733
3.17379
3.38874
3.38594
3.33141
3.24748
3.13404
3.08137
3.08244
3.0369
2.96669
2.91589
2.84825
2.79891
2.7786
2.74199
2.69788
2.65835
1.40001
1.40001
1.40001
1.40001
1.40001
1.40001
1.40001
1.40001
1.40001
1.40001
1.40001
1.40001
1.40001
1.40001
1.40001
1.40001
1.40001
1.40001
1.40001
1.40001
1.40001
1.40001
1.40001
1.40001
1.40001
1.40001
1.40001
1.40006
1.40369
1.48706
1.8928
2.46589
3.15855
3.36804
3.33912
3.24952
3.17853
3.17603
3.16824
3.08751
3.01825
2.96826
2.8972
2.85248
2.83114
2.79553
2.75463
2.70875
1.40001
1.40001
1.40001
1.40001
1.40001
1.40001
1.40001
1.40001
1.40001
1.40001
1.40001
1.40001
1.40001
1.40001
1.40001
1.40001
1.40001
1.40001
1.40001
1.40001
1.40001
1.40001
1.40001
1.40001
1.40001
1.40001
1.40001
1.40001
1.40004
1.40264
1.44435
1.64583
2.24008
3.12218
3.24451
3.22475
3.24143
3.25598
3.2121
3.11889
3.06827
3.02632
2.95295
2.9111
2.88912
2.8515
2.80771
2.75613
1.40001
1.40001
1.40001
1.40001
1.40001
1.40001
1.40001
1.40001
1.40001
1.40001
1.40001
1.40001
1.40001
1.40001
1.40001
1.40001
1.40001
1.40001
1.40001
1.40001
1.40001
1.40001
1.40001
1.40001
1.40001
1.40001
1.40001
1.40001
1.40001
1.40002
1.40068
1.41319
1.53956
2.19048
2.89696
3.11008
3.25467
3.31061
3.2556
3.18945
3.15855
3.08462
3.00397
2.98643
2.96118
2.9077
2.85628
2.8002
1.40001
1.40001
1.40001
1.40001
1.40001
1.40001
1.40001
1.40001
1.40001
1.40001
1.40001
1.40001
1.40001
1.40001
1.40001
1.40001
1.40001
1.40001
1.40001
1.40001
1.40001
1.40001
1.40001
1.40001
1.40001
1.40001
1.40001
1.40001
1.40001
1.40001
1.40001
1.40017
1.40668
1.51645
2.07195
2.65536
3.07884
3.31201
3.31647
3.2761
3.18539
3.10397
3.08135
3.07913
3.02309
2.95131
2.90065
2.84002
1.40001
1.40001
1.40001
1.40001
1.40001
1.40001
1.40001
1.40001
1.40001
1.40001
1.40001
1.40001
1.40001
1.40001
1.40001
1.40001
1.40001
1.40001
1.40001
1.40001
1.40001
1.40001
1.40001
1.40001
1.40001
1.40001
1.40001
1.40001
1.40001
1.40001
1.40001
1.40001
1.4001
1.40491
1.49588
1.85129
2.35903
3.06816
3.28784
3.25084
3.18238
3.15632
3.16378
3.12946
3.04772
2.98677
2.9473
2.88073
1.40001
1.40001
1.40001
1.40001
1.40001
1.40001
1.40001
1.40001
1.40001
1.40001
1.40001
1.40001
1.40001
1.40001
1.40001
1.40001
1.40001
1.40001
1.40001
1.40001
1.40001
1.40001
1.40001
1.40001
1.40001
1.40001
1.40001
1.40001
1.40001
1.40001
1.40001
1.40001
1.40001
1.40006
1.40305
1.44022
1.60367
2.17231
3.00226
3.11656
3.15354
3.21081
3.22051
3.15602
3.08376
3.0577
3.00743
2.91965
1.40001
1.40001
1.40001
1.40001
1.40001
1.40001
1.40001
1.40001
1.40001
1.40001
1.40001
1.40001
1.40001
1.40001
1.40001
1.40001
1.40001
1.40001
1.40001
1.40001
1.40001
1.40001
1.40001
1.40001
1.40001
1.40001
1.40001
1.40001
1.40001
1.40001
1.40001
1.40001
1.40001
1.40001
1.40002
1.4006
1.41058
1.51882
2.10121
2.71634
3.00768
3.22059
3.26323
3.23098
3.18519
3.10503
3.02678
2.99859
1.40001
1.40001
1.40001
1.40001
1.40001
1.40001
1.40001
1.40001
1.40001
1.40001
1.40001
1.40001
1.40001
1.40001
1.40001
1.40001
1.40001
1.40001
1.40001
1.40001
1.40001
1.40001
1.40001
1.40001
1.40001
1.40001
1.40001
1.40001
1.40001
1.40001
1.40001
1.40001
1.40001
1.40001
1.40001
1.40001
1.40014
1.40529
1.49793
1.93905
2.4399
2.96421
3.25351
3.24635
3.18559
3.11455
3.08483
3.09087
1.40001
1.40001
1.40001
1.40001
1.40001
1.40001
1.40001
1.40001
1.40001
1.40001
1.40001
1.40001
1.40001
1.40001
1.40001
1.40001
1.40001
1.40001
1.40001
1.40001
1.40001
1.40001
1.40001
1.40001
1.40001
1.40001
1.40001
1.40001
1.40001
1.40001
1.40001
1.40001
1.40001
1.40001
1.40001
1.40001
1.40001
1.40008
1.4038
1.46399
1.68158
2.13856
2.94741
3.15143
3.1285
3.13699
3.15523
3.14045
1.40001
1.40001
1.40001
1.40001
1.40001
1.40001
1.40001
1.40001
1.40001
1.40001
1.40001
1.40001
1.40001
1.40001
1.40001
1.40001
1.40001
1.40001
1.40001
1.40001
1.40001
1.40001
1.40001
1.40001
1.40001
1.40001
1.40001
1.40001
1.40001
1.40001
1.40001
1.40001
1.40001
1.40001
1.40001
1.40001
1.40001
1.40001
1.40004
1.40144
1.41737
1.51776
2.02925
2.74265
2.9674
3.11482
3.21399
3.1859
1.40001
1.40001
1.40001
1.40001
1.40001
1.40001
1.40001
1.40001
1.40001
1.40001
1.40001
1.40001
1.40001
1.40001
1.40001
1.40001
1.40001
1.40001
1.40001
1.40001
1.40001
1.40001
1.40001
1.40001
1.40001
1.40001
1.40001
1.40001
1.40001
1.40001
1.40001
1.40001
1.40001
1.40001
1.40001
1.40001
1.40001
1.40001
1.40001
1.40001
1.4002
1.40517
1.4801
1.91221
2.47319
2.85917
3.18264
3.2253
1.40001
1.40001
1.40001
1.40001
1.40001
1.40001
1.40001
1.40001
1.40001
1.40001
1.40001
1.40001
1.40001
1.40001
1.40001
1.40001
1.40001
1.40001
1.40001
1.40001
1.40001
1.40001
1.40001
1.40001
1.40001
1.40001
1.40001
1.40001
1.40001
1.40001
1.40001
1.40001
1.40001
1.40001
1.40001
1.40001
1.40001
1.40001
1.40001
1.40001
1.40001
1.40007
1.40307
1.45907
1.72451
2.13432
2.77619
3.17604
1.40001
1.40001
1.40001
1.40001
1.40001
1.40001
1.40001
1.40001
1.40001
1.40001
1.40001
1.40001
1.40001
1.40001
1.40001
1.40001
1.40001
1.40001
1.40001
1.40001
1.40001
1.40001
1.40001
1.40001
1.40001
1.40001
1.40001
1.40001
1.40001
1.40001
1.40001
1.40001
1.40001
1.40001
1.40001
1.40001
1.40001
1.40001
1.40001
1.40001
1.40001
1.40001
1.40004
1.40161
1.42238
1.52594
1.90137
2.6706
1.40001
1.40001
1.40001
1.40001
1.40001
1.40001
1.40001
1.40001
1.40001
1.40001
1.40001
1.40001
1.40001
1.40001
1.40001
1.40001
1.40001
1.40001
1.40001
1.40001
1.40001
1.40001
1.40001
1.40001
1.40001
1.40001
1.40001
1.40001
1.40001
1.40001
1.40001
1.40001
1.40001
1.40001
1.40001
1.40001
1.40001
1.40001
1.40001
1.40001
1.40001
1.40001
1.40001
1.40001
1.40027
1.40477
1.45813
1.7807
1.40001
1.40001
1.40001
1.40001
1.40001
1.40001
1.40001
1.40001
1.40001
1.40001
1.40001
1.40001
1.40001
1.40001
1.40001
1.40001
1.40001
1.40001
1.40001
1.40001
1.40001
1.40001
1.40001
1.40001
1.40001
1.40001
1.40001
1.40001
1.40001
1.40001
1.40001
1.40001
1.40001
1.40001
1.40001
1.40001
1.40001
1.40001
1.40001
1.40001
1.40001
1.40001
1.40001
1.40001
1.40001
1.40005
1.40184
1.43593
1.40001
1.40001
1.40001
1.40001
1.40001
1.40001
1.40001
1.40001
1.40001
1.40001
1.40001
1.40001
1.40001
1.40001
1.40001
1.40001
1.40001
1.40001
1.40001
1.40001
1.40001
1.40001
1.40001
1.40001
1.40001
1.40001
1.40001
1.40001
1.40001
1.40001
1.40001
1.40001
1.40001
1.40001
1.40001
1.40001
1.40001
1.40001
1.40001
1.40001
1.40001
1.40001
1.40001
1.40001
1.40001
1.40001
1.40002
1.40097
1.40001
1.40001
1.40001
1.40001
1.40001
1.40001
1.40001
1.40001
1.40001
1.40001
1.40001
1.40001
1.40001
1.40001
1.40001
1.40001
1.40001
1.40001
1.40001
1.40001
1.40001
1.40001
1.40001
1.40001
1.40001
1.40001
1.40001
1.40001
1.40001
1.40001
1.40001
1.40001
1.40001
1.40001
1.40001
1.40001
1.40001
1.40001
1.40001
1.40001
1.40001
1.40001
1.40001
1.40001
1.40001
1.40001
1.40001
1.40001
1.40001
1.40001
1.40001
1.40001
1.40001
1.40001
1.40001
1.40001
1.40001
1.40001
1.40001
1.40001
1.40001
1.40001
1.40001
1.40001
1.40001
1.40001
1.40001
1.40001
1.40001
1.40001
1.40001
1.40001
1.40001
1.40001
1.40001
1.40001
1.40001
1.40001
1.40001
1.40001
1.40001
1.40001
1.40001
1.40001
1.40001
1.40001
1.40001
1.40001
1.40001
1.40001
1.40001
1.40001
1.40001
1.40001
1.40001
1.40001
1.40001
1.40001
1.40001
1.40001
1.40001
1.40001
1.40001
1.40001
1.40001
1.40001
1.40001
1.40001
1.40001
1.40001
1.40001
1.40001
1.40001
1.40001
1.40001
1.40001
1.40001
1.40001
1.40001
1.40001
1.40001
1.40001
1.40001
1.40001
1.40001
1.40001
1.40001
1.40001
1.40001
1.40001
1.40001
1.40001
1.40001
1.40001
1.40001
1.40001
1.40001
1.40001
1.40001
1.40001
1.40001
1.40001
1.40001
1.40001
3.11667
3.21405
3.15771
3.05361
2.95876
2.87572
2.79241
2.70184
2.61798
2.54461
2.46882
2.39524
2.31609
2.24693
2.18303
2.68904
3.15278
3.21444
3.14534
3.04419
2.95688
2.87167
2.77877
2.69698
2.61912
2.54233
2.46426
2.38603
2.32515
2.25699
2.11094
2.82253
3.1857
3.20771
3.13925
3.04263
2.94256
2.8577
2.77952
2.69659
2.61773
2.53161
2.46157
2.39966
2.33485
1.86774
2.23398
2.93193
3.19636
3.19262
3.12732
3.01887
2.93452
2.85719
2.77548
2.69276
2.61145
2.54181
2.47436
2.40876
1.87449
1.93419
2.36044
3.00439
3.19029
3.18116
3.10817
3.01431
2.93257
2.85436
2.77139
2.69288
2.62741
2.55622
2.48572
1.90041
1.9007
1.99133
2.48105
3.03984
3.21297
3.18938
3.10957
3.01946
2.9315
2.84499
2.78021
2.71416
2.64043
2.55946
1.9573
1.92674
1.92712
2.05886
2.55539
3.10056
3.21776
3.18686
3.11549
3.02101
2.92644
2.85613
2.79044
2.72026
2.63962
2.0173
1.98621
1.94395
1.951
2.11622
2.65054
3.14783
3.19811
3.1795
3.11342
3.01677
2.93756
2.86697
2.79652
2.71465
2.07623
2.04546
1.99601
1.96449
1.98259
2.17697
2.75858
3.10614
3.20154
3.19041
3.12109
3.02824
2.94271
2.8671
2.78826
2.13301
2.09788
2.05965
2.00971
1.99752
2.01717
2.24833
2.76095
3.10353
3.23257
3.20842
3.12747
3.02933
2.94187
2.85612
2.1865
2.14833
2.12099
2.07694
2.03766
2.02526
2.04201
2.2832
2.74911
3.16085
3.24212
3.21395
3.13079
3.02913
2.93103
2.23802
2.20376
2.17888
2.13406
2.09577
2.05791
2.03564
2.06161
2.30356
2.79873
3.2095
3.23771
3.21066
3.12268
3.0178
2.29049
2.26306
2.22941
2.18126
2.15267
2.1098
2.05231
2.04999
2.09123
2.34544
2.90573
3.21623
3.20886
3.17469
3.11045
2.34635
2.31894
2.26983
2.23006
2.20468
2.16155
2.10555
2.06434
2.07193
2.13343
2.4278
2.98451
3.15437
3.18653
3.16878
2.40424
2.36798
2.31028
2.28301
2.25421
2.20615
2.16257
2.11712
2.0945
2.10521
2.17172
2.49876
2.93738
3.12236
3.20384
2.45876
2.40772
2.35904
2.33937
2.30076
2.24747
2.21748
2.18503
2.14654
2.13419
2.12624
2.19026
2.51323
2.87176
3.15383
2.50849
2.44674
2.4156
2.39525
2.3439
2.29235
2.27282
2.24452
2.20735
2.18339
2.14844
2.13662
2.20805
2.4776
2.88477
2.55393
2.49237
2.47329
2.4466
2.3842
2.34525
2.32759
2.29223
2.26157
2.23992
2.19649
2.14887
2.14659
2.21456
2.4741
2.59618
2.54378
2.52757
2.49137
2.42852
2.40255
2.38026
2.33599
2.31226
2.295
2.24842
2.19039
2.1557
2.16331
2.23904
2.63693
2.59359
2.57591
2.53161
2.48142
2.46018
2.42834
2.37975
2.36178
2.34059
2.29433
2.23842
2.19798
2.17745
2.18897
2.67876
2.64122
2.62057
2.57442
2.54066
2.51873
2.47397
2.42701
2.4113
2.38235
2.33431
2.28715
2.25594
2.22788
2.2031
2.72086
2.68791
2.66576
2.62659
2.59983
2.57178
2.51393
2.47191
2.45659
2.42219
2.37139
2.33941
2.31895
2.29387
2.24385
2.7615
2.73792
2.71777
2.68417
2.6577
2.62198
2.55092
2.514
2.4984
2.45845
2.4107
2.39503
2.38138
2.34559
2.29242
2.81183
2.79757
2.77267
2.73766
2.71089
2.66534
2.59052
2.56447
2.54256
2.49613
2.46244
2.45081
2.42944
2.37401
2.34027
2.89012
2.87309
2.83103
2.79519
2.75881
2.68691
2.63648
2.61342
2.58148
2.5434
2.52903
2.51032
2.45417
2.39838
2.38364
2.99235
2.94265
2.88704
2.85228
2.79117
2.72117
2.69124
2.65774
2.6232
2.60304
2.59124
2.55852
2.47818
2.43199
2.4207
3.04918
2.97783
2.93579
2.89393
2.81629
2.77751
2.74458
2.70342
2.67563
2.66002
2.63722
2.59265
2.5158
2.46974
2.45298
3.07224
3.01886
2.99339
2.92271
2.86552
2.83864
2.796
2.76136
2.73179
2.7048
2.67155
2.62026
2.56011
2.51565
2.48669
3.14104
3.11126
3.0303
2.95821
2.94417
2.90469
2.85172
2.81914
2.77711
2.74085
2.70397
2.65186
2.60268
2.56487
2.53075
3.20106
3.11896
3.04679
3.03597
3.02416
2.95384
2.90173
2.86308
2.80808
2.77563
2.74036
2.69084
2.65094
2.61632
2.58357
3.14459
3.09596
3.09593
3.1076
3.06172
2.98373
2.94394
2.89857
2.83975
2.81499
2.78159
2.73769
2.70411
2.66973
2.6395
2.94701
3.04289
3.12939
3.14488
3.09054
3.02995
2.99209
2.92809
2.87889
2.86607
2.83382
2.79421
2.75965
2.71859
2.68853
2.42837
2.80875
3.04861
3.15465
3.14518
3.11858
3.04369
2.95719
2.93766
2.93522
2.89682
2.84822
2.80987
2.76488
2.73652
1.67929
2.16785
2.60742
3.05403
3.14773
3.11906
3.04507
3.01315
3.01846
3.00823
2.94253
2.88512
2.85165
2.81034
2.82817
1.4195
1.53502
1.83748
2.40127
3.00783
3.03459
3.02383
3.05478
3.07728
3.04416
2.97443
2.92528
2.93815
3.0852
3.50646
1.40028
1.40462
1.44472
1.6501
2.2439
2.75875
2.92422
3.03988
3.09072
3.08273
3.10106
3.21166
3.5709
4.29894
4.95555
1.40001
1.40003
1.40101
1.41847
1.5547
2.04573
2.54169
2.84887
3.10526
3.49446
3.84503
4.27593
4.97174
5.34775
5.53183
1.40001
1.40001
1.40001
1.40036
1.40846
1.51517
1.90188
2.50305
3.44647
4.48554
5.33842
6.00366
6.4794
6.36703
6.03351
)
;

boundaryField
{
    inlet
    {
        type            calculated;
        value           uniform 1.40001;
    }
    outlet
    {
        type            calculated;
        value           nonuniform 0();
    }
    bottom
    {
        type            calculated;
        value           nonuniform 0();
    }
    top
    {
        type            calculated;
        value           nonuniform List<scalar> 
111
(
1.40001
1.40001
1.40001
1.40001
1.40001
1.40001
1.40001
1.40001
1.40001
1.40001
1.40001
1.40001
1.40001
1.40001
1.40001
1.40001
1.40001
1.40001
1.40001
1.40001
1.40001
1.40001
1.40001
1.40001
1.40001
1.40001
1.40001
1.40001
1.40001
1.40001
1.40001
1.40001
1.40001
1.40001
1.40001
1.40001
1.40001
1.40001
1.40001
1.40001
1.40001
1.40001
1.40001
1.40001
1.40001
1.40001
1.40001
1.40001
1.40001
1.40001
1.40001
1.40001
1.40001
1.40001
1.40001
1.40001
1.40001
1.40001
1.40001
1.40001
1.40001
1.40001
1.40001
1.40001
1.40001
1.40001
1.40001
1.40001
1.40001
1.40001
1.40001
1.40001
1.40001
1.40001
1.40001
1.40001
1.40001
1.40001
1.40001
1.40001
1.40001
1.40001
1.40001
1.40001
1.40001
1.40001
1.40001
1.40001
1.40001
1.40001
1.40001
1.40001
1.40001
1.40001
1.40001
1.40001
1.40001
1.40001
1.40001
1.40036
1.40846
1.51517
1.90188
2.50305
3.44647
4.48554
5.33842
6.00366
6.4794
6.36703
6.03351
)
;
    }
    obstacle
    {
        type            calculated;
        value           nonuniform 0();
    }
    defaultFaces
    {
        type            empty;
    }
    procBoundary2to0
    {
        type            processor;
        value           nonuniform List<scalar> 
112
(
1.40001
1.40001
1.40001
1.40001
1.40001
1.40001
1.40001
1.40001
1.40001
1.40001
1.40001
1.40001
1.40001
1.40001
1.40001
1.40001
1.40001
1.40001
1.40001
1.40001
1.40001
1.40001
1.40001
1.40001
1.40001
1.40001
1.40001
1.40001
1.40001
1.40001
1.40001
1.40001
1.40001
1.40001
1.40001
1.40001
1.40001
1.40001
1.40001
1.40001
1.40001
1.40001
1.40001
1.40001
1.40001
1.40001
1.40001
1.40001
1.78168
1.72717
1.72147
1.77848
2.33107
3.05263
1.40001
1.40001
1.40001
1.40001
1.40001
1.40001
1.40001
1.40063
1.44285
1.99954
3.19289
3.68612
3.78444
3.723
3.60394
3.48231
3.3909
3.29987
3.21284
3.11173
3.03982
2.97223
2.89071
2.8057
2.73329
2.67898
2.6136
2.54637
2.4712
2.41218
2.37397
2.3252
2.26277
2.19562
2.16052
2.1268
2.08246
2.02916
1.97154
1.94706
1.92066
1.88444
1.88444
3.21178
3.16035
3.06867
2.971
2.87935
2.79719
2.71553
2.63034
2.54049
2.4698
2.39786
2.32611
2.2452
2.17091
2.1108
)
;
    }
    procBoundary2to1
    {
        type            processor;
        value           nonuniform List<scalar> 6(2.11684 2.19014 2.26577 2.34087 2.40988 2.48104);
    }
    procBoundary2to3
    {
        type            processor;
        value           nonuniform List<scalar> 
32
(
2.55578
2.62223
2.70111
2.76876
2.83879
2.91991
3.01758
3.10621
3.17652
3.21523
3.19813
2.97581
2.54958
2.27612
2.20747
2.2211
2.25912
2.30943
2.35728
2.39608
2.43156
2.46837
2.51813
2.57666
2.63236
2.6736
2.70964
3.0124
4.25376
5.35377
5.51208
5.56957
)
;
    }
}


// ************************************************************************* //
