/*--------------------------------*- C++ -*----------------------------------*\
  =========                 |
  \\      /  F ield         | OpenFOAM: The Open Source CFD Toolbox
   \\    /   O peration     | Website:  https://openfoam.org
    \\  /    A nd           | Version:  7
     \\/     M anipulation  |
\*---------------------------------------------------------------------------*/
FoamFile
{
    version     2.0;
    format      ascii;
    class       volScalarField;
    location    "1.8";
    object      p;
}
// * * * * * * * * * * * * * * * * * * * * * * * * * * * * * * * * * * * * * //

dimensions      [1 -1 -2 0 0 0 0];

internalField   nonuniform List<scalar> 
16192
(
1
1
1
1
1
1
1
1
1
1
1
1
1
1
1
1
1
1
1
1
1
1
1
1
1
1
1
1
1
1
1
1
1
1
1
1
1
1
1
1
1
1
1
1
1
1
1
1
1
1
1
1
1
1
1
1
1
1
1
1
1
1
1
1
1
1
1
1
1
1
1
1
1
1
1
1
1
1
1
1
1
1
1
1
1
1
1
1
1
1
1
1
1
1
1
1
1
1
1
1
1
1
1
1
1
1
1
1
1
1
1
1
1
1
1
1
1
1
1
1
1
1
1
1
1
1
1
1
1
1
1
1
1
1
1
1
1
1
1
1
1
1
1
1
1
1
1
1
1
1
1
1
1
1
1
1
1
1
1
1
1
1
1
1
1
1
1
1
1
1
1
1
1
1
1
1
1
1
1
1
1
1
1
1
1
1
1
1
1
1
1
1
1
1
1
1
1
1
1
1
1
1
1
1
1
1
1
1
1
1
1
1
1
1
1
1
1
1
1
1
1
1
1
1
1
1
1
1
1
1
1
1
1
1
1
1
1
1
1
1
1
1
1
1
1
1
1
1
1
1
1
1
1
1
1
1
1
1
1
1
1
1
1
1
1
1
1
1
1
1
1
1
1
1
1
1
1
1
1
1
1
1
1
1
1
1
1
1
1
1
1
1
1
1
1
1
1
1
1
1
1
1
1
1
1
1
1
1
1
1
1
1
1
1
1
1
1
1
1
1
1
1
1
1
1
1
1
1
1
1
1
1
1
1
1
1
1
1
1
1
1
1
1
1
1
1
1
1
1
1
1
1
1
1
1
1
1
1
1
1
1
1
1
1
1
1
1
1
1
1
1
1
1
1
1
1
1
1
1
1
1
1
1
1
1
1
1
1
1
1
1
1
1
1
1
1
1
1
1
1
1
1
1
1
1
1
1
1
1
1
1
1
1
1
1
1
1
1
1
1
1
1
1
1
1
1
1
1
1
1
1
1
1
1
1
1
1
1
1
1
1
1
1
1
1
1
1
1
1
1
1
1
1
1
1
1
1
1
1
1
1
1
1
1
1
1
1
1
1
1
1
1
1
1
1
1
1
1
1
1
1
1
1
1
1
1
1
1
1
1
1
1
1
1
1
1
1
1
1
1
1
1
1
1
1
1
1
1
1
1
1
1
1
1
1
1
1
1
1
1
1
1
1
1
1
1
1
1
1
1
1
1
1
1
1
1
1
1
1
1
1
1
1
1
1
1
1
1
1
1
1
1
1
1
1
1
1
1
1
1
1
1
1
1
1
1
1
1
1
1
1
1
1
1
1
1
1
1
1
1
1
1
1
1
1
1
1
1
1
1
1
1
1
1
1
1
1
1
1
1
1
1
1
1
1
1
1
1
1
1
1
1
1
1
1
1
1
1
1
1
1
1
1
1
1
1
1
1
1
1
1
1
1
1
1
1
1
1
1
1
1
1
1
1
1
1
1
1
1
1
1
1
1
1
1
1
1
1
1
1
1
1
1
1
1
1
1
1
1
1
1
1
1
1
1
1
1
1
1
1
1
1
1
1
1
1
1
1
1
1
1
1
1
1
1
1
1
1
1
1
1
1
1
1
1
1
1
1
1
1
1
1
1
1
1
1
1
1
1
1
1
1
1
1
1
1
1
1
1
1
1
1
1
1
1
1
1
1
1
1
1
1
1
1
1
1
1
1
1
1
1
1
1
1
1
1
1
1
1
1
1
1
1
1
1
1
1
1
1
1
1
1
1
1
1
1
1
1
1
1
1
1
1
1
1
1
1
1
1
1
1
1
1
1
1
1
1
1
1
1
1
1
1
1
1
1
1
1
1
1
1
1
1
1
1
1
1
1
1
1
1
1
1
1
1
1
1
1
1
1
1
1
1
1
1
1
1
1
1
1
1
1
1
1
1
1
1
1
1
1
1
1
1
1
1
1
1
1
1
1
1
1
1
1
1
1
1
1
1
1
1
1
1
1
1
1
1
1
1
1
1
1
1
1
1
1
1
1
1
1
1
1
1
1
1
1
1
1
1
1
1
1
1
1
1
1
1
1
1
1
1
1
1
1
1
1
1
1
1
1
1
1
1
1
1
1
1
1
1
1
1
1
1
1
1
1
1
1
1
1
1
1
1
1
1
1
1
1
1
1
1
1
1
1
1
1
1
1
1
1
1
1
1
1
1
1
1
1
1
1
1
1
1
1
1
1
1
1
1
1
1
1
1
1
1
1
1
1
1
1
1
1
1
1
1
1
1
1
1
1
1
1
1
1
1
1
1
1
1
1
1
1
1
1
1
1
1
1
1
1
1
1
1
1
1
1
1
1
1
1
1
1
1
1
1
1
1
1
1
1
1
1
1
1
1
1
1
1
1
1
1
1
1
1
1
1
1
1
1
1
1
1
1
1
1
1
1
1
1
1
1
1
1
1
1
1
1
1
1
1
1
1
1
1
1
1
1
1
1
1
1
1
1
1
1
1
1
1
1
1
1
1
1
1
1
1
1
1
1
1
1
1
1
1
1
1
1
1
1
1
1
1
1
1
1
1
1
1
1
1
1
1
1
1
1
1
1
1
1
1
1
1
1
1
1
1
1
1
1
1
1
1
1
1
1
1
1
1
1
1
1
1
1
1
1
1
1
1
1
1
1
1
1
1
1
1
1
1
1
1
1
1
1
1
1
1
1
1
1
1
1
1
1
1
1
1
1
1
1
1
1
1
1
1
1
1
1
1
1
1
1
1
1
1
1
1
1
1
1
1
1
1
1
1
1
1
1
1
1
1
1
1
1
1
1
1
1
1
1
1
1
1
1
1
1
1
1
1
1
1
1
1
1
1
1
1
1
1
1
1
1
1
1
1
1
1
1
1
1
1
1
1
1
1
1
1
1
1
1
1
1
1
1
1
1
1
1
1
1
1
1
1
1
1
1.00012
1.00671
1.15944
2.23148
3.53329
4.23767
4.53396
4.55268
4.53303
4.52013
4.48412
4.45435
4.4413
4.48559
4.46419
4.39243
4.36259
4.35214
4.32124
4.28714
4.26569
4.26142
4.24375
4.21096
4.19942
4.19108
4.1685
4.14696
4.13585
4.11259
4.07934
4.05681
4.03331
4.01718
4.00492
3.9865
3.96377
3.93906
3.91823
3.89822
3.88612
3.88133
3.87522
3.86013
3.83692
3.80515
3.77316
3.7409
3.72204
3.71289
3.69858
3.67484
3.65221
3.64692
3.6511
3.66917
3.70572
3.77147
3.87403
3.93038
3.93947
3.92924
3.90343
3.89593
3.89677
3.89341
3.88253
3.86405
3.8273
3.77596
3.7224
3.6857
3.6708
3.66894
3.68131
3.67956
3.66618
3.63719
3.58752
3.51953
3.47363
3.44794
3.43616
3.43426
3.44963
3.47361
3.48039
3.47173
3.45065
3.42128
3.37327
3.28773
3.2067
3.1688
3.15691
3.15577
3.17928
3.24425
3.29505
3.29584
3.27849
3.24786
3.18999
3.0737
2.96799
2.92901
2.9187
2.91777
2.9361
2.99681
3.06121
3.07481
3.06608
3.04769
3.01861
2.96269
2.86028
2.7789
2.74991
2.74259
2.73949
2.74257
2.76584
2.79501
2.79379
2.78871
2.78686
2.78416
2.77855
2.7576
2.70033
2.60432
2.55502
2.54295
2.54024
2.5512
2.60832
2.67338
2.68129
2.66989
2.64477
2.58346
2.47288
2.40602
2.38809
2.38513
2.39077
2.42586
2.48106
2.49873
2.49241
2.47567
2.44428
2.3907
2.34708
2.32899
2.32504
2.32717
2.33153
2.32763
2.31337
2.28575
2.26276
2.25697
2.25492
2.26199
2.27766
2.27747
2.27085
2.25049
2.20113
2.12833
2.09654
2.09007
2.08992
2.09912
2.1518
2.2131
1
1
1
1
1
1
1
1
1
1
1
1
1
1
1
1
1
1
1
1
1
1
1
1
1
1
1
1
1
1
1
1
1
1
1
1
1
1
1
1
1
1
1
1
1
1
1
1
1
1
1
1
1
1.00006
1.00531
1.16436
2.00035
3.06799
4.23983
4.59679
4.5361
4.47777
4.47658
4.46415
4.48935
4.4612
4.4047
4.38853
4.36995
4.33712
4.30809
4.29116
4.29318
4.28954
4.25907
4.24378
4.23867
4.2213
4.18789
4.17276
4.15803
4.12622
4.09762
4.07919
4.05683
4.03811
4.01927
3.99636
3.97071
3.95099
3.93655
3.92659
3.92293
3.91658
3.89918
3.87147
3.83893
3.80856
3.77921
3.75468
3.73999
3.72423
3.70391
3.67633
3.65564
3.65237
3.65502
3.67345
3.69978
3.74345
3.82813
3.87581
3.8952
3.90105
3.91305
3.93227
3.94571
3.93586
3.91597
3.87823
3.82502
3.76983
3.73296
3.71865
3.71675
3.72817
3.72207
3.70429
3.6722
3.61705
3.55239
3.51279
3.4903
3.47993
3.48471
3.51033
3.52844
3.52228
3.50285
3.4767
3.44504
3.39442
3.31513
3.24455
3.20861
3.19833
3.19846
3.22733
3.29032
3.32872
3.32485
3.30645
3.27637
3.21984
3.10522
3.00099
2.96387
2.95485
2.95353
2.97457
3.03803
3.0942
3.10096
3.09161
3.07261
3.04349
2.98972
2.89444
2.81564
2.78564
2.77818
2.77533
2.77574
2.78653
2.81488
2.82662
2.82118
2.81809
2.81648
2.81184
2.79137
2.73308
2.63398
2.5827
2.56977
2.56693
2.57756
2.6343
2.69967
2.70733
2.69523
2.66921
2.60573
2.49633
2.43328
2.41645
2.41406
2.42253
2.46312
2.51425
2.52548
2.51726
2.49827
2.46352
2.40924
2.37071
2.35512
2.35189
2.35488
2.3585
2.35325
2.33723
2.30814
2.28247
2.27477
2.27283
2.28024
2.30069
2.30384
2.29739
2.27649
2.22646
2.15219
2.1191
2.11166
2.11176
2.12601
2.18069
2.26756
2.50338
1
1
1
1
1
1
1
1
1
1
1
1
1
1
1
1
1
1
1
1
1
1
1
1
1
1
1
1
1
1
1
1
1
1
1
1
1
1
1
1
1
1
1
1
1
1
1
1
1
1
1
1
1
1
1.00005
1.00536
1.10365
1.53106
2.86118
4.36647
4.41011
4.4588
4.48003
4.47883
4.44501
4.42195
4.41687
4.4056
4.36528
4.33055
4.31594
4.32495
4.32832
4.29317
4.27942
4.28365
4.2688
4.2293
4.20263
4.19506
4.16994
4.13537
4.11381
4.09129
4.06683
4.0513
4.03105
4.00608
3.98524
3.97372
3.96547
3.96112
3.95294
3.93327
3.90455
3.87291
3.8425
3.81404
3.78572
3.764
3.74834
3.73162
3.71055
3.6868
3.67777
3.67541
3.68046
3.68868
3.69076
3.70565
3.74587
3.78987
3.83601
3.88776
3.93999
3.97207
3.97296
3.96096
3.92888
3.88053
3.82273
3.78194
3.768
3.76537
3.7748
3.7656
3.74394
3.70751
3.64694
3.58781
3.55373
3.53549
3.52794
3.53988
3.56861
3.57484
3.55796
3.53147
3.50159
3.46405
3.41121
3.34389
3.28605
3.25249
3.24372
3.24723
3.28302
3.339
3.3592
3.35018
3.33084
3.30242
3.24927
3.13934
3.03556
2.99843
2.99009
2.98908
3.01282
3.07853
3.12598
3.12705
3.11671
3.09597
3.06577
3.01442
2.92895
2.85352
2.82183
2.81411
2.81137
2.81089
2.8136
2.82831
2.85405
2.85633
2.85257
2.851
2.8469
2.82558
2.76472
2.6625
2.6102
2.59658
2.59374
2.60436
2.66063
2.72611
2.73364
2.72085
2.69348
2.62747
2.52
2.46152
2.44577
2.44403
2.45616
2.50139
2.54752
2.55279
2.54293
2.52112
2.48181
2.42829
2.39521
2.38165
2.37902
2.38288
2.38575
2.37916
2.36083
2.32979
2.30255
2.29335
2.29159
2.29952
2.32386
2.33067
2.32411
2.30266
2.25166
2.17654
2.14229
2.13491
2.13319
2.15341
2.21619
2.34931
2.86742
3.99588
1
1
1
1
1
1
1
1
1
1
1
1
1
1
1
1
1
1
1
1
1
1
1
1
1
1
1
1
1
1
1
1
1
1
1
1
1
1
1
1
1
1
1
1
1
1
1
1
1
1
1
1
1
1
1
1.00003
1.00188
1.03363
1.39083
2.94927
4.00685
4.32343
4.50758
4.4909
4.45417
4.45375
4.45037
4.40339
4.35832
4.34437
4.3576
4.35762
4.31615
4.30403
4.31129
4.30015
4.26334
4.22598
4.21597
4.1991
4.16581
4.14074
4.12352
4.09758
4.07821
4.0654
4.04304
4.02266
4.01341
4.00299
3.99428
3.98235
3.96242
3.93568
3.90592
3.87694
3.84846
3.81787
3.78951
3.77259
3.75886
3.74373
3.7284
3.72153
3.71845
3.71524
3.70682
3.68855
3.66757
3.65984
3.6778
3.72212
3.79018
3.8806
3.96438
3.98419
3.98339
3.96573
3.92864
3.8795
3.83672
3.82108
3.81727
3.82383
3.81213
3.78658
3.74501
3.68033
3.62581
3.59603
3.58207
3.57684
3.59416
3.6191
3.61425
3.59149
3.56113
3.52347
3.4779
3.4276
3.37721
3.33083
3.30034
3.29301
3.30224
3.34417
3.38347
3.38483
3.37174
3.35202
3.32582
3.27777
3.17508
3.07218
3.03332
3.02495
3.02412
3.04958
3.11851
3.1611
3.15798
3.14357
3.11877
3.08468
3.03509
2.96449
2.89494
2.85908
2.85049
2.84691
2.84506
2.84401
2.84794
2.86923
2.89157
2.89073
2.88826
2.88429
2.86021
2.79512
2.68955
2.63712
2.62345
2.62061
2.63157
2.68783
2.75319
2.76075
2.74727
2.71801
2.64897
2.54369
2.49036
2.47552
2.4748
2.491
2.54031
2.58018
2.58108
2.5694
2.54393
2.49955
2.44814
2.42004
2.40878
2.40687
2.41182
2.41337
2.40474
2.38386
2.35058
2.32267
2.31284
2.31118
2.32026
2.34788
2.35753
2.35104
2.32902
2.27642
2.20107
2.16541
2.15871
2.15726
2.17747
2.2654
2.52332
3.37952
4.77623
5.76291
1
1
1
1
1
1
1
1
1
1
1
1
1
1
1
1
1
1
1
1
1
1
1
1
1
1
1
1
1
1
1
1
1
1
1
1
1
1
1
1
1
1
1
1
1
1
1
1
1
1
1
1
1
1
1
1
1.00001
1.00051
1.02249
1.40572
2.77418
3.75182
4.34314
4.51374
4.509
4.45937
4.40834
4.37938
4.36928
4.38797
4.38924
4.33594
4.32036
4.32634
4.32182
4.28807
4.24322
4.22864
4.22424
4.19276
4.16242
4.14844
4.13149
4.10555
4.09441
4.08206
4.06208
4.05297
4.0436
4.0245
4.00666
3.98807
3.96414
3.93688
3.91014
3.88345
3.85268
3.82005
3.79979
3.78707
3.77699
3.77013
3.76705
3.76536
3.75719
3.73768
3.70719
3.66859
3.64263
3.64197
3.65646
3.69386
3.76124
3.86544
3.95774
3.97897
3.97842
3.95605
3.92155
3.89312
3.88065
3.87641
3.87615
3.86272
3.83296
3.78593
3.71865
3.66652
3.63994
3.62893
3.62605
3.64462
3.66061
3.6496
3.62467
3.59062
3.5435
3.49318
3.45243
3.41608
3.37669
3.35062
3.34533
3.362
3.40214
3.41754
3.40782
3.39143
3.3716
3.34747
3.30465
3.21239
3.11106
3.06906
3.06014
3.05941
3.08571
3.15643
3.19785
3.19296
3.17456
3.14355
3.10298
3.05592
3.00325
2.94281
2.89832
2.8875
2.88194
2.8771
2.87346
2.87277
2.88546
2.91833
2.93138
2.92884
2.92283
2.89494
2.82463
2.71516
2.66358
2.65055
2.64778
2.65924
2.7162
2.78148
2.78889
2.77474
2.74326
2.67059
2.56765
2.51856
2.50554
2.50579
2.52643
2.57906
2.61207
2.61028
2.59623
2.56707
2.5172
2.46911
2.44524
2.4366
2.43561
2.44147
2.44132
2.4303
2.40647
2.37042
2.34272
2.3329
2.33134
2.34197
2.37288
2.38492
2.3784
2.35548
2.30087
2.22486
2.18978
2.1805
2.18214
2.20988
2.34312
2.84521
4.04738
5.50098
5.98559
5.90647
1
1
1
1
1
1
1
1
1
1
1
1
1
1
1
1
1
1
1
1
1
1
1
1
1
1
1
1
1
1
1
1
1
1
1
1
1
1
1
1
1
1
1
1
1
1
1
1
1
1
1
1
1
1
1
1
1
1
1.00037
1.02374
1.38769
2.31729
3.47488
4.44626
4.51197
4.40763
4.39958
4.3985
4.40258
4.40299
4.35436
4.33969
4.34504
4.33815
4.30237
4.25745
4.23728
4.24145
4.21516
4.18433
4.17162
4.16265
4.14045
4.12583
4.1211
4.10549
4.0917
4.079
4.05412
4.02976
4.0102
3.98972
3.96511
3.94057
3.91648
3.88859
3.85403
3.83198
3.82037
3.81296
3.81021
3.80809
3.80391
3.79311
3.76853
3.73533
3.69344
3.65149
3.63929
3.64059
3.65308
3.68659
3.74032
3.83584
3.92565
3.9542
3.95138
3.93539
3.92938
3.93298
3.94132
3.93221
3.91551
3.88396
3.8336
3.76381
3.71027
3.68529
3.67626
3.67564
3.69251
3.69875
3.68336
3.65796
3.61955
3.56372
3.51596
3.48508
3.45543
3.4224
3.40213
3.39996
3.42317
3.45062
3.44653
3.43053
3.41149
3.39138
3.36871
3.33077
3.24963
3.15168
3.10618
3.09597
3.09542
3.12168
3.19326
3.23433
3.2283
3.20743
3.17188
3.1219
3.07632
3.04173
2.99749
2.94268
2.92249
2.91511
2.90742
2.9015
2.8987
2.90689
2.9414
2.97061
2.97055
2.96245
2.93071
2.85365
2.74008
2.69002
2.67773
2.67532
2.68781
2.74625
2.81133
2.81828
2.80337
2.76932
2.69245
2.59176
2.54697
2.53538
2.53675
2.56174
2.61602
2.64348
2.63977
2.62371
2.59061
2.53595
2.4911
2.47115
2.46485
2.46509
2.47174
2.46912
2.45532
2.42824
2.38947
2.36277
2.35333
2.35199
2.36445
2.3988
2.41284
2.40626
2.38212
2.32563
2.24689
2.21476
2.20446
2.20537
2.24781
2.50435
3.35761
4.80022
6.02055
6.15206
6.01971
6.00144
1
1
1
1
1
1
1
1
1
1
1
1
1
1
1
1
1
1
1
1
1
1
1
1
1
1
1
1
1
1
1
1
1
1
1
1
1
1
1
1
1
1
1
1
1
1
1
1
1
1
1
1
1
1
1
1
1
1
1
1.00038
1.01929
1.1887
1.83801
3.56316
4.29315
4.33091
4.39162
4.41784
4.40452
4.36979
4.3591
4.36825
4.35551
4.31058
4.27806
4.25504
4.25005
4.23274
4.21045
4.19908
4.19453
4.1757
4.16159
4.15959
4.14954
4.12424
4.10513
4.08162
4.05285
4.0301
4.01315
3.99171
3.96799
3.94564
3.92098
3.8904
3.86613
3.85826
3.85195
3.84861
3.84551
3.83765
3.82117
3.79607
3.7645
3.72527
3.68225
3.6542
3.64863
3.64968
3.66456
3.69293
3.72052
3.78247
3.85102
3.88601
3.90389
3.92847
3.95844
3.9866
3.98378
3.96663
3.9362
3.88799
3.81918
3.75829
3.73202
3.72377
3.72526
3.73907
3.7369
3.71992
3.69209
3.6465
3.58507
3.54263
3.51819
3.49333
3.46757
3.45328
3.45557
3.48082
3.4903
3.47626
3.45466
3.43314
3.41244
3.39026
3.35604
3.28577
3.1934
3.14488
3.13294
3.1325
3.15757
3.22836
3.26941
3.26243
3.23949
3.2009
3.14409
3.09828
3.07091
3.04149
2.9969
2.95791
2.94538
2.93645
2.92909
2.92499
2.93141
2.96672
3.00785
3.01137
3.00119
2.96622
2.88263
2.76501
2.71618
2.7049
2.70289
2.71685
2.77784
2.84276
2.84886
2.83321
2.79639
2.71485
2.61577
2.57503
2.56459
2.56719
2.59604
2.65139
2.6735
2.6688
2.65159
2.61522
2.5567
2.51462
2.49776
2.49339
2.49549
2.50158
2.49657
2.47952
2.44875
2.40805
2.38292
2.3741
2.37305
2.38783
2.42585
2.44116
2.43434
2.40875
2.3496
2.27023
2.23581
2.22877
2.23433
2.31798
2.79489
4.01649
5.55437
6.32922
6.25262
6.10926
6.08584
6.17043
1
1
1
1
1
1
1
1
1
1
1
1
1
1
1
1
1
1
1
1
1
1
1
1
1
1
1
1
1
1
1
1
1
1
1
1
1
1
1
1
1
1
1
1
1
1
1
1
1
1
1
1
1
1
1
1
1
1
1
1
1.00016
1.00521
1.0827
1.79016
3.40084
4.05378
4.33395
4.44467
4.41379
4.39037
4.39209
4.37954
4.31975
4.29279
4.27986
4.26387
4.25261
4.23775
4.23177
4.2347
4.21798
4.19496
4.18888
4.18368
4.15185
4.12327
4.10409
4.07848
4.04828
4.03336
4.01722
3.9943
3.97236
3.94936
3.92328
3.90307
3.89678
3.89231
3.8847
3.87749
3.86651
3.84619
3.82085
3.79182
3.75553
3.71761
3.68561
3.67595
3.67327
3.67812
3.68964
3.69344
3.69464
3.71205
3.75711
3.81029
3.87079
3.93775
3.9955
4.00935
4.00343
3.98241
3.94131
3.87987
3.81566
3.78281
3.77326
3.77445
3.78409
3.77636
3.75777
3.72713
3.6756
3.60877
3.57067
3.54973
3.53007
3.51323
3.5032
3.51392
3.53375
3.52811
3.50609
3.47974
3.45467
3.43359
3.41247
3.38159
3.32041
3.23599
3.18637
3.17186
3.17104
3.19398
3.26226
3.30237
3.29476
3.26995
3.2287
3.16729
3.12401
3.09984
3.07791
3.04812
3.00347
2.97561
2.96486
2.95705
2.95221
2.95849
2.99588
3.04446
3.05126
3.03895
3.00118
2.91092
2.7901
2.74258
2.73198
2.73025
2.74626
2.81037
2.87545
2.8803
2.86397
2.82439
2.73807
2.63993
2.60224
2.59299
2.59664
2.6288
2.6839
2.70242
2.69712
2.67945
2.64155
2.58031
2.53997
2.52545
2.52267
2.52644
2.53098
2.52322
2.5027
2.46742
2.42551
2.40286
2.39492
2.39441
2.41226
2.45417
2.47041
2.46318
2.43659
2.37151
2.29285
2.25848
2.25225
2.26662
2.46103
3.28189
4.76604
6.11947
6.53485
6.37029
6.18416
6.15363
6.22295
6.36281
1
1
1
1
1
1
1
1
1
1
1
1
1
1
1
1
1
1
1
1
1
1
1
1
1
1
1
1
1
1
1
1
1
1
1
1
1
1
1
1
1
1
1
1
1
1
1
1
1
1
1
1
1
1
1
1
1
1
1
1
1
1.00003
1.00215
1.07072
1.78884
3.16101
3.95183
4.37255
4.44794
4.42399
4.38688
4.33433
4.31149
4.2994
4.28781
4.27135
4.2639
4.26385
4.27471
4.25714
4.22059
4.20698
4.20624
4.18383
4.14541
4.12094
4.10184
4.07456
4.05106
4.03944
4.02091
3.99787
3.97643
3.95308
3.93727
3.93425
3.93024
3.91818
3.90457
3.89059
3.87146
3.84436
3.81701
3.78459
3.75054
3.7213
3.71152
3.70928
3.71007
3.70851
3.69984
3.68367
3.6633
3.66847
3.70191
3.76256
3.8465
3.94653
4.00131
4.01119
4.0077
3.98354
3.93307
3.87488
3.84022
3.82824
3.82614
3.8288
3.81739
3.79603
3.76236
3.70723
3.63785
3.60023
3.5805
3.56653
3.55503
3.55461
3.57331
3.58324
3.56699
3.53727
3.504
3.4755
3.45579
3.43614
3.4081
3.35534
3.27931
3.22894
3.21253
3.21114
3.23141
3.29547
3.33371
3.32611
3.30047
3.25627
3.19039
3.14908
3.12856
3.11334
3.09391
3.0542
3.01057
2.99388
2.98568
2.98086
2.98822
3.02972
3.08178
3.08911
3.07469
3.03476
2.93861
2.81528
2.76932
2.75903
2.75757
2.77561
2.84353
2.90903
2.9125
2.89537
2.85309
2.76164
2.66438
2.62909
2.62082
2.62495
2.65935
2.71419
2.72988
2.72422
2.70709
2.66918
2.60725
2.56696
2.55433
2.55306
2.5583
2.55999
2.54958
2.52483
2.48371
2.44243
2.42271
2.41573
2.41598
2.43787
2.48392
2.50078
2.49279
2.46464
2.3961
2.31094
2.2813
2.27878
2.32642
2.7315
3.94439
5.50492
6.53234
6.63342
6.45259
6.26897
6.22562
6.27232
6.40063
6.41844
1
1
1
1
1
1
1
1
1
1
1
1
1
1
1
1
1
1
1
1
1
1
1
1
1
1
1
1
1
1
1
1
1
1
1
1
1
1
1
1
1
1
1
1
1
1
1
1
1
1
1
1
1
1
1
1
1
1
1
1
1
1
1.00002
1.00193
1.07702
1.65323
2.65955
3.84873
4.44685
4.42234
4.33538
4.33805
4.3345
4.31009
4.28463
4.28194
4.28626
4.30853
4.29298
4.24216
4.21749
4.21932
4.2113
4.16747
4.13462
4.12086
4.10421
4.07496
4.05906
4.0476
4.02418
4.00345
3.98457
3.96928
3.96805
3.96503
3.94853
3.92884
3.9115
3.89396
3.86878
3.8405
3.81368
3.7835
3.75533
3.74655
3.74448
3.74229
3.73534
3.72021
3.69502
3.66268
3.65269
3.65685
3.68121
3.73593
3.81673
3.925
3.986
4.0023
3.99821
3.96555
3.92083
3.89306
3.88443
3.88403
3.87608
3.86034
3.83554
3.79898
3.74217
3.67276
3.63371
3.61404
3.60401
3.59714
3.60731
3.62982
3.62919
3.60572
3.57049
3.52965
3.4992
3.48013
3.46195
3.43656
3.39105
3.32271
3.27228
3.25462
3.2528
3.27045
3.32927
3.36377
3.35608
3.33093
3.28527
3.21586
3.17502
3.1568
3.14634
3.133
3.10042
3.05151
3.02441
3.01565
3.01079
3.02036
3.06738
3.12011
3.12516
3.10795
3.06619
2.96491
2.84023
2.79692
2.78642
2.78503
2.80507
2.87713
2.94295
2.94537
2.92708
2.88229
2.78515
2.68891
2.65579
2.64815
2.6524
2.68818
2.74252
2.7562
2.75051
2.73437
2.69798
2.63692
2.5963
2.58483
2.58495
2.59068
2.5894
2.57571
2.54544
2.49754
2.45881
2.44232
2.43632
2.43776
2.46474
2.51526
2.53203
2.52384
2.49211
2.42016
2.33138
2.30329
2.30791
2.4499
3.18964
4.71913
6.12312
6.76111
6.76043
6.53158
6.33184
6.29132
6.32267
6.43842
6.46781
6.43148
1
1
1
1
1
1
1
1
1
1
1
1
1
1
1
1
1
1
1
1
1
1
1
1
1
1
1
1
1
1
1
1
1
1
1
1
1
1
1
1
1
1
1
1
1
1
1
1
1
1
1
1
1
1
1
1
1
1
1
1
1
1
1
1.00002
1.00183
1.0454
1.32824
2.28733
3.95477
4.27912
4.29435
4.35003
4.35152
4.30031
4.29029
4.29459
4.32512
4.32196
4.26396
4.2279
4.22941
4.23466
4.19068
4.14541
4.13328
4.1221
4.10117
4.08003
4.07313
4.05669
4.03172
4.02012
4.00685
3.99943
3.99346
3.97634
3.95274
3.93125
3.91369
3.89153
3.86419
3.84072
3.81622
3.79006
3.78093
3.77653
3.77051
3.76149
3.74416
3.71794
3.6807
3.65801
3.65384
3.65551
3.67368
3.72291
3.78422
3.87475
3.94616
3.974
3.96287
3.93694
3.92634
3.92618
3.93838
3.92908
3.90821
3.88051
3.8404
3.78243
3.71464
3.67187
3.6521
3.64494
3.64344
3.66084
3.68052
3.67065
3.643
3.60435
3.5578
3.52633
3.50661
3.48933
3.46669
3.42777
3.36634
3.31598
3.29714
3.29467
3.31047
3.3649
3.3948
3.38648
3.36129
3.31403
3.24471
3.2041
3.18697
3.17986
3.16885
3.14009
3.09267
3.05699
3.04685
3.0422
3.05462
3.10756
3.15832
3.15858
3.13881
3.09532
2.98932
2.86545
2.82487
2.81454
2.81326
2.83536
2.91152
2.97724
2.97846
2.95884
2.91128
2.80826
2.71313
2.6826
2.67517
2.67935
2.71564
2.77048
2.78278
2.77661
2.76158
2.72748
2.66902
2.62752
2.61694
2.61856
2.62336
2.61942
2.60172
2.56383
2.50928
2.47495
2.46135
2.45621
2.45971
2.49278
2.54835
2.56411
2.5553
2.52214
2.44202
2.35024
2.32768
2.35911
2.70361
3.85248
5.45535
6.60863
6.87213
6.83125
6.61476
6.41405
6.36399
6.3793
6.47831
6.51908
6.48649
6.43118
1
1
1
1
1
1
1
1
1
1
1
1
1
1
1
1
1
1
1
1
1
1
1
1
1
1
1
1
1
1
1
1
1
1
1
1
1
1
1
1
1
1
1
1
1
1
1
1
1
1
1
1
1
1
1
1
1
1
1
1
1
1
1
1
1.00001
1.00054
1.01445
1.19577
2.25634
3.71824
4.11863
4.3157
4.36006
4.31528
4.29969
4.32818
4.34293
4.28216
4.24351
4.24082
4.2577
4.21316
4.1611
4.14793
4.13925
4.12167
4.10549
4.09769
4.0935
4.07068
4.05714
4.05201
4.03419
4.01474
4.00008
3.97781
3.95227
3.9317
3.9126
3.88692
3.86543
3.84766
3.82602
3.81352
3.80653
3.79753
3.78647
3.76797
3.7421
3.70729
3.68032
3.67005
3.66616
3.66794
3.68414
3.71113
3.7443
3.78812
3.8551
3.9029
3.90856
3.9245
3.94287
3.96999
3.97437
3.95614
3.92826
3.88782
3.83255
3.76539
3.71719
3.69699
3.69131
3.69429
3.71417
3.72413
3.70754
3.67847
3.63807
3.58796
3.5555
3.53509
3.51871
3.49916
3.46537
3.40981
3.35995
3.33987
3.33684
3.35052
3.40126
3.42817
3.41952
3.39344
3.34415
3.27394
3.23508
3.21961
3.21379
3.20264
3.1754
3.13134
3.09227
3.07947
3.07514
3.09082
3.14861
3.19365
3.19019
3.16781
3.12216
3.01149
2.89102
2.85352
2.84345
2.84247
2.86709
2.94762
3.01228
3.012
2.99053
2.94003
2.83113
2.73705
2.70903
2.70199
2.70607
2.74268
2.79789
2.8098
2.80288
2.78836
2.75686
2.70313
2.66121
2.65092
2.6533
2.65667
2.65018
2.62693
2.57976
2.52
2.49058
2.47945
2.47524
2.48173
2.52188
2.58247
2.59791
2.58736
2.55222
2.46522
2.36866
2.35758
2.46821
3.13906
4.65592
6.08952
6.89589
6.97302
6.90539
6.69749
6.49958
6.44236
6.4422
6.51667
6.56885
6.54148
6.49148
6.39641
1
1
1
1
1
1
1
1
1
1
1
1
1
1
1
1
1
1
1
1
1
1
1
1
1
1
1
1
1
1
1
1
1
1
1
1
1
1
1
1
1
1
1
1
1
1
1
1
1
1
1
1
1
1
1
1
1
1
1
1
1
1
1
1
1
1
1.00014
1.00808
1.16791
2.18182
3.44615
4.05625
4.31997
4.35536
4.34455
4.33829
4.29566
4.26807
4.25802
4.28379
4.23671
4.18006
4.16799
4.16161
4.14383
4.13036
4.12532
4.13202
4.11356
4.09328
4.08638
4.06894
4.0376
4.01881
4.00234
3.97607
3.9514
3.93171
3.90988
3.88679
3.87519
3.86105
3.84441
3.83435
3.82372
3.81144
3.79183
3.76555
3.73358
3.70879
3.69881
3.6936
3.68968
3.69209
3.69336
3.6954
3.69525
3.69513
3.74324
3.81477
3.86723
3.92008
3.97095
3.99391
3.98972
3.97134
3.93685
3.88844
3.82601
3.77163
3.75076
3.74508
3.74823
3.76253
3.76205
3.74253
3.71204
3.66973
3.61938
3.58618
3.56541
3.55087
3.5348
3.50438
3.4534
3.40428
3.38275
3.37933
3.39123
3.4383
3.46216
3.45324
3.42856
3.37769
3.30242
3.26502
3.25161
3.24642
3.23408
3.20809
3.168
3.12935
3.11339
3.11022
3.12839
3.18921
3.22702
3.21945
3.19524
3.14618
3.03107
2.91724
2.8828
2.87307
2.87314
2.90114
2.98603
3.04868
3.04632
3.02242
2.96848
2.85357
2.76064
2.7351
2.72865
2.73282
2.77
2.82565
2.83733
2.82961
2.81519
2.78606
2.73802
2.69729
2.68686
2.68925
2.69066
2.68101
2.65129
2.59277
2.53062
2.50598
2.49669
2.49345
2.50368
2.5517
2.61708
2.63202
2.62065
2.58145
2.48957
2.39067
2.40445
2.70482
3.77624
5.44312
6.59525
7.05728
7.06522
6.97577
6.76993
6.57916
6.5183
6.50971
6.56345
6.61857
6.59491
6.55028
6.46844
6.32975
1
1
1
1
1
1
1
1
1
1
1
1
1
1
1
1
1
1
1
1
1
1
1
1
1
1
1
1
1
1
1
1
1
1
1
1
1
1
1
1
1
1
1
1
1
1
1
1
1
1
1
1
1
1
1
1
1
1
1
1
1
1
1
1
1
1
1
1.00009
1.00655
1.16432
1.9719
3.02064
4.0141
4.3897
4.36243
4.28655
4.28872
4.29263
4.30779
4.26088
4.20352
4.19293
4.20453
4.1928
4.16439
4.15434
4.16115
4.15236
4.12295
4.10935
4.09337
4.06591
4.03445
4.0221
4.00217
3.97387
3.95133
3.93087
3.9087
3.89736
3.89066
3.87444
3.86093
3.84909
3.83595
3.81655
3.78935
3.75833
3.7367
3.72806
3.72517
3.72085
3.71344
3.70766
3.69512
3.6767
3.64798
3.63638
3.66774
3.7493
3.8305
3.90916
3.97912
3.99421
3.9931
3.9782
3.94121
3.88801
3.83424
3.81255
3.80467
3.803
3.80414
3.79597
3.77533
3.74488
3.70308
3.65315
3.61833
3.59827
3.58695
3.57371
3.54471
3.49611
3.44812
3.42584
3.42206
3.43275
3.47652
3.49782
3.48865
3.46527
3.41513
3.33355
3.29289
3.27977
3.27435
3.26188
3.23819
3.20335
3.1671
3.14962
3.14707
3.16812
3.22859
3.25862
3.24741
3.22158
3.16771
3.04867
2.94374
2.91236
2.9036
2.90481
2.93745
3.0269
3.08627
3.08148
3.05469
2.99679
2.876
2.78481
2.76106
2.7551
2.75946
2.79741
2.85345
2.86464
2.85612
2.84176
2.81489
2.77286
2.73466
2.72423
2.72606
2.72504
2.71101
2.67364
2.60338
2.54223
2.52162
2.51384
2.51172
2.52586
2.58193
2.65251
2.66614
2.65406
2.6124
2.51211
2.4223
2.50694
3.12274
4.57344
6.07196
6.99765
7.18913
7.16139
7.03772
6.83069
6.64494
6.58169
6.56905
6.61349
6.67392
6.65425
6.61156
6.53266
6.40014
6.28496
1
1
1
1
1
1
1
1
1
1
1
1
1
1
1
1
1
1
1
1
1
1
1
1
1
1
1
1
1
1
1
1
1
1
1
1
1
1
1
1
1
1
1
1
1
1
1
1
1
1
1
1
1
1
1
1
1
1
1
1
1
1
1
1
1
1
1
1
1.00008
1.00577
1.10309
1.56184
2.70784
4.14929
4.2876
4.24624
4.29749
4.3458
4.2936
4.22684
4.2178
4.24023
4.24771
4.20515
4.17997
4.17911
4.18382
4.14824
4.12561
4.11393
4.09262
4.05627
4.03632
4.02536
3.99938
3.97346
3.9534
3.93177
3.91658
3.91555
3.90486
3.88766
3.87502
3.86039
3.84021
3.81528
3.78443
3.76263
3.75497
3.75195
3.74844
3.74098
3.72902
3.71446
3.69105
3.64896
3.61983
3.61894
3.63399
3.69804
3.78235
3.87521
3.96197
3.9872
3.99197
3.97782
3.93799
3.89474
3.87567
3.86632
3.8573
3.8453
3.82834
3.80492
3.77567
3.73692
3.69246
3.65558
3.6354
3.6273
3.61607
3.58585
3.53691
3.49057
3.46866
3.46462
3.47526
3.51623
3.53435
3.52479
3.50284
3.45528
3.36863
3.31952
3.30544
3.29943
3.28698
3.26632
3.23746
3.20534
3.18802
3.18663
3.21022
3.26821
3.2892
3.27459
3.24653
3.18663
3.06489
2.97142
2.94303
2.93539
2.93798
2.97593
3.06834
3.12389
3.11725
3.08816
3.02576
2.89938
2.80989
2.7874
2.78185
2.78642
2.82484
2.88025
2.89065
2.8813
2.86738
2.8434
2.80733
2.77229
2.7622
2.7629
2.75916
2.7396
2.6933
2.61217
2.55567
2.5382
2.53177
2.53079
2.54923
2.61333
2.68789
2.69984
2.68547
2.64481
2.52502
2.47735
2.73299
3.75637
5.39239
6.57361
7.1912
7.28576
7.2447
7.10695
6.88522
6.70598
6.64844
6.6322
6.67265
6.73695
6.72077
6.67904
6.60114
6.4715
6.35253
6.30238
1
1
1
1
1
1
1
1
1
1
1
1
1
1
1
1
1
1
1
1
1
1
1
1
1
1
1
1
1
1
1
1
1
1
1
1
1
1
1
1
1
1
1
1
1
1
1
1
1
1
1
1
1
1
1
1
1
1
1
1
1
1
1
1
1
1
1
1
1
1.00004
1.00204
1.03898
1.36678
2.70022
3.90445
4.11126
4.28289
4.35661
4.27848
4.24026
4.26525
4.2859
4.23493
4.20272
4.19269
4.20895
4.179
4.14121
4.128
4.11753
4.08894
4.05516
4.04377
4.02687
3.99703
3.97735
3.9582
3.93867
3.9356
3.93443
3.91768
3.90182
3.88568
3.86235
3.8383
3.81125
3.79026
3.77983
3.77612
3.77104
3.76404
3.75376
3.73682
3.7153
3.67529
3.62593
3.61287
3.61349
3.62304
3.6588
3.73072
3.82001
3.92593
3.97308
3.9826
3.96654
3.93775
3.92722
3.92242
3.90817
3.88934
3.86405
3.83554
3.80665
3.77326
3.73393
3.69702
3.67894
3.67177
3.65924
3.62571
3.57569
3.53142
3.51091
3.50694
3.51824
3.55674
3.57112
3.5609
3.53971
3.4953
3.40648
3.34566
3.32944
3.32315
3.3117
3.29393
3.26993
3.24234
3.22783
3.22771
3.25596
3.30804
3.31998
3.30205
3.27112
3.20362
3.08092
3.00002
2.97482
2.96825
2.97288
3.01753
3.11226
3.15977
3.15117
3.12136
3.05523
2.92384
2.83568
2.81382
2.80887
2.81367
2.85226
2.90687
2.91627
2.90596
2.89227
2.87083
2.8406
2.80969
2.80021
2.79953
2.79241
2.76679
2.70931
2.62028
2.57146
2.55672
2.55147
2.55163
2.57501
2.6477
2.72235
2.73372
2.71586
2.6763
2.55175
2.59374
3.1442
4.58435
6.04222
6.98022
7.37294
7.3942
7.33094
7.16922
6.94523
6.76611
6.70578
6.69005
6.73468
6.80742
6.79442
6.7519
6.67108
6.54006
6.4232
6.37422
6.35703
1
1
1
1
1
1
1
1
1
1
1
1
1
1
1
1
1
1
1
1
1
1
1
1
1
1
1
1
1
1
1
1
1
1
1
1
1
1
1
1
1
1
1
1
1
1
1
1
1
1
1
1
1
1
1
1
1
1
1
1
1
1
1
1
1
1
1
1
1
1
1.00001
1.0006
1.02185
1.31141
2.56676
3.62783
4.11454
4.31262
4.30195
4.29689
4.29816
4.2565
4.22535
4.21196
4.23526
4.2122
4.16234
4.13656
4.13708
4.11797
4.08458
4.06419
4.05742
4.02937
4.00172
3.9885
3.97171
3.95959
3.95894
3.95074
3.92982
3.91115
3.88641
3.85834
3.83524
3.81682
3.80452
3.79867
3.79269
3.78394
3.77368
3.75997
3.73941
3.70633
3.65814
3.62284
3.61508
3.61264
3.61801
3.63916
3.69149
3.75711
3.85448
3.93533
3.95665
3.95273
3.95165
3.95468
3.94705
3.92787
3.90126
3.87117
3.84135
3.81085
3.77568
3.74147
3.7261
3.71903
3.70186
3.66368
3.61214
3.57101
3.55234
3.54888
3.56152
3.59755
3.60746
3.59651
3.57571
3.53375
3.44557
3.37233
3.35275
3.34543
3.33467
3.31951
3.29935
3.27793
3.26773
3.27046
3.30493
3.34785
3.34991
3.32933
3.29493
3.21882
3.09914
3.02948
3.00768
3.00243
3.00997
3.06244
3.15767
3.19555
3.18371
3.15227
3.08143
2.94772
2.86353
2.84128
2.83581
2.83991
2.87789
2.93282
2.94209
2.93121
2.9173
2.8984
2.87315
2.84631
2.83815
2.8362
2.82539
2.79251
2.72062
2.62927
2.58963
2.57733
2.57272
2.57483
2.60449
2.68653
2.75788
2.76511
2.74841
2.70395
2.60587
2.81647
3.79992
5.4072
6.55433
7.22245
7.50275
7.49963
7.41685
7.23752
6.98686
6.81914
6.76905
6.75441
6.80418
6.88257
6.87192
6.82819
6.74264
6.60787
6.49222
6.4441
6.42744
6.45386
1
1
1
1
1
1
1
1
1
1
1
1
1
1
1
1
1
1
1
1
1
1
1
1
1
1
1
1
1
1
1
1
1
1
1
1
1
1
1
1
1
1
1
1
1
1
1
1
1
1
1
1
1
1
1
1
1
1
1
1
1
1
1
1
1
1
1
1
1
1
1
1
1.00034
1.01656
1.30047
2.34771
3.35278
4.11632
4.34472
4.30738
4.24169
4.24264
4.24887
4.26728
4.25047
4.1884
4.14911
4.15198
4.14083
4.11035
4.08848
4.08591
4.07317
4.03768
4.02
4.01108
3.9944
3.98295
3.97947
3.96172
3.93708
3.91341
3.88211
3.8567
3.84151
3.82714
3.81872
3.81339
3.80467
3.79271
3.78022
3.76246
3.73264
3.69173
3.65277
3.63489
3.62723
3.62201
3.62379
3.63761
3.66701
3.70334
3.76668
3.86208
3.91312
3.93823
3.95518
3.95772
3.94904
3.93102
3.90767
3.88024
3.85078
3.81878
3.78931
3.77653
3.7665
3.74155
3.6988
3.64659
3.60908
3.59313
3.59015
3.6046
3.63759
3.64294
3.63122
3.60975
3.56983
3.48314
3.39856
3.37476
3.36709
3.35668
3.34298
3.32702
3.31307
3.30683
3.31678
3.3564
3.38537
3.37904
3.35618
3.31708
3.23283
3.11871
3.06177
3.04182
3.03798
3.04921
3.10956
3.20211
3.22957
3.21478
3.18195
3.10619
2.96904
2.89118
2.87115
2.86494
2.86624
2.9002
2.95549
2.96604
2.95574
2.94266
2.9264
2.90483
2.8832
2.87676
2.8736
2.85782
2.81567
2.72842
2.64024
2.60989
2.59926
2.59523
2.60032
2.63884
2.72779
2.79527
2.7962
2.78305
2.70536
2.72634
3.23246
4.69027
6.07807
6.94189
7.45477
7.63334
7.6137
7.50061
7.30183
7.03017
6.86504
6.81952
6.81145
6.87919
6.96855
6.95747
6.90723
6.81104
6.67039
6.56036
6.51515
6.49828
6.52276
6.58245
1
1
1
1
1
1
1
1
1
1
1
1
1
1
1
1
1
1
1
1
1
1
1
1
1
1
1
1
1
1
1
1
1
1
1
1
1
1
1
1
1
1
1
1
1
1
1
1
1
1
1
1
1
1
1
1
1
1
1
1
1
1
1
1
1
1
1
1
1
1
1
1
1
1.00028
1.01551
1.21865
1.87124
3.08815
4.23573
4.25167
4.21572
4.26189
4.29743
4.30345
4.21675
4.16532
4.16878
4.16823
4.13288
4.11157
4.10818
4.11398
4.08448
4.05683
4.04874
4.0359
4.01325
4.00263
3.99443
3.96705
3.94091
3.91431
3.88047
3.86387
3.8519
3.83891
3.83203
3.82408
3.81232
3.80051
3.78419
3.75765
3.72013
3.6852
3.66265
3.65533
3.64704
3.64152
3.64006
3.64213
3.65184
3.66914
3.70004
3.76998
3.85374
3.90972
3.94524
3.951
3.94352
3.93134
3.91715
3.89611
3.86983
3.84496
3.83062
3.81421
3.77992
3.73228
3.67991
3.64599
3.633
3.63062
3.64717
3.67579
3.67657
3.66378
3.64155
3.60299
3.51791
3.42402
3.39548
3.38713
3.37794
3.36626
3.35498
3.34756
3.34823
3.37101
3.40751
3.41984
3.40734
3.38184
3.33621
3.24414
3.14143
3.09524
3.07795
3.07514
3.09088
3.15883
3.24304
3.26103
3.24397
3.21076
3.1306
2.99091
2.91626
2.89808
2.89321
2.89578
2.9268
2.97592
2.98668
2.97829
2.96713
2.95379
2.93721
2.9222
2.91716
2.91224
2.8902
2.8366
2.73437
2.65513
2.63126
2.62194
2.61888
2.62758
2.67799
2.77389
2.8304
2.82656
2.82
2.76466
2.97537
3.91015
5.57623
6.61267
7.19245
7.60065
7.73763
7.70211
7.5824
7.36057
7.05803
6.91392
6.87605
6.874
6.96236
7.06625
7.05395
6.9934
6.87774
6.72426
6.62373
6.58279
6.56648
6.58986
6.64206
6.63596
1
1
1
1
1
1
1
1
1
1
1
1
1
1
1
1
1
1
1
1
1
1
1
1
1
1
1
1
1
1
1
1
1
1
1
1
1
1
1
1
1
1
1
1
1
1
1
1
1
1
1
1
1
1
1
1
1
1
1
1
1
1
1
1
1
1
1
1
1
1
1
1
1
1
1.00018
1.00694
1.0883
1.58474
3.08714
3.97828
4.12903
4.25631
4.32409
4.27649
4.19526
4.19235
4.20921
4.16833
4.13692
4.12802
4.14448
4.12334
4.09181
4.08316
4.07603
4.05026
4.02546
4.01896
4.0016
3.96726
3.94314
3.91581
3.8863
3.87628
3.86307
3.8518
3.8426
3.8316
3.82031
3.80639
3.78325
3.74711
3.71467
3.6928
3.68575
3.68054
3.67162
3.66406
3.65564
3.6469
3.6451
3.64642
3.6539
3.69099
3.7718
3.85938
3.91519
3.93154
3.93111
3.93523
3.93632
3.92337
3.9039
3.88489
3.86016
3.82049
3.76773
3.71312
3.6822
3.67136
3.66965
3.68807
3.71122
3.70784
3.69388
3.67113
3.63237
3.54781
3.44996
3.41693
3.40711
3.39898
3.39043
3.38422
3.3834
3.39752
3.42947
3.45515
3.45264
3.43525
3.40508
3.35037
3.25369
3.16696
3.12932
3.11496
3.11359
3.1352
3.20841
3.28097
3.28911
3.27038
3.23693
3.15338
3.01303
2.94148
2.92357
2.91854
2.92005
2.95007
3.00002
3.00852
2.99938
2.9909
2.9814
2.97161
2.96394
2.9602
2.95193
2.92243
2.855
2.74162
2.6737
2.65346
2.64555
2.64363
2.65825
2.71969
2.82001
2.86297
2.86294
2.81647
2.8742
3.40089
4.86883
6.27481
6.99302
7.42293
7.75527
7.84009
7.77939
7.65413
7.41509
7.10221
6.96234
6.92674
6.93833
7.05412
7.1685
7.15185
7.08008
6.94803
6.78054
6.68363
6.64534
6.6309
6.65918
6.70825
6.69487
6.65036
1
1
1
1
1
1
1
1
1
1
1
1
1
1
1
1
1
1
1
1
1
1
1
1
1
1
1
1
1
1
1
1
1
1
1
1
1
1
1
1
1
1
1
1
1
1
1
1
1
1
1
1
1
1
1
1
1
1
1
1
1
1
1
1
1
1
1
1
1
1
1
1
1
1
1
1.00004
1.00193
1.04706
1.50416
2.93359
3.77906
4.14405
4.28931
4.26452
4.23501
4.2348
4.20085
4.16781
4.1562
4.17461
4.15775
4.11935
4.10276
4.10671
4.08391
4.05032
4.03591
4.02949
3.99836
3.96773
3.94641
3.91852
3.89613
3.88872
3.87607
3.86349
3.85182
3.84064
3.828
3.80994
3.77672
3.74227
3.72205
3.71471
3.71018
3.70394
3.69644
3.68339
3.66621
3.64923
3.63804
3.62913
3.62187
3.63682
3.69216
3.78027
3.84592
3.89399
3.92912
3.954
3.95874
3.94919
3.92991
3.90116
3.86217
3.80686
3.74897
3.71841
3.70867
3.70772
3.72638
3.7434
3.73624
3.72136
3.69824
3.65861
3.57311
3.47593
3.44055
3.42897
3.42156
3.4158
3.41552
3.42721
3.45563
3.48795
3.49661
3.48587
3.4621
3.42528
3.35897
3.2624
3.1944
3.16382
3.15252
3.15302
3.18139
3.25814
3.31551
3.31578
3.29554
3.25949
3.17092
3.03388
2.96829
2.94987
2.94376
2.9432
2.96773
3.02064
3.03383
3.0244
3.01682
3.01164
3.00841
3.00735
3.00347
2.99004
2.95376
2.8715
2.75218
2.69497
2.67753
2.67093
2.66991
2.69203
2.76654
2.86667
2.89175
2.89475
2.88269
3.12297
4.08545
5.85158
6.79585
7.25147
7.58434
7.8847
7.9376
7.86105
7.72321
7.44843
7.13744
7.02703
6.99664
7.02227
7.16379
7.27336
7.24511
7.15902
7.00278
6.82701
6.74623
6.71123
6.698
6.73034
6.77547
6.75758
6.71072
6.63243
1
1
1
1
1
1
1
1
1
1
1
1
1
1
1
1
1
1
1
1
1
1
1
1
1
1
1
1
1
1
1
1
1
1
1
1
1
1
1
1
1
1
1
1
1
1
1
1
1
1
1
1
1
1
1
1
1
1
1
1
1
1
1
1
1
1
1
1
1
1
1
1
1
1
1
1
1.00001
1.00101
1.03679
1.5
2.6939
3.58025
4.16893
4.29259
4.25303
4.19124
4.18977
4.19885
4.20837
4.19863
4.14673
4.11518
4.12456
4.11333
4.0757
4.05064
4.04615
4.02943
3.99439
3.97206
3.95298
3.92472
3.90915
3.90299
3.8898
3.87432
3.86409
3.85015
3.83402
3.80929
3.77421
3.75164
3.74455
3.7367
3.7298
3.72462
3.71422
3.69406
3.67139
3.65169
3.634
3.61503
3.6055
3.61106
3.63966
3.70693
3.78483
3.86248
3.93274
3.96268
3.96331
3.9551
3.9333
3.89909
3.84468
3.78523
3.75577
3.74572
3.74508
3.76314
3.774
3.76392
3.74713
3.72326
3.68234
3.59574
3.50195
3.46617
3.45399
3.44726
3.44419
3.45312
3.48081
3.51939
3.54038
3.53549
3.51747
3.48777
3.44205
3.36312
3.27359
3.22328
3.19845
3.19015
3.19353
3.23057
3.30723
3.34818
3.34239
3.31994
3.27926
3.18242
3.05168
2.99493
2.97777
2.9712
2.96864
2.98609
3.03861
3.06223
3.05476
3.04819
3.04605
3.04869
3.05006
3.04349
3.0241
2.98194
2.88616
2.76652
2.71874
2.70325
2.69779
2.69931
2.7296
2.81636
2.90572
2.92856
2.89834
2.97641
3.5632
5.05041
6.61822
7.16619
7.44563
7.74572
8.00572
8.01976
7.93927
7.79343
7.49272
7.18698
7.09019
7.06381
7.11421
7.28199
7.3723
7.33329
7.23759
7.06213
6.87991
6.80355
6.77034
6.76542
6.81281
6.85007
6.82241
6.76944
6.67984
6.54004
1
1
1
1
1
1
1
1
1
1
1
1
1
1
1
1
1
1
1
1
1
1
1
1
1
1
1
1
1
1
1
1
1
1
1
1
1
1
1
1
1
1
1
1
1
1
1
1
1
1
1
1
1
1
1
1
1
1
1
1
1
1
1
1
1
1
1
1
1
1
1
1
1
1
1
1
1
1.00001
1.00085
1.03556
1.36933
2.17296
3.40975
4.25449
4.2087
4.17852
4.22216
4.23712
4.24979
4.17416
4.13087
4.13563
4.13638
4.09985
4.07143
4.05942
4.05644
4.02662
3.99731
3.98188
3.96239
3.9382
3.92907
3.92221
3.90406
3.89089
3.87825
3.85657
3.83697
3.81077
3.78354
3.77455
3.76588
3.75405
3.74579
3.73716
3.72174
3.70057
3.67671
3.6554
3.63034
3.60475
3.59993
3.60436
3.62577
3.68077
3.7514
3.83259
3.92007
3.95295
3.95439
3.94915
3.92662
3.87567
3.81617
3.79048
3.78132
3.7819
3.79959
3.80456
3.79243
3.7733
3.74722
3.70401
3.61818
3.53025
3.49453
3.48254
3.47669
3.47838
3.50046
3.54359
3.57916
3.58329
3.57111
3.5467
3.51209
3.45439
3.36612
3.29044
3.25344
3.23321
3.22754
3.23532
3.28301
3.35505
3.37961
3.36927
3.3447
3.2972
3.1904
3.06819
3.02076
3.00506
2.99916
2.99825
3.01514
3.0619
3.09296
3.08974
3.08504
3.08559
3.09012
3.08841
3.07747
3.05352
3.00655
2.89951
2.7845
2.74442
2.7307
2.72595
2.73136
2.77205
2.87171
2.9414
2.96047
2.96665
3.2072
4.25362
6.10876
7.10864
7.4136
7.59072
7.89468
8.12061
8.10587
8.01922
7.85072
7.52343
7.24462
7.17029
7.15037
7.22173
7.40094
7.46415
7.41341
7.30485
7.10859
6.93546
6.87198
6.84164
6.84408
6.89801
6.92172
6.88755
6.82989
6.73459
6.5976
6.48325
1
1
1
1
1
1
1
1
1
1
1
1
1
1
1
1
1
1
1
1
1
1
1
1
1
1
1
1
1
1
1
1
1
1
1
1
1
1
1
1
1
1
1
1
1
1
1
1
1
1
1
1
1
1
1
1
1
1
1
1
1
1
1
1
1
1
1
1
1
1
1
1
1
1
1
1
1
1
1.00001
1.00057
1.0168
1.16472
1.85349
3.44026
3.9997
4.11528
4.21633
4.28056
4.23232
4.15769
4.1529
4.16322
4.12441
4.09277
4.07781
4.08729
4.06639
4.03127
4.01266
3.99901
3.97788
3.96504
3.95937
3.94654
3.9262
3.90941
3.88561
3.85788
3.84095
3.81743
3.804
3.79487
3.78122
3.76814
3.75546
3.74427
3.72778
3.70641
3.68317
3.6581
3.62574
3.60499
3.60276
3.60905
3.62885
3.67055
3.72439
3.79332
3.88658
3.92835
3.93481
3.92897
3.89154
3.83662
3.81673
3.81126
3.81768
3.83633
3.83553
3.82171
3.80046
3.772
3.72557
3.64151
3.56236
3.52692
3.51518
3.51117
3.52071
3.55795
3.6068
3.626
3.61931
3.60146
3.5745
3.53438
3.4633
3.37264
3.31398
3.28465
3.26844
3.26482
3.28009
3.33794
3.39876
3.40942
3.39575
3.36905
3.31326
3.19704
3.08725
3.04834
3.03309
3.02733
3.0285
3.05356
3.10283
3.13037
3.12844
3.12525
3.12681
3.1272
3.12029
3.10486
3.0798
3.02767
2.9132
2.80551
2.77098
2.75927
2.75584
2.76608
2.81991
2.92136
2.98731
2.9717
3.04781
3.65486
5.1791
6.97059
7.42849
7.60888
7.73517
8.03217
8.22279
8.19241
8.10464
7.9063
7.558
7.30804
7.24419
7.23459
7.33455
7.51789
7.5507
7.49052
7.36868
7.15836
6.99549
6.93674
6.91209
6.92985
6.98743
6.98895
6.94704
6.88215
6.77732
6.64652
6.55066
6.49798
1
1
1
1
1
1
1
1
1
1
1
1
1
1
1
1
1
1
1
1
1
1
1
1
1
1
1
1
1
1
1
1
1
1
1
1
1
1
1
1
1
1
1
1
1
1
1
1
1
1
1
1
1
1
1
1
1
1
1
1
1
1
1
1
1
1
1
1
1
1
1
1
1
1
1
1
1
1
1
1
1.00013
1.00521
1.09293
1.77552
3.2414
3.85886
4.1444
4.25599
4.2222
4.1888
4.18401
4.14886
4.11566
4.10105
4.11753
4.10252
4.06781
4.04508
4.04459
4.02585
4.00393
3.99657
3.99234
3.9663
3.94098
3.91871
3.89068
3.86445
3.85139
3.83467
3.82184
3.80822
3.79132
3.77518
3.76319
3.75101
3.73412
3.71351
3.68927
3.6582
3.63201
3.62372
3.62389
3.63125
3.64225
3.6606
3.69589
3.74428
3.8237
3.87058
3.88484
3.87328
3.83794
3.82961
3.83101
3.84931
3.87181
3.86657
3.8502
3.82736
3.79777
3.74854
3.66723
3.59753
3.56382
3.55318
3.55154
3.57136
3.62029
3.65901
3.66111
3.64876
3.62801
3.60022
3.553
3.47054
3.38664
3.3422
3.31665
3.30504
3.30394
3.32954
3.39286
3.43661
3.43626
3.42081
3.39226
3.32796
3.20561
3.10998
3.07743
3.06382
3.0592
3.0656
3.10201
3.15714
3.17756
3.17077
3.16479
3.16216
3.15637
3.14513
3.12779
3.10257
3.04601
2.92778
2.82969
2.79918
2.78861
2.78725
2.80331
2.87346
2.96854
3.02176
3.03412
3.25404
4.36219
6.26133
7.5203
7.65794
7.7331
7.87265
8.1787
8.32204
8.27501
8.17982
7.95612
7.5961
7.3824
7.33084
7.33129
7.45502
7.62885
7.63529
7.56811
7.42976
7.20852
7.06454
7.01445
6.99537
7.02676
7.0732
7.0525
7.00371
6.93059
6.82021
6.70395
6.61842
6.57091
6.55041
1
1
1
1
1
1
1
1
1
1
1
1
1
1
1
1
1
1
1
1
1
1
1
1
1
1
1
1
1
1
1
1
1
1
1
1
1
1
1
1
1
1
1
1
1
1
1
1
1
1
1
1
1
1
1
1
1
1
1
1
1
1
1
1
1
1
1
1
1
1
1
1
1
1
1
1
1
1
1
1
1
1.00004
1.00276
1.07663
1.75266
2.96533
3.72645
4.1784
4.25025
4.20597
4.14837
4.13751
4.14336
4.15582
4.13675
4.0906
4.07345
4.08364
4.07313
4.04015
4.02499
4.02198
4.00112
3.96833
3.94542
3.92446
3.8954
3.87673
3.86824
3.8511
3.83467
3.8168
3.79557
3.78343
3.77318
3.75815
3.74102
3.72077
3.69302
3.66988
3.66137
3.65841
3.65577
3.648
3.64182
3.6474
3.66745
3.69194
3.735
3.78077
3.8058
3.80544
3.81829
3.8356
3.86776
3.899
3.89428
3.87596
3.8525
3.82325
3.77264
3.69484
3.63544
3.60473
3.59534
3.59797
3.62884
3.67826
3.69752
3.68966
3.67344
3.65214
3.62261
3.56716
3.47937
3.40767
3.37246
3.35168
3.3436
3.34692
3.38456
3.44491
3.46796
3.46101
3.44389
3.41307
3.34125
3.21765
3.13638
3.10722
3.0959
3.09352
3.10996
3.16268
3.21731
3.22682
3.21346
3.19717
3.18805
3.17872
3.16569
3.14853
3.12304
3.06276
2.94481
2.85603
2.82776
2.81921
2.8197
2.8442
2.9243
3.02804
3.04133
3.11061
3.67942
5.27447
7.2362
7.82477
7.84204
7.85112
8.00392
8.31287
8.41972
8.36354
8.2501
7.99328
7.63604
7.46187
7.41831
7.43408
7.58109
7.73338
7.71837
7.64476
7.49217
7.26767
7.13933
7.09411
7.08251
7.12406
7.14973
7.11397
7.05825
6.975
6.8629
6.76411
6.69322
6.65507
6.6376
6.64256
1
1
1
1
1
1
1
1
1
1
1
1
1
1
1
1
1
1
1
1
1
1
1
1
1
1
1
1
1
1
1
1
1
1
1
1
1
1
1
1
1
1
1
1
1
1
1
1
1
1
1
1
1
1
1
1
1
1
1
1
1
1
1
1
1
1
1
1
1
1
1
1
1
1
1
1
1
1
1
1
1
1
1.00002
1.00233
1.07225
1.55041
2.45355
3.65712
4.24427
4.16911
4.14038
4.17596
4.19503
4.19004
4.11304
4.09229
4.10399
4.10527
4.07003
4.04773
4.04078
4.03306
3.99751
3.96933
3.95045
3.92938
3.90346
3.8946
3.88438
3.86277
3.84417
3.82128
3.805
3.79907
3.78577
3.76807
3.75109
3.7292
3.70908
3.70284
3.69905
3.68672
3.66773
3.64876
3.63768
3.63557
3.64157
3.64737
3.66204
3.70191
3.7398
3.77548
3.81509
3.86332
3.90687
3.90973
3.89607
3.87471
3.84688
3.79646
3.72404
3.67425
3.64801
3.64035
3.64917
3.68853
3.72566
3.72732
3.71489
3.69628
3.67404
3.64084
3.57806
3.49075
3.43272
3.40443
3.38853
3.3831
3.39549
3.44398
3.49013
3.49527
3.48469
3.46561
3.43147
3.35206
3.2329
3.16484
3.13903
3.12976
3.13025
3.1583
3.22487
3.27029
3.26961
3.2482
3.22162
3.20773
3.19717
3.1843
3.1676
3.14148
3.07957
2.96499
2.88462
2.85784
2.85148
2.8535
2.88864
2.97274
3.06872
3.09394
3.29042
4.39355
6.34092
7.90597
7.99223
7.97412
7.97157
8.15718
8.4527
8.51282
8.4491
8.31936
8.02735
7.67947
7.54322
7.50766
7.54463
7.71173
7.83435
7.79951
7.71543
7.54648
7.32789
7.21982
7.17905
7.17573
7.21933
7.22149
7.17611
7.11199
7.01908
6.91541
6.83026
6.77167
6.7405
6.72795
6.72474
6.70268
1
1
1
1
1
1
1
1
1
1
1
1
1
1
1
1
1
1
1
1
1
1
1
1
1
1
1
1
1
1
1
1
1
1
1
1
1
1
1
1
1
1
1
1
1
1
1
1
1
1
1
1
1
1
1
1
1
1
1
1
1
1
1
1
1
1
1
1
1
1
1
1
1
1
1
1
1
1
1
1
1
1
1
1.00002
1.00159
1.03514
1.27238
2.161
3.69978
4.00876
4.08474
4.17753
4.23878
4.17324
4.11478
4.12223
4.13927
4.0993
4.06677
4.05636
4.06225
4.03296
3.99719
3.97443
3.95834
3.93561
3.92021
3.9145
3.89797
3.87602
3.85376
3.82908
3.82508
3.81981
3.80162
3.78251
3.76683
3.74939
3.74082
3.735
3.7179
3.69421
3.66902
3.65024
3.63476
3.626
3.62279
3.61495
3.62628
3.66258
3.71006
3.76287
3.82768
3.89302
3.90827
3.905
3.89156
3.86604
3.81698
3.75199
3.7113
3.69085
3.68588
3.70315
3.74394
3.76218
3.75414
3.73818
3.71825
3.6943
3.65614
3.58674
3.50607
3.46092
3.43694
3.42598
3.42489
3.45019
3.50126
3.52726
3.52172
3.50771
3.4864
3.44752
3.36095
3.25049
3.19534
3.17269
3.16537
3.17037
3.21106
3.28229
3.31311
3.30569
3.2805
3.24696
3.22566
3.21383
3.20093
3.18465
3.15846
3.09612
2.98834
2.91616
2.89036
2.88503
2.88957
2.93231
3.03468
3.09764
3.16911
3.67024
5.31944
7.38991
8.27599
8.14055
8.08809
8.08523
8.31056
8.58887
8.60848
8.53344
8.38318
8.0639
7.73622
7.62468
7.59442
7.65493
7.83643
7.92588
7.87904
7.78615
7.60347
7.39192
7.2966
7.26059
7.26733
7.30793
7.29171
7.24067
7.16732
7.06822
6.97411
6.90249
6.85776
6.83212
6.82018
6.8006
6.76879
6.725
1
1
1
1
1
1
1
1
1
1
1
1
1
1
1
1
1
1
1
1
1
1
1
1
1
1
1
1
1
1
1
1
1
1
1
1
1
1
1
1
1
1
1
1
1
1
1
1
1
1
1
1
1
1
1
1
1
1
1
1
1
1
1
1
1
1
1
1
1
1
1
1
1
1
1
1
1
1
1
1
1
1
1
1
1.00001
1.00041
1.01223
1.16729
2.07168
3.45167
3.89618
4.13168
4.22138
4.1699
4.1474
4.1608
4.12808
4.0879
4.07365
4.08992
4.07095
4.03
3.99976
3.98818
3.97092
3.95137
3.94349
3.93629
3.91392
3.89504
3.86867
3.84975
3.8526
3.84116
3.81671
3.8008
3.78726
3.77546
3.76357
3.74619
3.72276
3.69604
3.67178
3.65367
3.63509
3.61977
3.60776
3.60385
3.61788
3.64951
3.69478
3.75692
3.84373
3.88909
3.89735
3.89551
3.87611
3.82967
3.77489
3.74424
3.72998
3.72959
3.75594
3.7894
3.79072
3.77845
3.76052
3.73993
3.71381
3.66978
3.59651
3.52691
3.49039
3.47091
3.46372
3.46958
3.50693
3.55127
3.55767
3.54698
3.5298
3.50607
3.46128
3.36951
3.27173
3.2277
3.20794
3.20293
3.21472
3.26717
3.3322
3.34656
3.33439
3.31031
3.27674
3.24645
3.23033
3.21686
3.20053
3.17371
3.11252
3.01376
2.94915
2.92516
2.92059
2.9286
2.97444
3.08631
3.14072
3.3216
4.35209
6.37266
8.17501
8.44102
8.27032
8.20119
8.22275
8.47044
8.71315
8.70131
8.61981
8.44631
8.10456
7.80558
7.71353
7.68907
7.76806
7.9496
8.00575
7.95091
7.84907
7.65527
7.4596
7.37843
7.34658
7.36019
7.39197
7.36249
7.30485
7.22031
7.12079
7.03803
6.98207
6.948
6.92936
6.909
6.87732
6.83506
6.77626
6.71027
1
1
1
1
1
1
1
1
1
1
1
1
1
1
1
1
1
1
1
1
1
1
1
1
1
1
1
1
1
1
1
1
1
1
1
1
1
1
1
1
1
1
1
1
1
1
1
1
1
1
1
1
1
1
1
1
1
1
1
1
1
1
1
1
1
1
1
1
1
1
1
1
1
1
1
1
1
1
1
1
1
1
1
1
1
1
1.00013
1.0066
1.13688
1.99802
3.17209
3.82049
4.16222
4.20773
4.17633
4.13005
4.10539
4.10252
4.11777
4.10774
4.05899
4.02561
4.02228
4.01204
3.98885
3.97904
3.97748
3.95893
3.93674
3.92112
3.89684
3.87867
3.87293
3.85547
3.83265
3.816
3.8017
3.78553
3.7709
3.75
3.72462
3.6987
3.6773
3.65943
3.63927
3.61706
3.60437
3.60485
3.61715
3.64343
3.68792
3.75841
3.83399
3.86283
3.87371
3.86793
3.82967
3.78921
3.77003
3.76217
3.76842
3.80152
3.82235
3.81482
3.79987
3.78195
3.76124
3.73228
3.68242
3.6101
3.55252
3.52177
3.5067
3.50277
3.51784
3.56175
3.58991
3.58484
3.57028
3.5508
3.5245
3.4731
3.37924
3.2971
3.26082
3.24456
3.24248
3.26294
3.32384
3.37335
3.37367
3.35794
3.33502
3.30533
3.27365
3.2502
3.2334
3.21573
3.18733
3.12719
3.04058
2.98478
2.96208
2.95784
2.97059
3.02731
3.12386
3.22006
3.65723
5.29365
7.45868
8.64933
8.53013
8.3675
8.29938
8.36933
8.64466
8.83267
8.79131
8.70235
8.50373
8.14873
7.88485
7.80754
7.79214
7.88961
8.05799
8.07807
8.01549
7.90323
7.70212
7.52617
7.45658
7.4304
7.45126
7.47099
7.43332
7.36863
7.27549
7.17637
7.10426
7.06091
7.03482
7.0195
6.99131
6.953
6.89963
6.8332
6.76572
6.69688
1
1
1
1
1
1
1
1
1
1
1
1
1
1
1
1
1
1
1
1
1
1
1
1
1
1
1
1
1
1
1
1
1
1
1
1
1
1
1
1
1
1
1
1
1
1
1
1
1
1
1
1
1
1
1
1
1
1
1
1
1
1
1
1
1
1
1
1
1
1
1
1
1
1
1
1
1
1
1
1
1
1
1
1
1
1
1
1.00008
1.00531
1.12409
1.75598
2.71066
3.7837
4.21916
4.14657
4.10701
4.14103
4.15517
4.14757
4.07987
4.05074
4.05275
4.05495
4.02915
4.01546
4.01404
4.00751
3.97858
3.96025
3.94596
3.91759
3.89483
3.88461
3.86573
3.84293
3.82374
3.8038
3.79057
3.77345
3.75037
3.72609
3.70382
3.6858
3.66841
3.64648
3.61987
3.61137
3.6159
3.62636
3.65234
3.6964
3.7508
3.79597
3.81448
3.82563
3.80928
3.79013
3.78503
3.78476
3.79965
3.83533
3.84626
3.83495
3.81912
3.80165
3.78074
3.74869
3.69404
3.62714
3.58193
3.55587
3.54492
3.54505
3.5696
3.60986
3.62095
3.61017
3.59225
3.57092
3.54117
3.48321
3.39247
3.32577
3.295
3.28315
3.28455
3.31463
3.37687
3.40674
3.39842
3.37943
3.35629
3.32983
3.3022
3.27591
3.25347
3.23148
3.19924
3.14017
3.06698
3.02099
3.00047
2.99736
3.00989
3.08819
3.16805
3.34708
4.27978
6.37205
8.3512
8.87637
8.6348
8.48173
8.41474
8.50948
8.803
8.94382
8.88652
8.78266
8.56071
8.20281
7.9714
7.9048
7.89991
8.01382
8.15802
8.14714
8.07742
7.95101
7.74532
7.59289
7.53397
7.51345
7.54031
7.54701
7.50223
7.42925
7.32825
7.23355
7.17328
7.13617
7.11645
7.09722
7.06372
7.02081
6.95836
6.88878
6.82354
6.75973
6.68875
1
1
1
1
1
1
1
1
1
1
1
1
1
1
1
1
1
1
1
1
1
1
1
1
1
1
1
1
1
1
1
1
1
1
1
1
1
1
1
1
1
1
1
1
1
1
1
1
1
1
1
1
1
1
1
1
1
1
1
1
1
1
1
1
1
1
1
1
1
1
1
1
1
1
1
1
1
1
1
1
1
1
1
1
1
1
1
1
1.00006
1.00369
1.06568
1.40556
2.40929
3.84105
4.02357
4.06501
4.14702
4.19617
4.1284
4.07661
4.08044
4.10182
4.07177
4.04582
4.04086
4.04526
4.01635
3.98898
3.96978
3.95126
3.92484
3.90708
3.89635
3.87268
3.85062
3.82876
3.80598
3.7941
3.77616
3.75208
3.73113
3.71436
3.69889
3.67927
3.65419
3.63453
3.63536
3.63997
3.64858
3.67096
3.69695
3.72375
3.73674
3.75162
3.76226
3.77102
3.78202
3.7928
3.81808
3.8556
3.86283
3.85171
3.83639
3.81946
3.79757
3.76176
3.70447
3.64724
3.61224
3.59164
3.58505
3.59149
3.62254
3.65073
3.64871
3.63417
3.61374
3.59012
3.55544
3.49241
3.41038
3.35776
3.3315
3.32372
3.32979
3.36961
3.42373
3.43554
3.42194
3.40083
3.37717
3.35324
3.3291
3.30357
3.27756
3.24982
3.21072
3.15203
3.09407
3.05732
3.03855
3.03853
3.05591
3.13219
3.24807
3.64752
5.23444
7.49524
8.93947
8.98227
8.72034
8.58545
8.54417
8.6756
8.95144
9.04031
8.9733
8.85761
8.61335
8.25907
8.06708
8.00914
8.01558
8.14208
8.25276
8.21686
8.13823
7.99371
7.78865
7.65971
7.60786
7.59327
7.62414
7.61904
7.56915
7.48877
7.38034
7.29055
7.23882
7.20704
7.19231
7.16802
7.13104
7.08197
7.01359
6.94351
6.88039
6.82535
6.76565
6.69692
1
1
1
1
1
1
1
1
1
1
1
1
1
1
1
1
1
1
1
1
1
1
1
1
1
1
1
1
1
1
1
1
1
1
1
1
1
1
1
1
1
1
1
1
1
1
1
1
1
1
1
1
1
1
1
1
1
1
1
1
1
1
1
1
1
1
1
1
1
1
1
1
1
1
1
1
1
1
1
1
1
1
1
1
1
1
1
1
1
1.00002
1.00106
1.02376
1.25117
2.30635
3.57399
3.90556
4.11448
4.18771
4.12922
4.11444
4.13593
4.10638
4.07093
4.06123
4.07432
4.05174
4.01609
3.99298
3.97815
3.95744
3.9336
3.9219
3.90692
3.87862
3.85799
3.83542
3.81361
3.79798
3.77886
3.7594
3.74519
3.73049
3.71334
3.69052
3.67521
3.66734
3.66646
3.66706
3.6698
3.67483
3.68358
3.68581
3.68134
3.7015
3.73217
3.7574
3.78068
3.81634
3.85755
3.86921
3.86336
3.85104
3.83456
3.81093
3.77086
3.71432
3.66931
3.64214
3.62763
3.62502
3.64125
3.67246
3.68382
3.67517
3.65744
3.63518
3.60874
3.56814
3.50245
3.43413
3.39269
3.37069
3.36616
3.37928
3.42475
3.46359
3.46198
3.44508
3.42259
3.3992
3.37692
3.35452
3.33107
3.30374
3.2703
3.22289
3.16597
3.12202
3.09203
3.07696
3.07553
3.11126
3.18529
3.36257
4.21123
6.34539
8.49296
9.26833
9.06175
8.82115
8.69483
8.6751
8.83947
9.09203
9.12961
9.05176
8.92797
8.66733
8.32809
8.16131
8.1083
8.12923
8.26226
8.33708
8.28821
8.20014
8.04126
7.84098
7.72847
7.68127
7.67285
7.7035
7.68755
7.63182
7.54118
7.42788
7.34772
7.30305
7.27636
7.26565
7.23768
7.19615
7.13916
7.06791
6.99831
6.94037
6.89256
6.84176
6.77433
6.7145
1
1
1
1
1
1
1
1
1
1
1
1
1
1
1
1
1
1
1
1
1
1
1
1
1
1
1
1
1
1
1
1
1
1
1
1
1
1
1
1
1
1
1
1
1
1
1
1
1
1
1
1
1
1
1
1
1
1
1
1
1
1
1
1
1
1
1
1
1
1
1
1
1
1
1
1
1
1
1
1
1
1
1
1
1
1
1
1
1
1
1
1.00032
1.01223
1.19921
2.19605
3.29745
3.8702
4.13594
4.16974
4.14632
4.10068
4.08505
4.0927
4.1032
4.08981
4.04523
4.01061
4.00415
3.99073
3.96375
3.94633
3.93784
3.91315
3.88711
3.86741
3.8485
3.82504
3.80456
3.78992
3.77699
3.76279
3.7489
3.73007
3.71579
3.70942
3.69667
3.68922
3.68447
3.67611
3.66986
3.66677
3.65483
3.65772
3.68559
3.71834
3.74952
3.79292
3.84199
3.86172
3.86504
3.85963
3.84461
3.8184
3.77525
3.72513
3.69161
3.6711
3.66281
3.66585
3.69055
3.71338
3.71182
3.69957
3.67979
3.65634
3.6264
3.58011
3.51738
3.46367
3.4291
3.41226
3.41109
3.43219
3.47645
3.49599
3.4871
3.46786
3.44477
3.42186
3.40038
3.37955
3.35792
3.33041
3.29198
3.2368
3.18359
3.1499
3.1246
3.1157
3.11341
3.15417
3.25934
3.62413
5.11016
7.51468
9.18182
9.39997
9.14429
8.93358
8.82822
8.82437
9.00543
9.22346
9.21947
9.13121
8.98933
8.71174
8.39947
8.26021
8.21212
8.24469
8.37469
8.41546
8.35577
8.25637
8.08414
7.89861
7.80467
7.76133
7.75952
7.78382
7.75541
7.69093
7.58747
7.47153
7.39823
7.35854
7.34022
7.33644
7.30805
7.26539
7.20524
7.12732
7.05397
7.00229
6.96135
6.91354
6.84263
6.77156
6.73131
1
1
1
1
1
1
1
1
1
1
1
1
1
1
1
1
1
1
1
1
1
1
1
1
1
1
1
1
1
1
1
1
1
1
1
1
1
1
1
1
1
1
1
1
1
1
1
1
1
1
1
1
1
1
1
1
1
1
1
1
1
1
1
1
1
1
1
1
1
1
1
1
1
1
1
1
1
1
1
1
1
1
1
1
1
1
1
1
1
1
1
1
1.00017
1.00922
1.18089
1.93621
2.88765
3.84191
4.18762
4.12344
4.08234
4.1189
4.12806
4.13412
4.07878
4.0246
4.0224
4.02494
3.9965
3.97397
3.96457
3.952
3.92134
3.90001
3.88378
3.86361
3.83866
3.82352
3.81259
3.79732
3.78355
3.76823
3.753
3.7445
3.72994
3.71301
3.70338
3.69077
3.67627
3.66449
3.64956
3.64465
3.65583
3.67849
3.70965
3.75253
3.80667
3.83896
3.85085
3.85516
3.84464
3.8173
3.77578
3.73705
3.71279
3.69858
3.69455
3.70664
3.733
3.74267
3.73545
3.72093
3.70098
3.67662
3.64298
3.59342
3.53876
3.4971
3.46767
3.45605
3.45824
3.48576
3.51996
3.52362
3.51036
3.4896
3.4661
3.44386
3.42335
3.40422
3.38449
3.35736
3.31522
3.25382
3.20449
3.17723
3.15683
3.14889
3.1575
3.20537
3.36055
4.11965
6.25806
8.54371
9.5822
9.50036
9.23839
9.04437
8.96224
8.97856
9.16082
9.33437
9.30387
9.21227
9.05687
8.7644
8.47244
8.35193
8.31122
8.35669
8.47795
8.48906
8.42116
8.31045
8.12828
7.95934
7.87962
7.84273
7.85152
7.86755
7.82777
7.75202
7.63417
7.51405
7.44333
7.40636
7.39399
7.40114
7.37606
7.3347
7.2766
7.19376
7.11809
7.06762
7.02391
6.9688
6.89504
6.82344
6.78021
6.75029
1
1
1
1
1
1
1
1
1
1
1
1
1
1
1
1
1
1
1
1
1
1
1
1
1
1
1
1
1
1
1
1
1
1
1
1
1
1
1
1
1
1
1
1
1
1
1
1
1
1
1
1
1
1
1
1
1
1
1
1
1
1
1
1
1
1
1
1
1
1
1
1
1
1
1
1
1
1
1
1
1
1
1
1
1
1
1
1
1
1
1
1
1
1.00013
1.00678
1.10326
1.52374
2.58733
3.91557
4.02231
4.05666
4.11651
4.16849
4.12887
4.04828
4.03889
4.05392
4.02903
4.00294
3.99289
3.99332
3.96455
3.93635
3.91721
3.9006
3.87746
3.86141
3.85166
3.83538
3.81892
3.80466
3.78371
3.77023
3.75742
3.73888
3.72508
3.71156
3.69339
3.67712
3.65617
3.64426
3.64752
3.65831
3.6793
3.7137
3.75872
3.7996
3.81896
3.83079
3.82923
3.80548
3.77324
3.74864
3.73147
3.72272
3.72407
3.74379
3.76365
3.76356
3.75426
3.73951
3.72054
3.69485
3.6571
3.60857
3.56544
3.532
3.50844
3.50161
3.50805
3.53576
3.55381
3.5482
3.53156
3.5098
3.48594
3.46475
3.44565
3.42856
3.41103
3.38449
3.34033
3.27474
3.22849
3.20304
3.18994
3.18123
3.19628
3.27142
3.5841
4.9202
7.43647
9.36037
9.73251
9.52031
9.32436
9.16774
9.0942
9.12625
9.3035
9.43249
9.38247
9.28394
9.11884
8.82246
8.55373
8.44893
8.41184
8.46525
8.57246
8.55972
8.48405
8.36003
8.17239
8.0234
7.95524
7.92496
7.94283
7.94979
7.90252
7.81858
7.68958
7.56215
7.49185
7.45507
7.44435
7.45633
7.43476
7.39725
7.34114
7.26065
7.1872
7.13783
7.08966
7.02688
6.94796
6.87156
6.82606
6.79738
6.77703
1
1
1
1
1
1
1
1
1
1
1
1
1
1
1
1
1
1
1
1
1
1
1
1
1
1
1
1
1
1
1
1
1
1
1
1
1
1
1
1
1
1
1
1
1
1
1
1
1
1
1
1
1
1
1
1
1
1
1
1
1
1
1
1
1
1
1
1
1
1
1
1
1
1
1
1
1
1
1
1
1
1
1
1
1
1
1
1
1
1
1
1
1
1
1.00005
1.00213
1.03732
1.32825
2.48632
3.64032
3.90786
4.09047
4.16884
4.11043
4.06274
4.07286
4.05269
4.02897
4.02272
4.03199
4.00831
3.97487
3.95221
3.93547
3.91549
3.89806
3.89037
3.87827
3.8539
3.8368
3.81232
3.78982
3.77931
3.76373
3.74823
3.73499
3.71806
3.69761
3.67799
3.65782
3.65461
3.66142
3.67124
3.69097
3.71878
3.75107
3.77587
3.7882
3.79688
3.78408
3.76808
3.75581
3.74561
3.74194
3.75053
3.77359
3.78367
3.78016
3.76991
3.75607
3.73755
3.70944
3.6683
3.62555
3.59329
3.56628
3.55046
3.54709
3.55814
3.5787
3.58144
3.57002
3.55101
3.52816
3.50482
3.48493
3.46773
3.4535
3.43818
3.41202
3.3664
3.2985
3.25403
3.23089
3.22025
3.21824
3.23972
3.3707
4.04585
6.11919
8.47653
9.77194
9.91134
9.71514
9.4523
9.29908
9.23485
9.26292
9.42204
9.52015
9.45822
9.35021
9.17087
8.87633
8.63687
8.54352
8.51223
8.57218
8.65989
8.62819
8.54513
8.40968
8.22273
8.08915
8.0278
8.0044
8.02853
8.02469
7.9728
7.88171
7.74588
7.61926
7.55307
7.51609
7.50651
7.51446
7.4888
7.44984
7.38671
7.30995
7.24415
7.20022
7.15517
7.09377
7.00953
6.92699
6.8787
6.84985
6.83044
6.8065
1
1
1
1
1
1
1
1
1
1
1
1
1
1
1
1
1
1
1
1
1
1
1
1
1
1
1
1
1
1
1
1
1
1
1
1
1
1
1
1
1
1
1
1
1
1
1
1
1
1
1
1
1
1
1
1
1
1
1
1
1
1
1
1
1
1
1
1
1
1
1
1
1
1
1
1
1
1
1
1
1
1
1
1
1
1
1
1
1
1
1
1
1
1
1
1.00001
1.0006
1.01865
1.25785
2.34358
3.35864
3.88327
4.12283
4.13486
4.08848
4.03773
4.04596
4.06081
4.06761
4.05147
4.00744
3.97868
3.97384
3.95831
3.93096
3.91912
3.91428
3.8883
3.86576
3.84637
3.82114
3.80074
3.78528
3.77174
3.75934
3.74272
3.72439
3.70263
3.68619
3.67823
3.68073
3.68142
3.68716
3.69615
3.71123
3.73131
3.74318
3.7523
3.75527
3.75787
3.756
3.75258
3.75489
3.77008
3.79283
3.79646
3.79187
3.78299
3.77052
3.75151
3.71944
3.67711
3.64308
3.61925
3.59965
3.59109
3.59188
3.60454
3.6127
3.60625
3.59039
3.56891
3.54499
3.52339
3.50539
3.49058
3.4795
3.46606
3.44003
3.39251
3.32423
3.27995
3.26144
3.24999
3.25406
3.30148
3.57338
4.79867
7.36967
9.5749
9.80442
9.74991
9.6807
9.57361
9.45143
9.39193
9.41687
9.53562
9.59386
9.5238
9.41192
9.22574
8.93489
8.71681
8.6324
8.60848
8.6767
8.74242
8.69595
8.60482
8.45793
8.27715
8.16007
8.10522
8.08932
8.11331
8.09479
8.0353
7.93329
7.79095
7.6756
7.61844
7.5874
7.58806
7.5909
7.55611
7.50514
7.42455
7.34347
7.2812
7.24213
7.20714
7.15445
7.07447
6.99188
6.94623
6.91822
6.89566
6.86604
6.83013
1
1
1
1
1
1
1
1
1
1
1
1
1
1
1
1
1
1
1
1
1
1
1
1
1
1
1
1
1
1
1
1
1
1
1
1
1
1
1
1
1
1
1
1
1
1
1
1
1
1
1
1
1
1
1
1
1
1
1
1
1
1
1
1
1
1
1
1
1
1
1
1
1
1
1
1
1
1
1
1
1
1
1
1
1
1
1
1
1
1
1
1
1
1
1
1
1
1.00029
1.01348
1.23219
2.05141
2.99441
3.88054
4.14685
4.07488
4.03961
4.08494
4.09403
4.10062
4.04318
3.99568
3.9992
3.99943
3.96609
3.94462
3.936
3.92217
3.89316
3.87473
3.85647
3.83332
3.81184
3.7977
3.78557
3.77005
3.75334
3.73267
3.71445
3.71294
3.71086
3.70383
3.69919
3.68935
3.68928
3.69781
3.70665
3.7121
3.72051
3.73943
3.74616
3.75096
3.76098
3.78325
3.80438
3.80596
3.80075
3.79271
3.78019
3.75877
3.72347
3.68535
3.66071
3.64318
3.63172
3.62834
3.63455
3.64262
3.64037
3.62921
3.60923
3.58575
3.56143
3.54221
3.52639
3.51527
3.50694
3.49428
3.46777
3.41851
3.35084
3.30893
3.28971
3.28447
3.29299
3.39755
4.05016
5.97951
8.46632
9.96895
10.2002
10.0771
9.78263
9.62703
9.56482
9.53277
9.56221
9.65497
9.6666
9.5807
9.46448
9.27345
8.99556
8.79863
8.71859
8.70095
8.77282
8.81732
8.76157
8.6613
8.5043
8.33287
8.23218
8.18439
8.18081
8.20151
8.16861
8.09699
7.97614
7.8258
7.72194
7.67177
7.64942
7.66573
7.6775
7.64189
7.58422
7.49017
7.38601
7.31216
7.27373
7.23976
7.19036
7.12149
7.04822
7.00904
6.98615
6.96905
6.93775
6.89479
6.82761
1
1
1
1
1
1
1
1
1
1
1
1
1
1
1
1
1
1
1
1
1
1
1
1
1
1
1
1
1
1
1
1
1
1
1
1
1
1
1
1
1
1
1
1
1
1
1
1
1
1
1
1
1
1
1
1
1
1
1
1
1
1
1
1
1
1
1
1
1
1
1
1
1
1
1
1
1
1
1
1
1
1
1
1
1
1
1
1
1
1
1
1
1
1
1
1
1
1
1.00021
1.00998
1.13495
1.61003
2.72773
3.94003
3.98289
4.02088
4.08238
4.13644
4.09594
4.02211
4.01667
4.03059
3.99908
3.97123
3.95968
3.95828
3.92975
3.90188
3.88239
3.86633
3.84449
3.82757
3.81629
3.8036
3.78862
3.77226
3.7499
3.74446
3.74269
3.72654
3.71541
3.70186
3.68471
3.68191
3.68532
3.68793
3.69129
3.71155
3.72696
3.73846
3.75817
3.78834
3.80831
3.81133
3.80793
3.79992
3.78527
3.75927
3.72264
3.69288
3.67615
3.66509
3.65998
3.66279
3.6719
3.67236
3.66536
3.65015
3.6276
3.60256
3.5789
3.56103
3.54855
3.54132
3.53509
3.5221
3.4941
3.44401
3.37688
3.3401
3.31878
3.31774
3.34919
3.61001
4.81877
7.35755
9.57802
10.1619
9.87478
9.9099
9.89998
9.80304
9.74174
9.72262
9.73745
9.77187
9.7348
9.63649
9.51249
9.31847
9.05952
8.88178
8.80557
8.79176
8.85956
8.8839
8.82016
8.71258
8.54949
8.39113
8.30345
8.26299
8.27047
8.28564
8.2434
8.16294
8.02959
7.86981
7.76428
7.7161
7.6978
7.72566
7.74578
7.71376
7.66454
7.57687
7.46059
7.36879
7.31609
7.2699
7.21444
7.1499
7.08713
7.05361
7.03699
7.0253
6.99693
6.96025
6.89289
6.79996
1
1
1
1
1
1
1
1
1
1
1
1
1
1
1
1
1
1
1
1
1
1
1
1
1
1
1
1
1
1
1
1
1
1
1
1
1
1
1
1
1
1
1
1
1
1
1
1
1
1
1
1
1
1
1
1
1
1
1
1
1
1
1
1
1
1
1
1
1
1
1
1
1
1
1
1
1
1
1
1
1
1
1
1
1
1
1
1
1
1
1
1
1
1
1
1
1
1
1
1.00009
1.0033
1.05006
1.39747
2.62635
3.64864
3.89127
4.06986
4.13804
4.07581
4.03732
4.0483
4.02533
3.99644
3.98672
3.99426
3.97143
3.93792
3.91324
3.89646
3.87958
3.86263
3.85264
3.8436
3.82763
3.81418
3.79623
3.77674
3.76862
3.75403
3.73392
3.71785
3.6975
3.68214
3.67718
3.67667
3.67686
3.68707
3.70331
3.71962
3.74717
3.78626
3.80466
3.8104
3.81104
3.80439
3.78752
3.75756
3.72336
3.70095
3.68883
3.68275
3.68209
3.6916
3.69883
3.69491
3.68627
3.66935
3.64613
3.62065
3.59798
3.58115
3.57152
3.56787
3.56234
3.54792
3.51877
3.46758
3.40532
3.36728
3.35346
3.35652
3.44986
4.11907
6.06222
8.53372
10.0541
10.3804
10.3588
9.93649
9.81923
9.82571
9.8485
9.88074
9.90185
9.86633
9.78941
9.68772
9.55472
9.35801
9.12721
8.97115
8.89939
8.89062
8.9481
8.94683
8.87333
8.75586
8.59129
8.44876
8.3712
8.3378
8.35172
8.35945
8.31217
8.22458
8.08521
7.92528
7.82289
7.77339
7.75308
7.77461
7.79421
7.7675
7.71849
7.63947
7.54271
7.45615
7.39693
7.33824
7.2678
7.18984
7.12446
7.08932
7.06901
7.05999
7.04077
7.00584
6.94011
6.84989
6.76643
1
1
1
1
1
1
1
1
1
1
1
1
1
1
1
1
1
1
1
1
1
1
1
1
1
1
1
1
1
1
1
1
1
1
1
1
1
1
1
1
1
1
1
1
1
1
1
1
1
1
1
1
1
1
1
1
1
1
1
1
1
1
1
1
1
1
1
1
1
1
1
1
1
1
1
1
1
1
1
1
1
1
1
1
1
1
1
1
1
1
1
1
1
1
1
1
1
1
1
1
1.00001
1.00094
1.02561
1.31803
2.45845
3.39534
3.88837
4.09763
4.10384
4.06044
4.01433
4.01142
4.02149
4.03097
4.0139
3.9718
3.94361
3.93688
3.92217
3.89992
3.88999
3.88647
3.86843
3.85106
3.83618
3.81655
3.79435
3.7799
3.76126
3.73864
3.71508
3.69524
3.68267
3.67537
3.67312
3.67514
3.68271
3.69843
3.7291
3.77408
3.79524
3.80405
3.80939
3.80429
3.78552
3.75589
3.72867
3.71096
3.70121
3.69743
3.69956
3.71121
3.71562
3.71084
3.70222
3.68592
3.66377
3.63928
3.61818
3.60295
3.59618
3.59383
3.58777
3.57126
3.54191
3.48884
3.43358
3.39734
3.38748
3.41363
3.70507
5.01693
7.47623
9.70011
10.3565
10.0418
10.0352
10.1197
10.028
9.9591
9.9699
9.99632
10.0008
9.93983
9.84557
9.72695
9.5794
9.38855
9.19621
9.06436
9.00057
8.99979
9.04278
9.01271
8.92921
8.79975
8.63682
8.50591
8.43599
8.40747
8.42384
8.42158
8.36849
8.27362
8.13046
7.98114
7.8915
7.84685
7.83219
7.85086
7.84545
7.80629
7.74727
7.6641
7.58075
7.51441
7.47237
7.42879
7.35961
7.26402
7.18644
7.14439
7.11705
7.09602
7.06728
7.02456
6.96037
6.88299
6.8074
6.76372
1
1
1
1
1
1
1
1
1
1
1
1
1
1
1
1
1
1
1
1
1
1
1
1
1
1
1
1
1
1
1
1
1
1
1
1
1
1
1
1
1
1
1
1
1
1
1
1
1
1
1
1
1
1
1
1
1
1
1
1
1
1
1
1
1
1
1
1
1
1
1
1
1
1
1
1
1
1
1
1
1
1
1
1
1
1
1
1
1
1
1
1
1
1
1
1
1
1
1
1
1
1
1.00045
1.01894
1.28418
2.14014
3.06696
3.89687
4.12105
4.05084
4.01256
4.04644
4.05365
4.05928
4.00746
3.96682
3.97003
3.96977
3.94005
3.92254
3.91685
3.90498
3.88033
3.86173
3.84437
3.82245
3.80183
3.78863
3.76695
3.73992
3.71454
3.69724
3.68478
3.67828
3.67795
3.68025
3.68802
3.71335
3.7548
3.77877
3.79059
3.80074
3.80007
3.78112
3.75517
3.73641
3.72206
3.71443
3.71203
3.71568
3.72604
3.72819
3.72346
3.71483
3.69921
3.67861
3.65631
3.63789
3.62548
3.62118
3.61897
3.61101
3.59296
3.56173
3.51161
3.45766
3.431
3.42939
3.53662
4.33649
6.3756
8.84636
10.2153
10.5218
10.4834
10.0812
9.95468
10.0285
10.1087
10.1456
10.1372
10.0762
9.99864
9.89667
9.76547
9.60574
9.42464
9.2658
9.15597
9.10173
9.10855
9.13284
9.08164
8.99145
8.85365
8.69346
8.57114
8.5082
8.48477
8.49971
8.47962
8.41579
8.30579
8.1542
8.02724
7.9547
7.91741
7.91742
7.94201
7.92174
7.87117
7.79159
7.69006
7.6043
7.54195
7.50985
7.48314
7.43249
7.35531
7.27853
7.23711
7.20425
7.16696
7.12062
7.05699
6.97185
6.88711
6.8268
6.79576
6.78215
1
1
1
1
1
1
1
1
1
1
1
1
1
1
1
1
1
1
1
1
1
1
1
1
1
1
1
1
1
1
1
1
1
1
1
1
1
1
1
1
1
1
1
1
1
1
1
1
1
1
1
1
1
1
1
1
1
1
1
1
1
1
1
1
1
1
1
1
1
1
1
1
1
1
1
1
1
1
1
1
1
1
1
1
1
1
1
1
1
1
1
1
1
1
1
1
1
1
1
1
1
1
1
1.00034
1.01372
1.16121
1.67946
2.81987
3.94625
3.96476
4.00198
4.05806
4.09282
4.04595
3.99068
3.99043
4.00643
3.97873
3.95251
3.94203
3.93814
3.90994
3.8852
3.86712
3.85302
3.82991
3.81301
3.79813
3.7714
3.74293
3.71993
3.70257
3.69251
3.69151
3.69147
3.69623
3.71397
3.7414
3.75825
3.77026
3.78274
3.78462
3.77025
3.75405
3.74209
3.73185
3.72697
3.72611
3.73094
3.73906
3.73976
3.73489
3.72594
3.71036
3.69043
3.67061
3.65579
3.6471
3.64481
3.64191
3.63165
3.6131
3.58125
3.53065
3.48666
3.46649
3.49612
3.87322
5.36546
7.79006
9.89093
10.6087
10.3836
10.1707
10.2285
10.1803
10.1576
10.1777
10.2363
10.2494
10.177
10.0689
9.94626
9.80922
9.64959
9.48162
9.33746
9.24133
9.19335
9.20028
9.20567
9.14341
9.05014
8.91359
8.76155
8.6488
8.59264
8.57534
8.58522
8.54854
8.47288
8.34541
8.18171
8.06222
7.9965
7.96727
7.97835
8.01445
7.99572
7.94857
7.87896
7.76931
7.65111
7.57893
7.54502
7.50788
7.45211
7.38564
7.3353
7.30594
7.28531
7.25287
7.20588
7.12935
7.02774
6.93481
6.86183
6.82144
6.80052
6.80815
1
1
1
1
1
1
1
1
1
1
1
1
1
1
1
1
1
1
1
1
1
1
1
1
1
1
1
1
1
1
1
1
1
1
1
1
1
1
1
1
1
1
1
1
1
1
1
1
1
1
1
1
1
1
1
1
1
1
1
1
1
1
1
1
1
1
1
1
1
1
1
1
1
1
1
1
1
1
1
1
1
1
1
1
1
1
1
1
1
1
1
1
1
1
1
1
1
1
1
1
1
1
1
1
1.00014
1.00435
1.06182
1.45431
2.6915
3.66503
3.8815
4.03525
4.09635
4.04029
4.01382
4.0341
4.01245
3.97785
3.96559
3.97149
3.94856
3.91408
3.8889
3.87681
3.86204
3.8411
3.82974
3.80902
3.77965
3.75266
3.73053
3.71729
3.71541
3.71613
3.71768
3.72391
3.73551
3.74317
3.75514
3.76519
3.76542
3.75545
3.74912
3.74219
3.73795
3.73664
3.73938
3.74509
3.75005
3.75029
3.74564
3.73703
3.7214
3.7009
3.68271
3.67107
3.6657
3.66456
3.65996
3.64935
3.63076
3.59971
3.5498
3.51414
3.51185
3.66779
4.63221
6.78674
9.03152
10.359
10.7431
10.6981
10.2377
10.0114
10.1023
10.2943
10.4157
10.3734
10.3116
10.2372
10.1276
10.0014
9.8671
9.71576
9.56461
9.42055
9.32758
9.27903
9.27659
9.26005
9.18817
9.09179
8.96533
8.83339
8.73418
8.68386
8.67239
8.67375
8.62745
8.54442
8.4062
8.23663
8.1113
8.04214
8.01024
8.01758
8.06622
8.05812
8.01088
7.95187
7.86417
7.75413
7.66413
7.59881
7.53172
7.46118
7.39994
7.35927
7.33636
7.32738
7.30793
7.276
7.21769
7.11771
7.00452
6.92536
6.88483
6.85995
6.85191
6.84104
1
1
1
1
1
1
1
1
1
1
1
1
1
1
1
1
1
1
1
1
1
1
1
1
1
1
1
1
1
1
1
1
1
1
1
1
1
1
1
1
1
1
1
1
1
1
1
1
1
1
1
1
1
1
1
1
1
1
1
1
1
1
1
1
1
1
1
1
1
1
1
1
1
1
1
1
1
1
1
1
1
1
1
1
1
1
1
1
1
1
1
1
1
1
1
1
1
1
1
1
1
1
1
1
1
1.00002
1.00128
1.03212
1.3528
2.51327
3.42387
3.86862
4.05602
4.0692
4.04513
4.00556
3.98933
3.99736
4.00835
3.99443
3.95187
3.91707
3.90124
3.88896
3.87106
3.85694
3.84644
3.82276
3.80016
3.7765
3.75419
3.74738
3.74726
3.74685
3.74531
3.7405
3.73602
3.74053
3.75028
3.74688
3.73986
3.74513
3.74299
3.74046
3.74288
3.74934
3.7594
3.76375
3.76329
3.75847
3.74977
3.73396
3.71251
3.69448
3.6845
3.68125
3.6798
3.67368
3.6629
3.64671
3.61394
3.56839
3.5467
3.60016
4.10965
5.85463
8.20319
9.9449
10.6339
10.6501
10.5224
10.3563
10.1983
10.12
10.2179
10.4531
10.5096
10.443
10.3075
10.1693
10.0493
9.92693
9.79444
9.65615
9.52068
9.43678
9.38787
9.35614
9.2989
9.21564
9.11545
9.00409
8.89545
8.81386
8.77113
8.76492
8.75465
8.70643
8.61875
8.48139
8.3181
8.18926
8.11765
8.08008
8.07609
8.08698
8.05532
8.01122
7.96475
7.91107
7.84593
7.77944
7.71084
7.62231
7.52305
7.44053
7.38878
7.35492
7.33552
7.32784
7.30036
7.2523
7.17713
7.08288
7.01118
6.9739
6.95472
6.94571
6.91907
6.87517
1
1
1
1
1
1
1
1
1
1
1
1
1
1
1
1
1
1
1
1
1
1
1
1
1
1
1
1
1
1
1
1
1
1
1
1
1
1
1
1
1
1
1
1
1
1
1
1
1
1
1
1
1
1
1
1
1
1
1
1
1
1
1
1
1
1
1
1
1
1
1
1
1
1
1
1
1
1
1
1
1
1
1
1
1
1
1
1
1
1
1
1
1
1
1
1
1
1
1
1
1
1
1
1
1
1
1.00001
1.00061
1.0226
1.3074
2.20393
3.09842
3.85349
4.08981
4.03839
3.98068
4.01706
4.02984
4.03769
3.9952
3.94754
3.93224
3.93043
3.90712
3.88854
3.87871
3.86619
3.84351
3.83167
3.81948
3.79815
3.78301
3.77643
3.76449
3.75219
3.74133
3.73335
3.73697
3.7315
3.72345
3.73227
3.73742
3.73876
3.74485
3.75476
3.76819
3.77546
3.77613
3.77244
3.76512
3.7502
3.72796
3.70847
3.69767
3.69503
3.69206
3.6847
3.67418
3.65764
3.62691
3.58637
3.59159
3.83867
5.053
7.27267
9.38122
10.5272
10.7913
10.7839
10.4737
10.1872
10.2038
10.2727
10.3926
10.4931
10.5165
10.4749
10.3637
10.2234
10.0983
9.98794
9.87201
9.74287
9.62767
9.55318
9.50445
9.44711
9.36819
9.26274
9.14419
9.03903
8.9453
8.88102
8.84863
8.85001
8.8288
8.77517
8.67833
8.54065
8.39653
8.28798
8.22981
8.19489
8.17278
8.13947
8.08957
8.0313
7.96955
7.91595
7.87252
7.84128
7.80334
7.73094
7.62131
7.51719
7.45584
7.41824
7.38582
7.35069
7.30929
7.25454
7.18126
7.10299
7.05165
7.02833
7.02554
7.0362
7.01273
6.96877
6.89233
1
1
1
1
1
1
1
1
1
1
1
1
1
1
1
1
1
1
1
1
1
1
1
1
1
1
1
1
1
1
1
1
1
1
1
1
1
1
1
1
1
1
1
1
1
1
1
1
1
1
1
1
1
1
1
1
1
1
1
1
1
1
1
1
1
1
1
1
1
1
1
1
1
1
1
1
1
1
1
1
1
1
1
1
1
1
1
1
1
1
1
1
1
1
1
1
1
1
1
1
1
1
1
1
1
1
1
1
1.00042
1.01575
1.18091
1.72693
2.80345
3.92318
3.9649
3.96681
4.02788
4.06665
4.04188
3.97124
3.95822
3.97439
3.9533
3.93005
3.92299
3.91746
3.88922
3.8698
3.86406
3.85469
3.82835
3.81376
3.79602
3.77079
3.7503
3.73457
3.73195
3.72875
3.71432
3.71513
3.72155
3.72764
3.73878
3.75422
3.77291
3.78726
3.79042
3.78736
3.78001
3.76608
3.74585
3.72618
3.71474
3.70937
3.70467
3.69454
3.68337
3.66564
3.63333
3.61339
3.71312
4.40728
6.44485
8.63889
10.0606
10.6393
10.7356
10.7382
10.5673
10.2988
10.1789
10.2152
10.4423
10.6279
10.5926
10.4886
10.358
10.2452
10.15
10.048
9.94528
9.83672
9.73215
9.66285
9.60899
9.53887
9.44814
9.3395
9.22331
9.10526
9.00655
8.94643
8.91781
8.92267
8.89731
8.83409
8.7307
8.58844
8.4552
8.36311
8.31731
8.29934
8.28776
8.24567
8.1824
8.10216
8.0206
7.94648
7.89208
7.85905
7.81903
7.75946
7.68111
7.59865
7.5463
7.5108
7.47555
7.43082
7.3728
7.28964
7.19158
7.11518
7.06993
7.04853
7.05545
7.08255
7.07119
7.03969
6.983
6.88473
1
1
1
1
1
1
1
1
1
1
1
1
1
1
1
1
1
1
1
1
1
1
1
1
1
1
1
1
1
1
1
1
1
1
1
1
1
1
1
1
1
1
1
1
1
1
1
1
1
1
1
1
1
1
1
1
1
1
1
1
1
1
1
1
1
1
1
1
1
1
1
1
1
1
1
1
1
1
1
1
1
1
1
1
1
1
1
1
1
1
1
1
1
1
1
1
1
1
1
1
1
1
1
1
1
1
1
1
1
1.00017
1.00525
1.06938
1.4597
2.67751
3.64145
3.84464
4.00972
4.08055
4.04127
3.96984
3.96743
3.96749
3.96431
3.96939
3.97759
3.94737
3.9147
3.89591
3.88193
3.85808
3.83674
3.82618
3.80063
3.77525
3.75463
3.73145
3.72418
3.71747
3.71416
3.71703
3.71925
3.72962
3.74728
3.76824
3.79003
3.80188
3.80186
3.79728
3.78543
3.76666
3.74781
3.73552
3.72779
3.71945
3.70743
3.69255
3.67189
3.64342
3.66617
4.03612
5.53639
7.82018
9.83926
10.5681
10.762
10.7757
10.6402
10.4636
10.3658
10.356
10.336
10.4206
10.5857
10.5979
10.5317
10.3846
10.247
10.1702
10.1015
10.0275
9.9409
9.85474
9.78256
9.69439
9.5986
9.50571
9.41262
9.30984
9.19742
9.10677
9.04676
9.0117
8.99473
8.95194
8.88
8.78174
8.64679
8.50649
8.41487
8.3757
8.36273
8.35107
8.30876
8.25822
8.20252
8.13443
8.05987
7.98745
7.91746
7.83519
7.75076
7.67461
7.61937
7.58506
7.5668
7.55315
7.51833
7.46711
7.38098
7.26853
7.16651
7.10543
7.07477
7.06648
7.09732
7.09845
7.06713
7.01745
6.94498
6.85533
1
1
1
1
1
1
1
1
1
1
1
1
1
1
1
1
1
1
1
1
1
1
1
1
1
1
1
1
1
1
1
1
1
1
1
1
1
1
1
1
1
1
1
1
1
1
1
1
1
1
1
1
1
1
1
1
1
1
1
1
1
1
1
1
1
1
1
1
1
1
1
1
1
1
1
1
1
1
1
1
1
1
1
1
1
1
1
1
1
1
1
1
1
1
1
1
1
1
1
1
1
1
1
1
1
1
1
1
1
1
1.00003
1.00147
1.03267
1.34079
2.46901
3.37737
3.83381
4.04434
4.06427
4.0354
4.00288
3.98554
3.9817
3.98545
3.98437
3.94527
3.93166
3.92499
3.89993
3.86871
3.8529
3.83674
3.80274
3.77815
3.75694
3.74161
3.72813
3.71679
3.71631
3.71871
3.72776
3.7465
3.76521
3.78307
3.79899
3.80633
3.80627
3.80153
3.78942
3.77365
3.75955
3.74853
3.73658
3.72149
3.70622
3.6818
3.67874
3.83834
4.7939
6.98995
9.08771
10.3243
10.6372
10.6751
10.7127
10.653
10.4951
10.3666
10.3695
10.4548
10.574
10.6076
10.5481
10.4861
10.3838
10.2721
10.1967
10.142
10.1049
10.0534
9.97979
9.87933
9.73974
9.62187
9.53202
9.45144
9.37295
9.29427
9.22711
9.17656
9.13054
9.07676
9.00977
8.92257
8.82695
8.71859
8.59041
8.47477
8.42688
8.39364
8.35561
8.31358
8.27697
8.24892
8.21871
8.17709
8.12438
8.03867
7.91093
7.77915
7.68708
7.62705
7.59249
7.5822
7.60304
7.58549
7.54199
7.47641
7.37091
7.25924
7.19145
7.15352
7.13068
7.11868
7.09025
7.05279
7.00805
6.94549
6.87511
6.8305
1
1
1
1
1
1
1
1
1
1
1
1
1
1
1
1
1
1
1
1
1
1
1
1
1
1
1
1
1
1
1
1
1
1
1
1
1
1
1
1
1
1
1
1
1
1
1
1
1
1
1
1
1
1
1
1
1
1
1
1
1
1
1
1
1
1
1
1
1
1
1
1
1
1
1
1
1
1
1
1
1
1
1
1
1
1
1
1
1
1
1
1
1
1
1
1
1
1
1
1
1
1
1
1
1
1
1
1
1
1
1
1.00001
1.00058
1.02068
1.29683
2.15971
3.06855
3.80996
4.04158
4.02334
4.00483
4.0281
4.04376
4.04442
3.98422
3.93327
3.92928
3.92174
3.89695
3.87664
3.86653
3.84485
3.81339
3.78843
3.76483
3.7498
3.73323
3.72656
3.72355
3.72754
3.74515
3.76593
3.78331
3.79655
3.80328
3.80747
3.80767
3.80025
3.79223
3.78466
3.77248
3.75775
3.73878
3.72021
3.70286
3.75706
4.31585
6.10124
8.39755
10.0226
10.7007
10.8682
10.7907
10.6441
10.5062
10.4571
10.4716
10.4508
10.4947
10.6204
10.6612
10.6009
10.4706
10.3308
10.2577
10.2171
10.1825
10.1753
10.1566
10.0908
9.97686
9.8112
9.65389
9.55046
9.4727
9.40459
9.34722
9.31233
9.28376
9.23805
9.17845
9.09085
8.98127
8.88004
8.7869
8.68975
8.58367
8.49235
8.42276
8.36822
8.31983
8.27908
8.25963
8.26987
8.26226
8.22167
8.15648
8.04174
7.8836
7.75479
7.67354
7.62635
7.59472
7.58169
7.57034
7.54068
7.49622
7.4278
7.34474
7.29049
7.26154
7.24414
7.21543
7.16644
7.09387
7.0041
6.92357
6.87193
6.84408
6.83087
1
1
1
1
1
1
1
1
1
1
1
1
1
1
1
1
1
1
1
1
1
1
1
1
1
1
1
1
1
1
1
1
1
1
1
1
1
1
1
1
1
1
1
1
1
1
1
1
1
1
1
1
1
1
1
1
1
1
1
1
1
1
1
1
1
1
1
1
1
1
1
1
1
1
1
1
1
1
1
1
1
1
1
1
1
1
1
1
1
1
1
1
1
1
1
1
1
1
1
1
1
1
1
1
1
1
1
1
1
1
1
1
1
1.0004
1.01531
1.17241
1.69543
2.80167
3.8238
3.87506
3.891
3.95877
4.02313
4.04029
3.99511
3.94977
3.95067
3.93146
3.90111
3.88573
3.87816
3.84351
3.81389
3.7958
3.78464
3.76648
3.75507
3.74674
3.74148
3.74899
3.76129
3.77631
3.79184
3.79908
3.80481
3.81078
3.80797
3.80033
3.79753
3.79023
3.77721
3.76035
3.73849
3.74858
4.00177
5.24083
7.64098
9.63272
10.4404
10.635
10.7511
10.8478
10.7939
10.6248
10.4441
10.4287
10.4985
10.6012
10.6803
10.6587
10.6076
10.5045
10.3561
10.2515
10.2063
10.1962
10.2235
10.2402
10.1753
10.0528
9.88702
9.72085
9.60211
9.51135
9.43924
9.3861
9.3695
9.36408
9.32193
9.25492
9.159
9.04637
8.94069
8.84996
8.76859
8.68367
8.59489
8.51311
8.43631
8.36832
8.31412
8.27471
8.26087
8.25823
8.23282
8.18299
8.1048
7.98769
7.86653
7.78571
7.73403
7.69208
7.65205
7.60758
7.55374
7.48531
7.41253
7.3569
7.32407
7.31483
7.3292
7.31296
7.27029
7.19327
7.07218
6.95958
6.88607
6.84737
6.82794
6.83387
1
1
1
1
1
1
1
1
1
1
1
1
1
1
1
1
1
1
1
1
1
1
1
1
1
1
1
1
1
1
1
1
1
1
1
1
1
1
1
1
1
1
1
1
1
1
1
1
1
1
1
1
1
1
1
1
1
1
1
1
1
1
1
1
1
1
1
1
1
1
1
1
1
1
1
1
1
1
1
1
1
1
1
1
1
1
1
1
1
1
1
1
1
1
1
1
1
1
1
1
1
1
1
1
1
1
1
1
1
1
1
1
1
1
1.00016
1.00529
1.06268
1.4535
2.53815
3.51245
3.96073
4.02266
3.98692
3.98918
3.96075
3.95289
3.95564
3.92899
3.9109
3.91028
3.90334
3.86466
3.83788
3.81865
3.80086
3.78714
3.7818
3.77749
3.77701
3.77705
3.77458
3.77867
3.78598
3.79133
3.8006
3.8111
3.80734
3.8044
3.79947
3.78962
3.77574
3.76913
3.86852
4.62723
6.62981
8.94396
10.3843
10.8902
10.9567
10.8002
10.676
10.6849
10.6754
10.6075
10.5208
10.5053
10.59
10.7102
10.6938
10.6124
10.4999
10.3834
10.2928
10.2425
10.2323
10.269
10.2845
10.2169
10.0972
9.93902
9.78377
9.6657
9.5773
9.50547
9.45355
9.42857
9.406
9.35249
9.27942
9.19272
9.09376
8.99261
8.90657
8.82552
8.73599
8.64715
8.57755
8.52087
8.46648
8.41561
8.37728
8.34778
8.30955
8.26013
8.18312
8.08468
7.97895
7.90603
7.86381
7.83204
7.81124
7.7742
7.71409
7.62428
7.5139
7.41935
7.35833
7.32937
7.33343
7.38305
7.37815
7.33934
7.28613
7.1917
7.05795
6.95101
6.8962
6.85974
6.82806
6.80067
1
1
1
1
1
1
1
1
1
1
1
1
1
1
1
1
1
1
1
1
1
1
1
1
1
1
1
1
1
1
1
1
1
1
1
1
1
1
1
1
1
1
1
1
1
1
1
1
1
1
1
1
1
1
1
1
1
1
1
1
1
1
1
1
1
1
1
1
1
1
1
1
1
1
1
1
1
1
1
1
1
1
1
1
1
1
1
1
1
1
1
1
1
1
1
1
1
1
1
1
1
1
1
1
1
1
1
1
1
1
1
1
1
1
1
1.00003
1.00118
1.02926
1.33265
2.26262
3.3668
3.73946
3.97707
4.0497
4.03709
4.00391
3.97774
3.94194
3.92725
3.92863
3.91278
3.88325
3.86695
3.8543
3.83197
3.82037
3.81139
3.80632
3.79851
3.78818
3.78046
3.77904
3.77627
3.781
3.79482
3.80321
3.80176
3.80179
3.79862
3.78861
3.82323
4.20159
5.78891
8.31115
9.95421
10.5898
10.753
10.866
10.9389
10.8297
10.6528
10.5913
10.6304
10.6613
10.6639
10.6691
10.6857
10.6797
10.634
10.5272
10.4089
10.3276
10.2954
10.3057
10.3387
10.3245
10.2492
10.1165
9.94744
9.81141
9.72033
9.64555
9.58821
9.55314
9.5232
9.47713
9.40899
9.31494
9.21719
9.12994
9.05149
8.97103
8.87169
8.76331
8.66964
8.6009
8.55178
8.51075
8.49396
8.49803
8.48313
8.43444
8.35218
8.22454
8.06714
7.94514
7.88827
7.85696
7.8497
7.87596
7.86193
7.81942
7.75033
7.63036
7.49961
7.40724
7.36119
7.33408
7.32122
7.32706
7.32095
7.28888
7.23872
7.15759
7.06423
7.00217
6.95601
6.90572
6.85185
6.78895
1
1
1
1
1
1
1
1
1
1
1
1
1
1
1
1
1
1
1
1
1
1
1
1
1
1
1
1
1
1
1
1
1
1
1
1
1
1
1
1
1
1
1
1
1
1
1
1
1
1
1
1
1
1
1
1
1
1
1
1
1
1
1
1
1
1
1
1
1
1
1
1
1
1
1
1
1
1
1
1
1
1
1
1
1
1
1
1
1
1
1
1
1
1
1
1
1
1
1
1
1
1
1
1
1
1
1
1
1
1
1
1
1
1
1
1
1
1.00053
1.01952
1.21656
1.98263
3.17827
3.67963
3.88374
3.98229
4.03252
4.02985
3.9912
3.96821
3.95432
3.90426
3.87599
3.87929
3.87487
3.86318
3.8544
3.8445
3.82617
3.80983
3.79099
3.78013
3.7734
3.77341
3.77732
3.78925
3.79481
3.79674
3.79952
3.81142
3.98795
5.00979
7.22248
9.63104
10.678
11.0374
11.0768
10.8927
10.789
10.8117
10.7729
10.6839
10.6192
10.6276
10.7096
10.7727
10.755
10.698
10.6202
10.5436
10.4614
10.383
10.3459
10.3703
10.4029
10.373
10.2906
10.1368
9.94737
9.8284
9.75206
9.68658
9.65664
9.66121
9.63357
9.56895
9.47742
9.35319
9.24118
9.15997
9.09193
9.02299
8.93927
8.82406
8.69698
8.61255
8.56608
8.53451
8.5356
8.58386
8.59087
8.54335
8.46783
8.33621
8.13763
7.98318
7.90191
7.8581
7.83695
7.88078
7.91301
7.87896
7.82967
7.75086
7.63582
7.5321
7.46744
7.42089
7.38117
7.3442
7.30443
7.26075
7.20797
7.15061
7.10364
7.07244
7.04839
7.01273
6.95328
6.86009
6.75848
1
1
1
1
1
1
1
1
1
1
1
1
1
1
1
1
1
1
1
1
1
1
1
1
1
1
1
1
1
1
1
1
1
1
1
1
1
1
1
1
1
1
1
1
1
1
1
1
1
1
1
1
1
1
1
1
1
1
1
1
1
1
1
1
1
1
1
1
1
1
1
1
1
1
1
1
1
1
1
1
1
1
1
1
1
1
1
1
1
1
1
1
1
1
1
1
1
1
1
1
1
1
1
1
1
1
1
1
1
1
1
1
1
1
1
1
1
1
1.00026
1.01042
1.12391
1.74422
2.70551
3.49221
4.02019
4.04299
3.95751
3.95518
3.97975
3.97663
3.90711
3.88287
3.89163
3.88366
3.87856
3.87293
3.85951
3.83757
3.81351
3.79383
3.78142
3.77151
3.7698
3.76959
3.77496
3.78658
3.79524
3.86622
4.41812
6.32962
8.78051
10.4064
10.7668
10.8965
10.9898
11.0856
10.9835
10.7884
10.7365
10.7282
10.7229
10.7
10.7032
10.7647
10.781
10.7581
10.6794
10.5759
10.4946
10.4439
10.4143
10.4283
10.437
10.4005
10.3385
10.1938
9.99608
9.87158
9.79189
9.72412
9.6932
9.73616
9.74468
9.67488
9.57489
9.4255
9.27634
9.18546
9.12023
9.05707
8.98881
8.9071
8.80276
8.68421
8.60566
8.55909
8.54096
8.59751
8.63078
8.59373
8.53693
8.44477
8.27581
8.09118
7.9772
7.91663
7.87644
7.85403
7.84237
7.82651
7.80098
7.76123
7.69876
7.63196
7.59409
7.56178
7.51355
7.4411
7.34893
7.25128
7.17019
7.12015
7.09073
7.08215
7.09912
7.08211
7.04139
6.97116
6.85551
6.74696
1
1
1
1
1
1
1
1
1
1
1
1
1
1
1
1
1
1
1
1
1
1
1
1
1
1
1
1
1
1
1
1
1
1
1
1
1
1
1
1
1
1
1
1
1
1
1
1
1
1
1
1
1
1
1
1
1
1
1
1
1
1
1
1
1
1
1
1
1
1
1
1
1
1
1
1
1
1
1
1
1
1
1
1
1
1
1
1
1
1
1
1
1
1
1
1
1
1
1
1
1
1
1
1
1
1
1
1
1
1
1
1
1
1
1
1
1
1
1
1.00011
1.00361
1.0646
1.43895
2.22967
3.53153
3.8773
3.90643
3.96054
4.0012
3.98634
3.91038
3.89934
3.89216
3.89273
3.89679
3.89646
3.88309
3.85543
3.82512
3.80397
3.78429
3.77518
3.76937
3.76594
3.77225
3.8065
4.08743
5.37737
7.76275
9.9759
10.9139
11.2533
11.1776
10.9771
10.9049
10.9776
10.9721
10.856
10.7349
10.7086
10.733
10.7615
10.78
10.7577
10.7356
10.7096
10.6443
10.5536
10.5004
10.4756
10.4829
10.4571
10.4019
10.3455
10.2473
10.0892
9.94507
9.85604
9.79158
9.74966
9.77139
9.77999
9.71173
9.62759
9.51087
9.34827
9.2188
9.14192
9.07858
9.01696
8.95342
8.88139
8.79286
8.71253
8.65103
8.61045
8.59833
8.5868
8.5506
8.50251
8.43375
8.32151
8.1908
8.10082
8.04815
8.00449
7.95806
7.90364
7.84132
7.76843
7.70767
7.66605
7.64244
7.6375
7.63764
7.61092
7.56561
7.48494
7.35258
7.22557
7.14069
7.09296
7.0663
7.06265
7.06668
7.04193
7.00485
6.9387
6.84019
6.76351
1
1
1
1
1
1
1
1
1
1
1
1
1
1
1
1
1
1
1
1
1
1
1
1
1
1
1
1
1
1
1
1
1
1
1
1
1
1
1
1
1
1
1
1
1
1
1
1
1
1
1
1
1
1
1
1
1
1
1
1
1
1
1
1
1
1
1
1
1
1
1
1
1
1
1
1
1
1
1
1
1
1
1
1
1
1
1
1
1
1
1
1
1
1
1
1
1
1
1
1
1
1
1
1
1
1
1
1
1
1
1
1
1
1
1
1
1
1
1
1
1.00002
1.00121
1.02673
1.21436
2.01963
3.31308
3.71275
3.89103
3.96913
3.98919
3.96185
3.94076
3.90727
3.92328
3.92804
3.92663
3.90191
3.86986
3.84525
3.81778
3.79317
3.78306
3.77263
3.7823
3.90905
4.7045
6.78154
9.30236
10.552
10.7947
10.9831
11.2026
11.214
11.0871
10.9173
10.9114
10.945
10.9031
10.8061
10.7587
10.7683
10.7846
10.77
10.7242
10.6839
10.6508
10.6116
10.576
10.5407
10.5141
10.47
10.4066
10.33
10.235
10.1358
10.0423
9.96567
9.90578
9.86175
9.85704
9.83819
9.76219
9.6694
9.5573
9.41982
9.27789
9.17032
9.09747
9.03444
8.97341
8.91377
8.85715
8.80746
8.77537
8.75507
8.72228
8.66512
8.58512
8.48859
8.38362
8.26946
8.18188
8.13465
8.1084
8.099
8.07594
8.02815
7.95311
7.84726
7.73839
7.65717
7.61719
7.59861
7.62826
7.64855
7.61594
7.56881
7.49598
7.3805
7.25237
7.16088
7.11004
7.07918
7.05785
7.03348
6.99561
6.93843
6.86632
6.8154
6.78694
1
1
1
1
1
1
1
1
1
1
1
1
1
1
1
1
1
1
1
1
1
1
1
1
1
1
1
1
1
1
1
1
1
1
1
1
1
1
1
1
1
1
1
1
1
1
1
1
1
1
1
1
1
1
1
1
1
1
1
1
1
1
1
1
1
1
1
1
1
1
1
1
1
1
1
1
1
1
1
1
1
1
1
1
1
1
1
1
1
1
1
1
1
1
1
1
1
1
1
1
1
1
1
1
1
1
1
1
1
1
1
1
1
1
1
1
1
1
1
1
1
1
1.00034
1.00968
1.13105
1.90183
2.99274
3.55682
3.93517
4.01954
3.98893
3.91833
3.95943
3.97605
3.97337
3.94586
3.89859
3.87215
3.86484
3.83534
3.81491
3.80205
3.83131
4.24131
5.84045
8.25022
10.1873
11.0329
11.2849
11.1369
10.9822
11.0479
11.1156
11.0796
10.9444
10.9066
10.9453
10.9633
10.9299
10.8678
10.8185
10.7872
10.7561
10.7037
10.6485
10.6216
10.6129
10.5991
10.5536
10.4815
10.3866
10.2942
10.2116
10.1402
10.0774
10.0428
10.0225
10.0118
9.98307
9.91804
9.83072
9.72046
9.59603
9.47046
9.35164
9.23308
9.12928
9.05095
8.98798
8.93228
8.88406
8.85007
8.8488
8.87018
8.85022
8.79205
8.69287
8.54535
8.3767
8.24788
8.17322
8.1268
8.09929
8.11339
8.13804
8.10906
8.06358
7.99219
7.86745
7.73783
7.65627
7.60916
7.57654
7.5544
7.54667
7.54099
7.51249
7.46115
7.39295
7.32749
7.26644
7.19639
7.12227
7.0524
6.98842
6.92262
6.86097
6.8188
6.79528
6.78851
1
1
1
1
1
1
1
1
1
1
1
1
1
1
1
1
1
1
1
1
1
1
1
1
1
1
1
1
1
1
1
1
1
1
1
1
1
1
1
1
1
1
1
1
1
1
1
1
1
1
1
1
1
1
1
1
1
1
1
1
1
1
1
1
1
1
1
1
1
1
1
1
1
1
1
1
1
1
1
1
1
1
1
1
1
1
1
1
1
1
1
1
1
1
1
1
1
1
1
1
1
1
1
1
1
1
1
1
1
1
1
1
1
1
1
1
1
1
1
1
1
1
1
1.00011
1.00496
1.10718
1.67494
2.47324
3.49305
3.98533
3.91632
3.92727
3.97999
4.00666
4.00034
3.92913
3.89854
3.89924
3.86843
3.84977
3.85284
4.0101
5.00996
7.34655
9.72758
10.4959
10.735
10.9539
11.2263
11.1963
11.0677
11.0082
11.0248
11.042
10.9804
10.9386
10.9783
11.0364
11.0349
10.986
10.8948
10.7994
10.7409
10.7008
10.6594
10.6341
10.6195
10.5873
10.5297
10.4264
10.2838
10.1658
10.1011
10.0694
10.0568
10.0755
10.119
10.1177
10.0503
9.94261
9.80036
9.65616
9.5324
9.41951
9.30921
9.20287
9.10152
9.01865
8.95672
8.90623
8.86982
8.87717
8.93444
8.92668
8.86946
8.79424
8.67111
8.47969
8.31109
8.20938
8.14967
8.11214
8.09879
8.12436
8.13068
8.10428
8.05783
7.99333
7.90741
7.82254
7.735
7.64614
7.56814
7.50231
7.45553
7.42209
7.40674
7.40202
7.39953
7.3839
7.34761
7.27895
7.15456
7.02013
6.92524
6.87021
6.83086
6.80471
6.78995
6.79731
1
1
1
1
1
1
1
1
1
1
1
1
1
1
1
1
1
1
1
1
1
1
1
1
1
1
1
1
1
1
1
1
1
1
1
1
1
1
1
1
1
1
1
1
1
1
1
1
1
1
1
1
1
1
1
1
1
1
1
1
1
1
1
1
1
1
1
1
1
1
1
1
1
1
1
1
1
1
1
1
1
1
1
1
1
1
1
1
1
1
1
1
1
1
1
1
1
1
1
1
1
1
1
1
1
1
1
1
1
1
1
1
1
1
1
1
1
1
1
1
1
1
1
1
1.00006
1.00312
1.05864
1.31545
2.11738
3.44938
3.71823
3.87002
3.99789
4.0498
3.98836
3.94494
3.93135
3.89475
3.88493
3.92036
4.41071
6.33671
8.89029
10.6466
11.1548
11.1856
10.8616
10.8132
11.0072
11.1741
11.1382
11.0378
10.9849
11.0014
11.0263
11.0153
11.0437
11.0807
11.0828
11.0517
10.9609
10.833
10.7523
10.7182
10.688
10.6539
10.6116
10.564
10.4937
10.3753
10.2149
10.0834
10.0335
10.0203
10.0494
10.1354
10.188
10.1485
10.0679
9.93711
9.76126
9.60379
9.48255
9.38397
9.29488
9.20571
9.10888
9.0184
8.95558
8.91212
8.89401
8.91343
8.91155
8.87054
8.81587
8.7366
8.60294
8.4437
8.32024
8.23938
8.18412
8.14659
8.1183
8.07752
8.03537
8.00447
7.98304
7.95339
7.91987
7.87943
7.81043
7.69081
7.55725
7.46019
7.39494
7.35663
7.3363
7.37957
7.44142
7.4212
7.37504
7.29646
7.15707
6.99741
6.90415
6.8571
6.82951
6.81474
6.82141
6.80997
1
1
1
1
1
1
1
1
1
1
1
1
1
1
1
1
1
1
1
1
1
1
1
1
1
1
1
1
1
1
1
1
1
1
1
1
1
1
1
1
1
1
1
1
1
1
1
1
1
1
1
1
1
1
1
1
1
1
1
1
1
1
1
1
1
1
1
1
1
1
1
1
1
1
1
1
1
1
1
1
1
1
1
1
1
1
1
1
1
1
1
1
1
1
1
1
1
1
1
1
1
1
1
1
1
1
1
1
1
1
1
1
1
1
1
1
1
1
1
1
1
1
1
1
1
1.00002
1.00093
1.01597
1.15667
1.96535
3.06657
3.60311
3.94505
4.02354
4.01189
3.97292
3.92697
3.92115
4.04669
5.12268
7.92234
10.2672
10.9448
10.9113
10.9751
11.049
10.9367
10.7974
10.8989
11.107
11.1788
11.1169
11.0291
11.0324
11.0891
11.1031
11.1052
11.1059
11.0905
11.0624
10.9897
10.8758
10.7716
10.723
10.6893
10.6488
10.5974
10.5394
10.4668
10.3547
10.1931
10.0679
10.0302
10.0287
10.0801
10.177
10.1982
10.1388
10.042
9.89114
9.70571
9.56148
9.46296
9.38379
9.3116
9.23779
9.15698
9.06953
8.99825
8.95675
8.94453
8.92744
8.87675
8.81383
8.73061
8.6242
8.51478
8.42397
8.36905
8.32169
8.26869
8.20512
8.13158
8.05991
7.99799
7.95368
7.92948
7.94365
7.93558
7.89167
7.82495
7.71584
7.57295
7.45486
7.38572
7.34557
7.31828
7.31054
7.33803
7.34848
7.31832
7.25529
7.14448
7.02538
6.93846
6.88715
6.85887
6.85091
6.84517
6.8188
1
1
1
1
1
1
1
1
1
1
1
1
1
1
1
1
1
1
1
1
1
1
1
1
1
1
1
1
1
1
1
1
1
1
1
1
1
1
1
1
1
1
1
1
1
1
1
1
1
1
1
1
1
1
1
1
1
1
1
1
1
1
1
1
1
1
1
1
1
1
1
1
1
1
1
1
1
1
1
1
1
1
1
1
1
1
1
1
1
1
1
1
1
1
1
1
1
1
1
1
1
1
1
1
1
1
1
1
1
1
1
1
1
1
1
1
1
1
1
1
1
1
1
1
1
1
1
1.00017
1.00573
1.1165
1.77668
2.61823
3.48012
3.96485
3.98794
3.9246
3.98696
4.40134
6.17235
9.12607
11.1795
11.6453
11.4582
10.9798
10.7877
10.836
10.878
10.8154
10.8579
11.0362
11.1879
11.205
11.1615
11.1233
11.1449
11.1574
11.139
11.1193
11.0805
11.0358
10.977
10.8859
10.7695
10.6866
10.6456
10.6092
10.5631
10.5071
10.4437
10.3618
10.254
10.1457
10.0957
10.0946
10.113
10.1146
10.085
10.0289
9.93993
9.80344
9.63573
9.5249
9.45393
9.39067
9.33203
9.27395
9.2173
9.16177
9.10065
9.02521
8.94011
8.86474
8.797
8.71763
8.6179
8.52016
8.45115
8.41653
8.39447
8.36187
8.31552
8.25311
8.17184
8.08353
8.00712
7.94675
7.90097
7.86821
7.84827
7.82021
7.77189
7.69502
7.6072
7.53019
7.45948
7.39013
7.33443
7.29961
7.27325
7.24401
7.20642
7.15349
7.09255
7.04107
7.00064
6.96174
6.92548
6.89002
6.85795
6.81654
1
1
1
1
1
1
1
1
1
1
1
1
1
1
1
1
1
1
1
1
1
1
1
1
1
1
1
1
1
1
1
1
1
1
1
1
1
1
1
1
1
1
1
1
1
1
1
1
1
1
1
1
1
1
1
1
1
1
1
1
1
1
1
1
1
1
1
1
1
1
1
1
1
1
1
1
1
1
1
1
1
1
1
1
1
1
1
1
1
1
1
1
1
1
1
1
1
1
1
1
1
1
1
1
1
1
1
1
1
1
1
1
1
1
1
1
1
1
1
1
1
1
1
1
1
1
1
1
1.00006
1.00381
1.08268
1.39306
2.13176
3.42807
3.78318
4.39841
5.53786
7.54564
9.82968
11.0824
11.2385
11.1607
11.1664
11.012
10.7772
10.7059
10.7699
10.8339
10.8981
11.0302
11.1809
11.2832
11.3197
11.276
11.1991
11.1774
11.1656
11.1551
11.1175
11.0476
10.9793
10.886
10.7434
10.6088
10.5517
10.5232
10.5064
10.4925
10.4545
10.4063
10.35
10.279
10.2006
10.1535
10.1253
10.0881
10.0322
9.9496
9.84424
9.72365
9.6018
9.52036
9.45899
9.40481
9.36191
9.32834
9.29719
9.25573
9.19359
9.09576
8.95539
8.81827
8.70421
8.60368
8.52255
8.46963
8.43666
8.41324
8.3934
8.36132
8.31981
8.27239
8.21495
8.14853
8.07366
7.99413
7.91447
7.83636
7.76743
7.7091
7.66989
7.64624
7.61625
7.58792
7.5555
7.50597
7.42897
7.32425
7.22474
7.1403
7.07571
7.0457
7.04211
7.05078
7.0627
7.0513
7.01581
6.95326
6.86005
6.77352
1
1
1
1
1
1
1
1
1
1
1
1
1
1
1
1
1
1
1
1
1
1
1
1
1
1
1
1
1
1
1
1
1
1
1
1
1
1
1
1
1
1
1
1
1
1
1
1
1
1
1
1
1
1
1
1
1
1
1
1
1
1
1
1
1
1
1
1
1
1
1
1
1
1
1
1
1
1
1
1
1
1
1
1
1
1
1
1
1
1
1
1
1
1
1
1
1
1
1
1
1
1
1
1
1
1
1
1
1
1
1
1
1
1
1
1
1
1
1
1
1
1
1
1
1
1
1
1
1
1.00003
1.0018
1.02195
1.18461
2.17177
4.29063
6.51706
9.75734
12.738
14.1528
12.7952
11.3142
10.703
10.9031
10.9856
10.7932
10.6128
10.6631
10.8
10.9533
11.1021
11.2434
11.3485
11.4166
11.3619
11.2085
11.1554
11.1442
11.1354
11.0902
11.0057
10.9259
10.8254
10.672
10.5419
10.4906
10.4664
10.4641
10.5026
10.5245
10.4901
10.4357
10.3491
10.2223
10.1269
10.0788
10.0349
9.9741
9.88622
9.77178
9.65375
9.57534
9.51394
9.46174
9.4255
9.41173
9.40219
9.36358
9.30588
9.22772
9.10391
8.93448
8.75697
8.62469
8.5401
8.48666
8.44863
8.42009
8.40164
8.38176
8.3578
8.33109
8.29773
8.2567
8.19854
8.11113
7.99921
7.87946
7.76611
7.68558
7.64051
7.61081
7.6128
7.66477
7.67072
7.63464
7.57693
7.46832
7.29692
7.12337
7.0339
6.99836
6.9782
7.00588
7.1059
7.13744
7.11123
7.06566
6.97638
6.83736
6.73617
)
;

boundaryField
{
    inlet
    {
        type            fixedValue;
        value           nonuniform 0();
    }
    outlet
    {
        type            zeroGradient;
    }
    bottom
    {
        type            zeroGradient;
    }
    top
    {
        type            zeroGradient;
    }
    obstacle
    {
        type            zeroGradient;
    }
    defaultFaces
    {
        type            empty;
    }
    procBoundary13to9
    {
        type            processor;
        value           nonuniform List<scalar> 
251
(
1
1
1
1
1
1
1
1
1
1
1
1
1
1
1
1
1
1
1
1
1
1
1
1
1
1
1
1
1
1
1
1
1.00001
1.00056
1.01467
1.18304
2.27452
3.89298
4.30194
4.51046
4.54084
4.47896
4.46091
4.4705
4.50599
4.46683
4.43722
4.4328
4.46005
4.43842
4.37808
4.34056
4.32948
4.29939
4.261
4.23739
4.22696
4.19569
4.16399
4.15643
4.14342
4.12191
4.11315
4.09803
4.0679
4.03829
4.00941
3.98136
3.97565
3.96968
3.95378
3.93197
3.90858
3.88503
3.86084
3.8467
3.84025
3.83254
3.81768
3.79807
3.76874
3.73335
3.69852
3.68972
3.68534
3.6738
3.65827
3.65043
3.65518
3.67657
3.72099
3.79718
3.89508
3.94994
3.95353
3.94561
3.91566
3.8767
3.85288
3.84287
3.84035
3.8361
3.81881
3.78342
3.73247
3.67828
3.64105
3.62407
3.62023
3.63006
3.63476
3.627
3.60053
3.55395
3.48871
3.44036
3.41303
3.3982
3.38941
3.3934
3.41211
3.43168
3.43348
3.42193
3.39341
3.34696
3.25991
3.17256
3.13231
3.11838
3.11586
3.13622
3.20071
3.25983
3.26399
3.24771
3.21749
3.1604
3.04588
2.93601
2.89413
2.88296
2.88224
2.89766
2.95318
3.02543
3.04725
3.03925
3.02114
2.9921
2.93436
2.82733
2.74384
2.71501
2.7076
2.70504
2.71309
2.74653
2.76763
2.76296
2.75879
2.75691
2.75314
2.74653
2.72408
2.66695
2.57386
2.52721
2.51615
2.51368
2.52522
2.58244
2.64686
2.6551
2.64431
2.61988
2.56057
2.45005
2.37992
2.36102
2.35743
2.36063
2.39088
2.44756
2.47272
2.46809
2.45302
2.42444
2.37201
2.32366
2.30286
2.29803
2.29946
2.30455
2.30182
2.28907
2.26317
2.24462
2.23997
2.23801
2.24498
2.25399
2.25092
2.24446
2.22495
2.17606
2.10533
2.07529
2.06956
2.06805
2.07732
2.121
1
1
1
1
1
1
1
1
1
1
1
1
1
1
1
1
1
1
1
1
1
1
1
1
1
1
1
1
1
1
1
1
1
1
1
1
1
1
1
)
;
    }
    procBoundary13to10
    {
        type            processor;
        value           uniform 2.31661;
    }
    procBoundary13to12
    {
        type            processor;
        value           nonuniform List<scalar> 
64
(
1
1
1
1
1
1
1
1
1
1
1
1
1
1
1
1
1
1
1
1
1
1
1
1
1
1
1
1
1
1
1
1
1
1
1
1
1
1
1
1
1
1
1
1
1
1
1
1
1
1
1
1
1
1
1
1
1
1
1
1
1
1
1
1
)
;
    }
    procBoundary13to14
    {
        type            processor;
        value           nonuniform List<scalar> 
64
(
3.33731
5.35832
5.80225
5.91647
6.09622
6.323
6.3701
6.37889
6.36805
6.32382
6.24974
6.2132
6.23877
6.28451
6.38446
6.51973
6.58148
6.59448
6.57724
6.50358
6.41937
6.41747
6.47293
6.55577
6.63663
6.66755
6.66302
6.63956
6.62579
6.62204
6.64943
6.67718
6.69944
6.72531
6.75232
6.7757
6.77957
6.7416
6.7106
6.71548
6.742
6.79024
6.83523
6.81185
6.80721
6.77722
6.76012
6.77715
6.80675
6.82909
6.82692
6.77364
6.72216
6.68662
6.68558
6.72459
6.76411
6.78786
6.79638
6.77893
6.78241
6.7568
6.71503
6.69301
)
;
    }
}


// ************************************************************************* //
