/*--------------------------------*- C++ -*----------------------------------*\
  =========                 |
  \\      /  F ield         | OpenFOAM: The Open Source CFD Toolbox
   \\    /   O peration     | Website:  https://openfoam.org
    \\  /    A nd           | Version:  7
     \\/     M anipulation  |
\*---------------------------------------------------------------------------*/
FoamFile
{
    version     2.0;
    format      ascii;
    class       volScalarField;
    location    "1.8";
    object      T;
}
// * * * * * * * * * * * * * * * * * * * * * * * * * * * * * * * * * * * * * //

dimensions      [0 0 0 1 0 0 0];

internalField   nonuniform List<scalar> 
16512
(
1
1
1
1
1
1
1
1
1
1
1
1
1
1
1
1
1
1
1
1
1
1
1
1
1
1
1
1
1
1
1
1
1
1
1
1
1
1
1
1
1
1
1
1
1
1
1
1
1
1
1
1
1
1
1
1
1
1
1
1
1
1
1
1
1
1
1
1
1
1
1
1
1
1
1
1
1
1
1
1
1
1
1
1
1
1
1
1
1
1
1
1
1
1
1
1
1
1
1
1
1
1
1
1
1
1
1
1
1
1
1
1
1
1
1
1
1
1
1
1
1
1
1
1
1
1
1
1
1
1
1
1
1
1
1
1
1
1
1
1
1
1
1
1
1
2.29178
2.68558
2.69209
2.6967
2.70187
2.70669
2.71128
2.7156
2.7197
2.7236
2.72718
2.7303
2.73296
2.73537
2.73792
2.74101
2.7449
2.74948
2.7542
2.75836
2.76153
2.76376
2.76553
2.76736
2.76974
2.77288
2.7765
2.77996
2.78277
2.78481
2.78632
2.78769
2.78915
2.79074
2.79243
2.7943
2.79638
2.79868
2.80105
2.80321
2.80489
2.80611
2.80711
2.80811
2.80909
2.8099
2.81029
1
1
1
1
1
1
1
1
1
1
1
1
1
1
1
1
1
1
1
1
1
1
1
1
1
1
1
1
1
1
1
1
1
1
1
1
1
1
1
1
1
1
1
1
1
1
1
1
1
1
1
1
1
1
1
1
1
1
1
1
1
1
1
1
1
1
1
1
1
1
1
1
1
1
1
1
1
1
1
1
1
1
1
1
1
1
1
1
1
1
1
1
1
1
1
1
1
1
1
1
1
1
1
1
1
1
1
1
1
1
1
1
1
1
1
1
1
1
1
1
1
1
1
1
1
1
1
1
1
1
1
1
1
1
1
1
1
1
1
1
1
1
1
1
1
2.28677
2.68501
2.692
2.6967
2.70186
2.70669
2.71129
2.7156
2.71969
2.72354
2.72709
2.73019
2.73284
2.73527
2.73785
2.74096
2.74486
2.74942
2.7541
2.75823
2.76139
2.76362
2.76542
2.76726
2.76964
2.77276
2.77634
2.77977
2.78258
2.78465
2.78618
2.78754
2.78898
2.79054
2.79225
2.79414
2.79625
2.79856
2.80089
2.80299
2.80462
2.80583
2.80686
2.80789
2.80887
2.80968
2.81005
1
1
1
1
1
1
1
1
1
1
1
1
1
1
1
1
1
1
1
1
1
1
1
1
1
1
1
1
1
1
1
1
1
1
1
1
1
1
1
1
1
1
1
1
1
1
1
1
1
1
1
1
1
1
1
1
1
1
1
1
1
1
1
1
1
1
1
1
1
1
1
1
1
1
1
1
1
1
1
1
1
1
1
1
1
1
1
1
1
1
1
1
1
1
1
1
1
1
1
1
1
1
1
1
1
1
1
1
1
1
1
1
1
1
1
1
1
1
1
1
1
1
1
1
1
1
1
1
1
1
1
1
1
1
1
1
1
1
1
1
1
1
1
1
1
2.27545
2.68457
2.69186
2.69668
2.70182
2.70665
2.71124
2.71553
2.71957
2.72336
2.72685
2.72993
2.73258
2.73505
2.7377
2.74089
2.74482
2.74936
2.75398
2.75803
2.76114
2.76335
2.76518
2.76706
2.76946
2.77256
2.77609
2.77949
2.78229
2.78438
2.78594
2.7873
2.78871
2.79025
2.79196
2.79389
2.79605
2.79836
2.80064
2.80265
2.80421
2.80539
2.80644
2.80751
2.80852
2.80932
2.80968
1
1
1
1
1
1
1
1
1
1
1
1
1
1
1
1
1
1
1
1
1
1
1
1
1
1
1
1
1
1
1
1
1
1
1
1
1
1
1
1
1
1
1
1
1
1
1
1
1
1
1
1
1
1
1
1
1
1
1
1
1
1
1
1
1
1
1
1
1
1
1
1
1
1
1
1
1
1
1
1
1
1
1
1
1
1
1
1
1
1
1
1
1
1
1
1
1
1
1
1
1
1
1
1
1
1
1
1
1
1
1
1
1
1
1
1
1
1
1
1
1
1
1
1
1
1
1
1
1
1
1
1
1
1
1
1
1
1
1
1
1
1
1
1
1
2.25867
2.68363
2.69178
2.69673
2.70189
2.70672
2.71126
2.71547
2.71939
2.72306
2.72647
2.72951
2.73218
2.73471
2.73747
2.74077
2.74477
2.74931
2.75384
2.75776
2.76077
2.76294
2.76478
2.7667
2.76913
2.77223
2.77573
2.77909
2.78188
2.78398
2.78556
2.78691
2.78828
2.78981
2.79156
2.79355
2.79576
2.79806
2.80026
2.80214
2.8036
2.80475
2.80584
2.80696
2.80799
2.80878
2.8091
1
1
1
1
1
1
1
1
1
1
1
1
1
1
1
1
1
1
1
1
1
1
1
1
1
1
1
1
1
1
1
1
1
1
1
1
1
1
1
1
1
1
1
1
1
1
1
1
1
1
1
1
1
1
1
1
1
1
1
1
1
1
1
1
1
1
1
1
1
1
1
1
1
1
1
1
1
1
1
1
1
1
1
1
1
1
1
1
1
1
1
1
1
1
1
1
1
1
1
1
1
1
1
1
1
1
1
1
1
1
1
1
1
1
1
1
1
1
1
1
1
1
1
1
1
1
1
1
1
1
1
1
1
1
1
1
1
1
1
1
1
1
1
1
1
2.23645
2.68209
2.69163
2.69669
2.70193
2.70678
2.71127
2.71536
2.71912
2.72262
2.72591
2.72892
2.73162
2.73425
2.73716
2.74062
2.7447
2.74926
2.7537
2.75746
2.76034
2.76241
2.76424
2.76617
2.76865
2.77177
2.77527
2.77861
2.78139
2.78347
2.78502
2.78633
2.78768
2.78922
2.79104
2.79311
2.79536
2.79764
2.79973
2.80147
2.80283
2.80396
2.80509
2.80627
2.80732
2.80808
2.80839
1
1
1
1
1
1
1
1
1
1
1
1
1
1
1
1
1
1
1
1
1
1
1
1
1
1
1
1
1
1
1
1
1
1
1
1
1
1
1
1
1
1
1
1
1
1
1
1
1
1
1
1
1
1
1
1
1
1
1
1
1
1
1
1
1
1
1
1
1
1
1
1
1
1
1
1
1
1
1
1
1
1
1
1
1
1
1
1
1
1
1
1
1
1
1
1
1
1
1
1
1
1
1
1
1
1
1
1
1
1
1
1
1
1
1
1
1
1
1
1
1
1
1
1
1
1
1
1
1
1
1
1
1
1
1
1
1
1
1
1
1
1
1
1
1
2.20839
2.67983
2.69129
2.69648
2.70188
2.70681
2.71128
2.71524
2.71879
2.72205
2.72516
2.72811
2.73087
2.73363
2.73674
2.74039
2.7446
2.74919
2.75355
2.75713
2.75984
2.76177
2.76354
2.76546
2.76799
2.77117
2.77473
2.77808
2.78082
2.78283
2.7843
2.78556
2.78692
2.78852
2.79043
2.79257
2.79484
2.79705
2.79903
2.80063
2.80191
2.80302
2.80419
2.80541
2.80648
2.80723
2.80751
1
1
1
1
1
1
1
1
1
1
1
1
1
1
1
1
1
1
1
1
1
1
1
1
1
1
1
1
1
1
1
1
1
1
1
1
1
1
1
1
1
1
1
1
1
1
1
1
1
1
1
1
1
1
1
1
1
1
1
1
1
1
1
1
1
1
1
1
1
1
1
1
1
1
1
1
1
1
1
1
1
1
1
1
1
1
1
1
1
1
1
1
1
1
1
1
1
1
1
1
1
1
1
1
1
1
1
1
1
1
1
1
1
1
1
1
1
1
1
1
1
1
1
1
1
1
1
1
1
1
1
1
1
1
1
1
1
1
1
1
1
1
1
1
1
2.17413
2.67661
2.69056
2.696
2.70174
2.70683
2.71132
2.71514
2.71844
2.72139
2.72424
2.72708
2.72986
2.73278
2.73613
2.74004
2.74441
2.74905
2.75334
2.75675
2.75927
2.76102
2.76268
2.76457
2.76716
2.77045
2.7741
2.77746
2.78013
2.78202
2.78338
2.78461
2.78601
2.78772
2.78973
2.79193
2.79417
2.79629
2.79814
2.79963
2.80084
2.80195
2.80314
2.80439
2.80547
2.80619
2.80646
1
1
1
1
1
1
1
1
1
1
1
1
1
1
1
1
1
1
1
1
1
1
1
1
1
1
1
1
1
1
1
1
1
1
1
1
1
1
1
1
1
1
1
1
1
1
1
1
1
1
1
1
1
1
1
1
1
1
1
1
1
1
1
1
1
1
1
1
1
1
1
1
1
1
1
1
1
1
1
1
1
1
1
1
1
1
1
1
1
1
1
1
1
1
1
1
1
1
1
1
1
1
1
1
1
1
1
1
1
1
1
1
1
1
1
1
1
1
1
1
1
1
1
1
1
1
1
1
1
1
1
1
1
1
1
1
1
1
1
1
1
1
1
1
1
2.13319
2.67234
2.68914
2.69511
2.70142
2.70681
2.71139
2.71512
2.71816
2.72076
2.72325
2.72585
2.72858
2.73161
2.73521
2.73943
2.74404
2.7488
2.75307
2.75631
2.75862
2.76016
2.76168
2.76351
2.76618
2.76961
2.77337
2.77673
2.77928
2.78101
2.78227
2.78347
2.78496
2.7868
2.78891
2.79111
2.79328
2.79529
2.79702
2.79843
2.79961
2.80072
2.80194
2.80322
2.80432
2.80503
2.80529
1
1
1
1
1
1
1
1
1
1
1
1
1
1
1
1
1
1
1
1
1
1
1
1
1
1
1
1
1
1
1
1
1
1
1
1
1
1
1
1
1
1
1
1
1
1
1
1
1
1
1
1
1
1
1
1
1
1
1
1
1
1
1
1
1
1
1
1
1
1
1
1
1
1
1
1
1
1
1
1
1
1
1
1
1
1
1
1
1
1
1
1
1
1
1
1
1
1
1
1
1
1
1
1
1
1
1
1
1
1
1
1
1
1
1
1
1
1
1
1
1
1
1
1
1
1
1
1
1
1
1
1
1
1
1
1
1
1
1
1
1
1
1
1
1
2.08476
2.66713
2.68669
2.69344
2.70056
2.70655
2.71141
2.71514
2.71798
2.72023
2.7223
2.72455
2.72711
2.73013
2.73391
2.73844
2.74339
2.74836
2.75268
2.75579
2.7579
2.75922
2.76058
2.76235
2.76508
2.76866
2.77251
2.77585
2.77827
2.77984
2.78099
2.78221
2.78379
2.78577
2.78793
2.7901
2.79216
2.79403
2.79567
2.79703
2.7982
2.79933
2.80057
2.80187
2.803
2.80371
2.804
1
1
1
1
1
1
1
1
1
1
1
1
1
1
1
1
1
1
1
1
1
1
1
1
1
1
1
1
1
1
1
1
1
1
1
1
1
1
1
1
1
1
1
1
1
1
1
1
1
1
1
1
1
1
1
1
1
1
1
1
1
1
1
1
1
1
1
1
1
1
1
1
1
1
1
1
1
1
1
1
1
1
1
1
1
1
1
1
1
1
1
1
1
1
1
1
1
1
1
1
1
1
1
1
1
1
1
1
1
1
1
1
1
1
1
1
1
1
1
1
1
1
1
1
1
1
1
1
1
1
1
1
1
1
1
1
1
1
1
1
1
1
1
1
1
2.02779
2.66087
2.68304
2.69065
2.69866
2.70546
2.71099
2.71501
2.7178
2.71979
2.72145
2.72328
2.72551
2.72835
2.73214
2.73695
2.74229
2.7476
2.7521
2.75515
2.75708
2.75818
2.75937
2.76106
2.76384
2.76752
2.77146
2.77479
2.7771
2.77855
2.77965
2.78089
2.78258
2.78464
2.78682
2.7889
2.79082
2.79256
2.79411
2.79545
2.79662
2.79776
2.799
2.80033
2.80149
2.80222
2.80253
1
1
1
1
1
1
1
1
1
1
1
1
1
1
1
1
1
1
1
1
1
1
1
1
1
1
1
1
1
1
1
1
1
1
1
1
1
1
1
1
1
1
1
1
1
1
1
1
1
1
1
1
1
1
1
1
1
1
1
1
1
1
1
1
1
1
1
1
1
1
1
1
1
1
1
1
1
1
1
1
1
1
1
1
1
1
1
1
1
1
1
1
1
1
1
1
1
1
1
1
1
1
1
1
1
1
1
1
1
1
1
1
1
1
1
1
1
1
1
1
1
1
1
1
1
1
1
1
1
1
1
1
1
1
1
1
1
1
1
1
1
1
1
1
1
1.96089
2.65274
2.67831
2.68671
2.69556
2.70324
2.70964
2.71438
2.71749
2.71943
2.72081
2.7222
2.72397
2.7264
2.72997
2.73487
2.74058
2.74633
2.75118
2.75431
2.75613
2.75705
2.75805
2.75962
2.76236
2.76611
2.77012
2.77347
2.77573
2.77712
2.7782
2.77948
2.78123
2.78334
2.7855
2.78748
2.78926
2.79089
2.79237
2.79369
2.79486
2.79601
2.79725
2.7986
2.79978
2.80054
2.8009
1
1
1
1
1
1
1
1
1
1
1
1
1
1
1
1
1
1
1
1
1
1
1
1
1
1
1
1
1
1
1
1
1
1
1
1
1
1
1
1
1
1
1
1
1
1
1
1
1
1
1
1
1
1
1
1
1
1
1
1
1
1
1
1
1
1
1
1
1
1
1
1
1
1
1
1
1
1
1
1
1
1
1
1
1
1
1
1
1
1
1
1
1
1
1
1
1
1
1
1
1
1
1
1
1
1
1
1
1
1
1
1
1
1
1
1
1
1
1
1
1
1
1
1
1
1
1
1
1
1
1
1
1
1
1
1
1
1
1
1
1
1
1
1
1
1.8818
2.64083
2.6733
2.68212
2.69148
2.69986
2.70714
2.71282
2.7167
2.71898
2.72032
2.72136
2.72264
2.72452
2.72761
2.73235
2.73833
2.74455
2.74992
2.75334
2.75517
2.75593
2.75669
2.75805
2.76065
2.76437
2.76845
2.77188
2.77419
2.77557
2.77664
2.77794
2.7797
2.78181
2.78393
2.78581
2.78748
2.78901
2.79043
2.79174
2.79291
2.79406
2.79529
2.79664
2.79785
2.79865
2.79904
1
1
1
1
1
1
1
1
1
1
1
1
1
1
1
1
1
1
1
1
1
1
1
1
1
1
1
1
1
1
1
1
1
1
1
1
1
1
1
1
1
1
1
1
1
1
1
1
1
1
1
1
1
1
1
1
1
1
1
1
1
1
1
1
1
1
1
1
1
1
1
1
1
1
1
1
1
1
1
1
1
1
1
1
1
1
1
1
1
1
1
1
1
1
1
1
1
1
1
1
1
1
1
1
1
1
1
1
1
1
1
1
1
1
1
1
1
1
1
1
1
1
1
1
1
1
1
1
1
1
1
1
1
1
1
1
1
1
1
1
1
1
1
1
1
1.78989
2.62279
2.67005
2.6782
2.6871
2.69552
2.70341
2.70997
2.71492
2.71803
2.71964
2.72049
2.72135
2.72262
2.72503
2.72932
2.73533
2.742
2.74807
2.75204
2.75407
2.75476
2.75528
2.75637
2.75871
2.76235
2.76653
2.77012
2.77254
2.77396
2.77501
2.77626
2.77798
2.78004
2.78209
2.7839
2.78548
2.78692
2.7883
2.78959
2.79075
2.79189
2.79313
2.79447
2.79572
2.79656
2.79698
1
1
1
1
1
1
1
1
1
1
1
1
1
1
1
1
1
1
1
1
1
1
1
1
1
1
1
1
1
1
1
1
1
1
1
1
1
1
1
1
1
1
1
1
1
1
1
1
1
1
1
1
1
1
1
1
1
1
1
1
1
1
1
1
1
1
1
1
1
1
1
1
1
1
1
1
1
1
1
1
1
1
1
1
1
1
1
1
1
1
1
1
1
1
1
1
1
1
1
1
1
1
1
1
1
1
1
1
1
1
1
1
1
1
1
1
1
1
1
1
1
1
1
1
1
1
1
1
1
1
1
1
1
1
1
1
1
1
1
1
1
1
1
1
1
1.68451
2.59707
2.66967
2.67597
2.68352
2.69107
2.69872
2.70578
2.71172
2.71592
2.71827
2.71934
2.72003
2.72086
2.72256
2.72612
2.73182
2.73874
2.7455
2.75024
2.75268
2.75339
2.75367
2.75445
2.75648
2.76002
2.76433
2.76817
2.77079
2.77226
2.77326
2.77441
2.776
2.77798
2.77998
2.78175
2.78326
2.78464
2.78597
2.78722
2.78836
2.78949
2.79073
2.79207
2.79334
2.79422
2.79466
1
1
1
1
1
1
1
1
1
1
1
1
1
1
1
1
1
1
1
1
1
1
1
1
1
1
1
1
1
1
1
1
1
1
1
1
1
1
1
1
1
1
1
1
1
1
1
1
1
1
1
1
1
1
1
1
1
1
1
1
1
1
1
1
1
1
1
1
1
1
1
1
1
1
1
1
1
1
1
1
1
1
1
1
1
1
1
1
1
1
1
1
1
1
1
1
1
1
1
1
1
1
1
1
1
1
1
1
1
1
1
1
1
1
1
1
1
1
1
1
1
1
1
1
1
1
1
1
1
1
1
1
1
1
1
1
1
1
1
1
1
1
1
1
1
1.56479
2.56138
2.67132
2.6751
2.6809
2.68699
2.69375
2.70077
2.70733
2.71261
2.71609
2.71786
2.71869
2.71926
2.7203
2.72297
2.72801
2.73489
2.74219
2.74781
2.75089
2.75179
2.75188
2.75238
2.75406
2.75744
2.76186
2.766
2.76887
2.77042
2.77134
2.77233
2.77377
2.77565
2.77761
2.77935
2.78082
2.78213
2.78339
2.78459
2.78572
2.78684
2.78808
2.78943
2.79074
2.79164
2.79211
1
1
1
1
1
1
1
1
1
1
1
1
1
1
1
1
1
1
1
1
1
1
1
1
1
1
1
1
1
1
1
1
1
1
1
1
1
1
1
1
1
1
1
1
1
1
1
1
1
1
1
1
1
1
1
1
1
1
1
1
1
1
1
1
1
1
1
1
1
1
1
1
1
1
1
1
1
1
1
1
1
1
1
1
1
1
1
1
1
1
1
1
1
1
1
1
1
1
1
1
1
1
1
1
1
1
1
1
1
1
1
1
1
1
1
1
1
1
1
1
1
1
1
1
1
1
1
1
1
1
1
1
1
1
1
1
1
1
1
1
1
1
1
1
1
1.43245
2.5137
2.67309
2.67464
2.67896
2.68362
2.68929
2.69543
2.7019
2.708
2.71276
2.71563
2.71698
2.71757
2.71819
2.72004
2.72422
2.73072
2.73825
2.74471
2.74856
2.74984
2.74983
2.75012
2.75146
2.75461
2.7591
2.76352
2.76667
2.76833
2.76919
2.77002
2.77129
2.77305
2.775
2.77674
2.77817
2.77941
2.78058
2.78172
2.78281
2.78392
2.78516
2.78651
2.78783
2.78875
2.78924
1
1
1
1
1
1
1
1
1
1
1
1
1
1
1
1
1
1
1
1
1
1
1
1
1
1
1
1
1
1
1
1
1
1
1
1
1
1
1
1
1
1
1
1
1
1
1
1
1
1
1
1
1
1
1
1
1
1
1
1
1
1
1
1
1
1
1
1
1
1
1
1
1
1
1
1
1
1
1
1
1
1
1
1
1
1
1
1
1
1
1
1
1
1
1
1
1
1
1
1
1
1
1
1
1
1
1
1
1
1
1
1
1
1
1
1
1
1
1
1
1
1
1
1
1
1
1
1
1
1
1
1
1
1
1
1
1
1
1
1
1
1
1
1
1
1.29055
2.45239
2.67477
2.6736
2.67734
2.68079
2.6853
2.6904
2.69629
2.70264
2.70836
2.71242
2.71461
2.71556
2.71606
2.71735
2.72065
2.72645
2.73384
2.74087
2.74552
2.74741
2.74753
2.74774
2.74878
2.75164
2.75607
2.76069
2.76413
2.76594
2.76675
2.76744
2.76854
2.7702
2.77212
2.77387
2.77528
2.77643
2.77749
2.77854
2.77958
2.78068
2.78192
2.78329
2.78464
2.78558
2.78608
1
1
1
1
1
1
1
1
1
1
1
1
1
1
1
1
1
1
1
1
1
1
1
1
1
1
1
1
1
1
1
1
1
1
1
1
1
1
1
1
1
1
1
1
1
1
1
1
1
1
1
1
1
1
1
1
1
1
1
1
1
1
1
1
1
1
1
1
1
1
1
1
1
1
1
1
1
1
1
1
1
1
1
1
1
1
1
1
1
1
1
1
1
1
1
1
1
1
1
1
1
1
1
1
1
1
1
1
1
1
1
1
1
1
1
1
1
1
1
1
1
1
1
1
1
1
1
1
1
1
1
1
1
1
1
1
1
1
1
1
1
1
1
1
1
1.14245
2.3818
2.67485
2.67296
2.67618
2.67902
2.68254
2.68682
2.69204
2.69793
2.7038
2.70852
2.71153
2.7131
2.71383
2.71487
2.7174
2.72228
2.72911
2.73634
2.74171
2.74442
2.74493
2.74518
2.74604
2.74857
2.75278
2.75747
2.76116
2.76317
2.764
2.76458
2.76554
2.76709
2.76898
2.77075
2.77213
2.77319
2.77413
2.77507
2.77605
2.77713
2.77835
2.77971
2.78106
2.78201
2.78251
1
1
1
1
1
1
1
1
1
1
1
1
1
1
1
1
1
1
1
1
1
1
1
1
1
1
1
1
1
1
1
1
1
1
1
1
1
1
1
1
1
1
1
1
1
1
1
1
1
1
1
1
1
1
1
1
1
1
1
1
1
1
1
1
1
1
1
1
1
1
1
1
1
1
1
1
1
1
1
1
1
1
1
1
1
1
1
1
1
1
1
1
1
1
1
1
1
1
1
1
1
1
1
1
1
1
1
1
1
1
1
1
1
1
1
1
1
1
1
1
1
1
1
1
1
1
1
1
1
1
1
1
1
1
1
1
1
1
1
1
1
1
1
1
1
1.0181
2.31805
2.67519
2.67384
2.67685
2.67975
2.6833
2.68713
2.6911
2.69538
2.70001
2.70447
2.70798
2.71022
2.71144
2.7125
2.71453
2.71845
2.72438
2.73132
2.73716
2.74075
2.7419
2.74236
2.74315
2.74534
2.74922
2.75383
2.75771
2.75997
2.7609
2.76144
2.76228
2.76372
2.76556
2.76732
2.76868
2.76965
2.77045
2.77126
2.77215
2.77318
2.77438
2.77574
2.7771
2.77806
2.77856
1
1
1
1
1
1
1
1
1
1
1
1
1
1
1
1
1
1
1
1
1
1
1
1
1
1
1
1
1
1
1
1
1
1
1
1
1
1
1
1
1
1
1
1
1
1
1
1
1
1
1
1
1
1
1
1
1
1
1
1
1
1
1
1
1
1
1
1
1
1
1
1
1
1
1
1
1
1
1
1
1
1
1
1
1
1
1
1
1
1
1
1
1
1
1
1
1
1
1
1
1
1
1
1
1
1
1
1
1
1
1
1
1
1
1
1
1
1
1
1
1
1
1
1
1
1
1
1
1
1
1
1
1
1
1
1
1
1
1
1
1
1
1
1
1
1.00023
2.23093
2.67397
2.67587
2.67836
2.6813
2.68427
2.68734
2.69048
2.69377
2.69744
2.70119
2.70461
2.70729
2.70907
2.71037
2.71212
2.71517
2.71997
2.72616
2.73208
2.73639
2.73834
2.73916
2.74001
2.74192
2.74539
2.7498
2.75379
2.75634
2.75744
2.758
2.75876
2.76007
2.76183
2.76357
2.7649
2.7658
2.76646
2.76712
2.76789
2.76884
2.76999
2.77131
2.77265
2.77358
2.77407
1
1
1
1
1
1
1
1
1
1
1
1
1
1
1
1
1
1
1
1
1
1
1
1
1
1
1
1
1
1
1
1
1
1
1
1
1
1
1
1
1
1
1
1
1
1
1
1
1
1
1
1
1
1
1
1
1
1
1
1
1
1
1
1
1
1
1
1
1
1
1
1
1
1
1
1
1
1
1
1
1
1
1
1
1
1
1
1
1
1
1
1
1
1
1
1
1
1
1
1
1
1
1
1
1
1
1
1
1
1
1
1
1
1
1
1
1
1
1
1
1
1
1
1
1
1
1
1
1
1
1
1
1
1
1
1
1
1
1
1
1
1
1
1
1
1
2.12219
2.66716
2.67565
2.67969
2.68359
2.6867
2.6893
2.69174
2.69432
2.69715
2.70004
2.70291
2.70541
2.70731
2.70873
2.71027
2.7126
2.71622
2.7213
2.72684
2.7315
2.73424
2.73553
2.73653
2.73824
2.74128
2.74539
2.7494
2.75222
2.75359
2.75423
2.75494
2.75613
2.75778
2.75945
2.76074
2.76156
2.76207
2.76255
2.76316
2.76399
2.76508
2.76638
2.76769
2.7686
2.76908
1
1
1
1
1
1
1
1
1
1
1
1
1
1
1
1
1
1
1
1
1
1
1
1
1
1
1
1
1
1
1
1
1
1
1
1
1
1
1
1
1
1
1
1
1
1
1
1
1
1
1
1
1
1
1
1
1
1
1
1
1
1
1
1
1
1
1
1
1
1
1
1
1
1
1
1
1
1
1
1
1
1
1
1
1
1
1
1
1
1
1
1
1
1
1
1
1
1
1
1
1
1
1
1
1
1
1
1
1
1
1
1
1
1
1
1
1
1
1
1
1
1
1
1
1
1
1
1
1
1
1
1
1
1
1
1
1
1
1
1
1
1
1
1
1
1
1.98422
2.64309
2.67363
2.67892
2.68314
2.68665
2.68956
2.69215
2.69467
2.69725
2.69978
2.70217
2.70437
2.7062
2.70764
2.70898
2.71071
2.71331
2.71714
2.72187
2.7264
2.72968
2.73146
2.73268
2.73425
2.73688
2.74062
2.74457
2.74763
2.74931
2.7501
2.7508
2.75187
2.75336
2.75494
2.75617
2.75692
2.7573
2.75759
2.75802
2.75868
2.75963
2.76084
2.76207
2.76288
2.76332
1
1
1
1
1
1
1
1
1
1
1
1
1
1
1
1
1
1
1
1
1
1
1
1
1
1
1
1
1
1
1
1
1
1
1
1
1
1
1
1
1
1
1
1
1
1
1
1
1
1
1
1
1
1
1
1
1
1
1
1
1
1
1
1
1
1
1
1
1
1
1
1
1
1
1
1
1
1
1
1
1
1
1
1
1
1
1
1
1
1
1
1
1
1
1
1
1
1
1
1
1
1
1
1
1
1
1
1
1
1
1
1
1
1
1
1
1
1
1
1
1
1
1
1
1
1
1
1
1
1
1
1
1
1
1
1
1
1
1
1
1
1
1
1
1
1
1.82219
2.60011
2.66487
2.67401
2.68123
2.68581
2.68909
2.69172
2.69404
2.69643
2.69896
2.70141
2.70369
2.70564
2.70713
2.70827
2.70961
2.71127
2.71393
2.71761
2.72155
2.72496
2.72709
2.72852
2.72999
2.73224
2.73555
2.73934
2.74256
2.74457
2.74556
2.74627
2.74722
2.74854
2.74998
2.75114
2.75181
2.75203
2.75209
2.75225
2.7527
2.75348
2.75456
2.7557
2.75648
2.75689
1
1
1
1
1
1
1
1
1
1
1
1
1
1
1
1
1
1
1
1
1
1
1
1
1
1
1
1
1
1
1
1
1
1
1
1
1
1
1
1
1
1
1
1
1
1
1
1
1
1
1
1
1
1
1
1
1
1
1
1
1
1
1
1
1
1
1
1
1
1
1
1
1
1
1
1
1
1
1
1
1
1
1
1
1
1
1
1
1
1
1
1
1
1
1
1
1
1
1
1
1
1
1
1
1
1
1
1
1
1
1
1
1
1
1
1
1
1
1
1
1
1
1
1
1
1
1
1
1
1
1
1
1
1
1
1
1
1
1
1
1
1
1
1
1
1
1.6342
2.5342
2.65058
2.66393
2.67367
2.67962
2.68462
2.68863
2.69171
2.69457
2.69738
2.70007
2.70259
2.7048
2.70651
2.70768
2.70869
2.71007
2.7116
2.71419
2.71728
2.72039
2.72264
2.72418
2.72554
2.72743
2.73026
2.73377
2.73704
2.73932
2.74055
2.7413
2.74215
2.74328
2.74457
2.74563
2.74615
2.74622
2.74607
2.74597
2.74613
2.74662
2.74745
2.74838
2.74903
2.74932
1
1
1
1
1
1
1
1
1
1
1
1
1
1
1
1
1
1
1
1
1
1
1
1
1
1
1
1
1
1
1
1
1
1
1
1
1
1
1
1
1
1
1
1
1
1
1
1
1
1
1
1
1
1
1
1
1
1
1
1
1
1
1
1
1
1
1
1
1
1
1
1
1
1
1
1
1
1
1
1
1
1
1
1
1
1
1
1
1
1
1
1
1
1
1
1
1
1
1
1
1
1
1
1
1
1
1
1
1
1
1
1
1
1
1
1
1
1
1
1
1
1
1
1
1
1
1
1
1
1
1
1
1
1
1
1
1
1
1
1
1
1
1
1
1
1
1.3855
2.44477
2.6442
2.64857
2.65948
2.66879
2.67602
2.68127
2.68548
2.6895
2.69345
2.69725
2.70063
2.7034
2.70541
2.70674
2.70764
2.70862
2.70991
2.71155
2.71374
2.71621
2.71835
2.71983
2.72103
2.72254
2.72483
2.72793
2.73113
2.73357
2.73503
2.73585
2.7366
2.73754
2.73863
2.73953
2.73991
2.73977
2.73932
2.73882
2.73858
2.73871
2.73922
2.73998
2.74052
2.74079
1
1
1
1
1
1
1
1
1
1
1
1
1
1
1
1
1
1
1
1
1
1
1
1
1
1
1
1
1
1
1
1
1
1
1
1
1
1
1
1
1
1
1
1
1
1
1
1
1
1
1
1
1
1
1
1
1
1
1
1
1
1
1
1
1
1
1
1
1
1
1
1
1
1
1
1
1
1
1
1
1
1
1
1
1
1
1
1
1
1
1
1
1
1
1
1
1
1
1
1
1
1
1
1
1
1
1
1
1
1
1
1
1
1
1
1
1
1
1
1
1
1
1
1
1
1
1
1
1
1
1
1
1
1
1
1
1
1
1
1
1
1
1
1
1
1
1.11363
2.35561
2.6472
2.64304
2.64786
2.6555
2.66371
2.67063
2.67641
2.68161
2.68672
2.69176
2.69646
2.70044
2.70335
2.70518
2.70633
2.70716
2.70809
2.70928
2.71075
2.7126
2.71436
2.71565
2.71662
2.7177
2.71939
2.72193
2.72489
2.72734
2.72896
2.72986
2.73052
2.73126
2.73212
2.73279
2.73298
2.73262
2.73184
2.73093
2.73019
2.72986
2.7299
2.73016
2.73037
2.7304
1
1
1
1
1
1
1
1
1
1
1
1
1
1
1
1
1
1
1
1
1
1
1
1
1
1
1
1
1
1
1
1
1
1
1
1
1
1
1
1
1
1
1
1
1
1
1
1
1
1
1
1
1
1
1
1
1
1
1
1
1
1
1
1
1
1
1
1
1
1
1
1
1
1
1
1
1
1
1
1
1
1
1
1
1
1
1
1
1
1
1
1
1
1
1
1
1
1
1
1
1
1
1
1
1
1
1
1
1
1
1
1
1
1
1
1
1
1
1
1
1
1
1
1
1
1
1
1
1
1
1
1
1
1
1
1
1
1
1
1
1
1
1
1
1
1
1.00355
2.28269
2.64687
2.63979
2.64496
2.65011
2.65592
2.66128
2.66683
2.67234
2.67802
2.68394
2.68981
2.69507
2.69922
2.70208
2.70392
2.70513
2.70611
2.70707
2.70815
2.70932
2.71071
2.71178
2.71242
2.71304
2.71408
2.71593
2.71844
2.72066
2.72235
2.7233
2.72386
2.7244
2.72498
2.72536
2.72527
2.72465
2.72345
2.72195
2.72043
2.71925
2.71862
2.71845
2.71841
2.71843
1
1
1
1
1
1
1
1
1
1
1
1
1
1
1
1
1
1
1
1
1
1
1
1
1
1
1
1
1
1
1
1
1
1
1
1
1
1
1
1
1
1
1
1
1
1
1
1
1
1
1
1
1
1
1
1
1
1
1
1
1
1
1
1
1
1
1
1
1
1
1
1
1
1
1
1
1
1
1
1
1
1
1
1
1
1
1
1
1
1
1
1
1
1
1
1
1
1
1
1
1
1
1
1
1
1
1
1
1
1
1
1
1
1
1
1
1
1
1
1
1
1
1
1
1
1
1
1
1
1
1
1
1
1
1
1
1
1
1
1
1
1
1
1
1
1
1
2.15353
2.65052
2.64879
2.65005
2.65152
2.65402
2.65718
2.66051
2.66425
2.66922
2.67513
2.68143
2.6875
2.69278
2.69688
2.69978
2.70177
2.70322
2.7044
2.70545
2.70641
2.70731
2.70811
2.70849
2.70864
2.70903
2.71009
2.71191
2.71367
2.71524
2.71617
2.71661
2.71691
2.71714
2.71719
2.71679
2.71574
2.71401
2.71183
2.7095
2.70742
2.70581
2.70455
2.70349
2.70267
1
1
1
1
1
1
1
1
1
1
1
1
1
1
1
1
1
1
1
1
1
1
1
1
1
1
1
1
1
1
1
1
1
1
1
1
1
1
1
1
1
1
1
1
1
1
1
1
1
1
1
1
1
1
1
1
1
1
1
1
1
1
1
1
1
1
1
1
1
1
1
1
1
1
1
1
1
1
1
1
1
1
1
1
1
1
1
1
1
1
1
1
1
1
1
1
1
1
1
1
1
1
1
1
1
1
1
1
1
1
1
1
1
1
1
1
1
1
1
1
1
1
1
1
1
1
1
1
1
1
1
1
1
1
1
1
1
1
1
1
1
1
1
1
1
1
1
1.98351
2.6384
2.65367
2.65368
2.65529
2.65618
2.65721
2.65847
2.66057
2.6635
2.66762
2.67301
2.6789
2.68458
2.68956
2.69356
2.6966
2.6989
2.70068
2.70208
2.70321
2.70404
2.7046
2.7047
2.70451
2.70431
2.70457
2.70552
2.70658
2.70776
2.7085
2.70875
2.70874
2.70861
2.70823
2.70737
2.7058
2.70343
2.70035
2.69674
2.69293
2.68939
2.68652
2.6844
2.68365
1
1
1
1
1
1
1
1
1
1
1
1
1
1
1
1
1
1
1
1
1
1
1
1
1
1
1
1
1
1
1
1
1
1
1
1
1
1
1
1
1
1
1
1
1
1
1
1
1
1
1
1
1
1
1
1
1
1
1
1
1
1
1
1
1
1
1
1
1
1
1
1
1
1
1
1
1
1
1
1
1
1
1
1
1
1
1
1
1
1
1
1
1
1
1
1
1
1
1
1
1
1
1
1
1
1
1
1
1
1
1
1
1
1
1
1
1
1
1
1
1
1
1
1
1
1
1
1
1
1
1
1
1
1
1
1
1
1
1
1
1
1
1
1
1
1
1
1.76952
2.57729
2.65177
2.65463
2.65707
2.65828
2.65886
2.65904
2.65948
2.66066
2.66306
2.66653
2.671
2.67604
2.68108
2.68568
2.6896
2.69284
2.69547
2.69756
2.69918
2.70029
2.70092
2.70089
2.70048
2.6998
2.69936
2.69947
2.69958
2.70007
2.70038
2.70032
2.69999
2.69938
2.69844
2.69699
2.69477
2.69152
2.68719
2.68195
2.67629
2.67074
2.6655
2.65973
2.65448
1
1
1
1
1
1
1
1
1
1
1
1
1
1
1
1
1
1
1
1
1
1
1
1
1
1
1
1
1
1
1
1
1
1
1
1
1
1
1
1
1
1
1
1
1
1
1
1
1
1
1
1
1
1
1
1
1
1
1
1
1
1
1
1
1
1
1
1
1
1
1
1
1
1
1
1
1
1
1
1
1
1
1
1
1
1
1
1
1
1
1
1
1
1
1
1
1
1
1
1
1
1
1
1
1
1
1
1
1
1
1
1
1
1
1
1
1
1
1
1
1
1
1
1
1
1
1
1
1
1
1
1
1
1
1
1
1
1
1
1
1
1
1
1
1
1
1
1.47734
2.46022
2.64302
2.6475
2.65194
2.65502
2.65728
2.65872
2.65948
2.66022
2.66122
2.66292
2.66558
2.66902
2.67305
2.67732
2.68149
2.68533
2.68872
2.69158
2.69392
2.69561
2.69664
2.69677
2.69635
2.69542
2.69442
2.69359
2.6928
2.69241
2.69204
2.69148
2.69063
2.68942
2.68781
2.68562
2.68255
2.67821
2.67243
2.66516
2.65649
2.64618
2.63415
2.622
2.61292
1
1
1
1
1
1
1
1
1
1
1
1
1
1
1
1
1
1
1
1
1
1
1
1
1
1
1
1
1
1
1
1
1
1
1
1
1
1
1
1
1
1
1
1
1
1
1
1
1
1
1
1
1
1
1
1
1
1
1
1
1
1
1
1
1
1
1
1
1
1
1
1
1
1
1
1
1
1
1
1
1
1
1
1
1
1
1
1
1
1
1
1
1
1
1
1
1
1
1
1
1
1
1
1
1
1
1
1
1
1
1
1
1
1
1
1
1
1
1
1
1
1
1
1
1
1
1
1
1
1
1
1
1
1
1
1
1
1
1
1
1
1
1
1
1
1
1
1.13219
2.34267
2.63454
2.63188
2.63732
2.64445
2.65079
2.65507
2.65757
2.65906
2.66014
2.6612
2.66248
2.66432
2.66682
2.66991
2.67344
2.67719
2.68084
2.68419
2.68721
2.68968
2.69135
2.6919
2.6917
2.69085
2.68955
2.68788
2.68628
2.68491
2.68366
2.68235
2.68078
2.67883
2.6764
2.67329
2.66917
2.66351
2.65585
2.64573
2.63277
2.61677
2.59779
2.57951
2.57185
1
1
1
1
1
1
1
1
1
1
1
1
1
1
1
1
1
1
1
1
1
1
1
1
1
1
1
1
1
1
1
1
1
1
1
1
1
1
1
1
1
1
1
1
1
1
1
1
1
1
1
1
1
1
1
1
1
1
1
1
1
1
1
1
1
1
1
1
1
1
1
1
1
1
1
1
1
1
1
1
1
1
1
1
1
1
1
1
1
1
1
1
1
1
1
1
1
1
1
1
1
1
1
1
1
1
1
1
1
1
1
1
1
1
1
1
1
1
1
1
1
1
1
1
1
1
1
1
1
1
1
1
1
1
1
1
1
1
1
1
1
1
1
1
1
1
1
1.00458
2.25272
2.62204
2.61998
2.62642
2.6335
2.64086
2.64744
2.65227
2.65558
2.65774
2.65922
2.66035
2.66141
2.66271
2.66445
2.66676
2.66963
2.67283
2.67606
2.67929
2.68233
2.68476
2.68608
2.68626
2.68569
2.68432
2.68228
2.67996
2.67764
2.67539
2.67311
2.67062
2.66773
2.6643
2.66008
2.65468
2.64742
2.63759
2.62434
2.60675
2.5825
2.54601
2.48048
2.34084
1
1
1
1
1
1
1
1
1
1
1
1
1
1
1
1
1
1
1
1
1
1
1
1
1
1
1
1
1
1
1
1
1
1
1
1
1
1
1
1
1
1
1
1
1
1
1
1
1
1
1
1
1
1
1
1
1
1
1
1
1
1
1
1
1
1
1
1
1
1
1
1
1
1
1
1
1
1
1
1
1
1
1
1
1
1
1
1
1
1
1
1
1
1
1
1
1
1
1
1
1
1
1
1
1
1
1
1
1
1
1
1
1
1
1
1
1
1
1
1
1
1
1
1
1
1
1
1
1
1
1
1
1
1
1
1
1
1
1
1
1
1
1
1
1
1
1
0.999996
2.08702
2.61469
2.62322
2.62696
2.62984
2.63388
2.63924
2.64457
2.64922
2.65289
2.65556
2.65737
2.6586
2.65956
2.66052
2.66172
2.6634
2.66563
2.66805
2.67085
2.67392
2.67683
2.679
2.67987
2.67961
2.67848
2.67643
2.67367
2.67057
2.66733
2.66396
2.66035
2.65634
2.65171
2.64617
2.63927
2.63021
2.61796
2.60116
2.57751
2.543
2.48749
2.40593
2.19134
1
1
1
1
1
1
1
1
1
1
1
1
1
1
1
1
1
1
1
1
1
1
1
1
1
1
1
1
1
1
1
1
1
1
1
1
1
1
1
1
1
1
1
1
1
1
1
1
1
1
1
1
1
1
1
1
1
1
1
1
1
1
1
1
1
1
1
1
1
1
1
1
1
1
1
1
1
1
1
1
1
1
1
1
1
1
1
1
1
1
1
1
1
1
1
1
1
1
1
1
1
1
1
1
1
1
1
1
1
1
1
1
1
1
1
1
1
1
1
1
1
1
1
1
1
1
1
1
1
1
1
1
1
1
1
1
1
1
1
1
1
1
1
1
1
1
1
0.999998
1.86256
2.58473
2.62861
2.62829
2.62978
2.63189
2.63401
2.63745
2.64171
2.64601
2.64976
2.65271
2.6548
2.65619
2.65711
2.65779
2.65857
2.65965
2.66104
2.6628
2.66521
2.66798
2.67063
2.67226
2.67251
2.67178
2.66999
2.66714
2.66352
2.65944
2.65499
2.65018
2.64486
2.63884
2.63179
2.6232
2.61216
2.59744
2.57707
2.54851
2.50559
2.44631
2.32381
2.11578
1
1
1
1
1
1
1
1
1
1
1
1
1
1
1
1
1
1
1
1
1
1
1
1
1
1
1
1
1
1
1
1
1
1
1
1
1
1
1
1
1
1
1
1
1
1
1
1
1
1
1
1
1
1
1
1
1
1
1
1
1
1
1
1
1
1
1
1
1
1
1
1
1
1
1
1
1
1
1
1
1
1
1
1
1
1
1
1
1
1
1
1
1
1
1
1
1
1
1
1
1
1
1
1
1
1
1
1
1
1
1
1
1
1
1
1
1
1
1
1
1
1
1
1
1
1
1
1
1
1
1
1
1
1
1
1
1
1
1
1
1
1
1
1
1
1
1
1
1.54206
2.47931
2.62491
2.62517
2.62748
2.62907
2.63075
2.63296
2.63581
2.63931
2.64304
2.64656
2.64951
2.65173
2.65321
2.65403
2.65443
2.65474
2.65519
2.65575
2.65703
2.659
2.66143
2.66351
2.66439
2.66405
2.66267
2.66005
2.65626
2.65159
2.64623
2.64025
2.63356
2.62602
2.61729
2.60686
2.59374
2.57669
2.55318
2.52089
2.47299
2.40291
2.27406
2.08671
1
1
1
1
1
1
1
1
1
1
1
1
1
1
1
1
1
1
1
1
1
1
1
1
1
1
1
1
1
1
1
1
1
1
1
1
1
1
1
1
1
1
1
1
1
1
1
1
1
1
1
1
1
1
1
1
1
1
1
1
1
1
1
1
1
1
1
1
1
1
1
1
1
1
1
1
1
1
1
1
1
1
1
1
1
1
1
1
1
1
1
1
1
1
1
1
1
1
1
1
1
1
1
1
1
1
1
1
1
1
1
1
1
1
1
1
1
1
1
1
1
1
1
1
1
1
1
1
1
1
1
1
1
1
1
1
1
1
1
1
1
1
1
1
1
1
1
1
1.15209
2.34791
2.62126
2.61717
2.61922
2.62279
2.62636
2.62883
2.63107
2.6336
2.63655
2.6398
2.64304
2.64593
2.6482
2.64968
2.65027
2.65029
2.65012
2.64976
2.64992
2.65065
2.65217
2.65404
2.65526
2.65525
2.65435
2.65213
2.64848
2.64355
2.63753
2.63057
2.62257
2.61348
2.60298
2.59067
2.57548
2.55623
2.5303
2.49475
2.44473
2.36913
2.25013
2.1
1
1
1
1
1
1
1
1
1
1
1
1
1
1
1
1
1
1
1
1
1
1
1
1
1
1
1
1
1
1
1
1
1
1
1
1
1
1
1
1
1
1
1
1
1
1
1
1
1
1
1
1
1
1
1
1
1
1
1
1
1
1
1
1
1
1
1
1
1
1
1
1
1
1
1
1
1
1
1
1
1
1
1
1
1
1
1
1
1
1
1
1
1
1
1
1
1
1
1
1
1
1
1
1
1
1
1
1
1
1
1
1
1
1
1
1
1
1
1
1
1
1
1
1
1
1
1
1
1
1
1
1
1
1
1
1
1
1
1
1
1
1
1
1
1
1
1
1
1.006
2.2342
2.60297
2.6037
2.60903
2.61482
2.62013
2.62371
2.62631
2.62854
2.63083
2.63341
2.63631
2.63931
2.64203
2.64421
2.64543
2.64567
2.64524
2.64441
2.64367
2.6433
2.64363
2.64458
2.64555
2.64572
2.64508
2.64326
2.63994
2.63508
2.62874
2.62106
2.61198
2.60148
2.58925
2.57505
2.5579
2.53661
2.50888
2.47135
2.42007
2.34598
2.24319
2.11885
1
1
1
1
1
1
1
1
1
1
1
1
1
1
1
1
1
1
1
1
1
1
1
1
1
1
1
1
1
1
1
1
1
1
1
1
1
1
1
1
1
1
1
1
1
1
1
1
1
1
1
1
1
1
1
1
1
1
1
1
1
1
1
1
1
1
1
1
1
1
1
1
1
1
1
1
1
1
1
1
1
1
1
1
1
1
1
1
1
1
1
1
1
1
1
1
1
1
1
1
1
1
1
1
1
1
1
1
1
1
1
1
1
1
1
1
1
1
1
1
1
1
1
1
1
1
1
1
1
1
1
1
1
1
1
1
1
1
1
1
1
1
1
1
1
1
1
1
0.999993
2.02995
2.58516
2.60424
2.60793
2.6111
2.61439
2.61796
2.621
2.62345
2.62555
2.62764
2.62998
2.63258
2.63522
2.63771
2.63956
2.64034
2.64008
2.63922
2.63802
2.63681
2.636
2.63579
2.63591
2.63579
2.6351
2.63345
2.63045
2.62588
2.61957
2.61153
2.60166
2.59006
2.5763
2.56035
2.54139
2.51834
2.48929
2.45108
2.39962
2.33165
2.24293
2.1363
1
1
1
1
1
1
1
1
1
1
1
1
1
1
1
1
1
1
1
1
1
1
1
1
1
1
1
1
1
1
1
1
1
1
1
1
1
1
1
1
1
1
1
1
1
1
1
1
1
1
1
1
1
1
1
1
1
1
1
1
1
1
1
1
1
1
1
1
1
1
1
1
1
1
1
1
1
1
1
1
1
1
1
1
1
1
1
1
1
1
1
1
1
1
1
1
1
1
1
1
1
1
1
1
1
1
1
1
1
1
1
1
1
1
1
1
1
1
1
1
1
1
1
1
1
1
1
1
1
1
1
1
1
1
1
1
1
1
1
1
1
1
1
1
1
1
1
1
0.999997
1.73125
2.52563
2.60176
2.60467
2.60712
2.60978
2.61261
2.61545
2.61801
2.62018
2.62211
2.62406
2.62613
2.62833
2.63066
2.63275
2.63407
2.63422
2.63365
2.63243
2.63083
2.62921
2.6279
2.62693
2.62602
2.62483
2.62302
2.62014
2.61584
2.60978
2.60175
2.59153
2.57914
2.56428
2.54685
2.5263
2.50177
2.47184
2.4336
2.384
2.32201
2.24458
2.15422
1
1
1
1
1
1
1
1
1
1
1
1
1
1
1
1
1
1
1
1
1
1
1
1
1
1
1
1
1
1
1
1
1
1
1
1
1
1
1
1
1
1
1
1
1
1
1
1
1
1
1
1
1
1
1
1
1
1
1
1
1
1
1
1
1
1
1
1
1
1
1
1
1
1
1
1
1
1
1
1
1
1
1
1
1
1
1
1
1
1
1
1
1
1
1
1
1
1
1
1
1
1
1
1
1
1
1
1
1
1
1
1
1
1
1
1
1
1
1
1
1
1
1
1
1
1
1
1
1
1
1
1
1
1
1
1
1
1
1
1
1
1
1
1
1
1
1
1
0.999999
1.33388
2.40042
2.59702
2.59637
2.59997
2.60425
2.60738
2.61014
2.61263
2.61483
2.61676
2.61853
2.62015
2.62185
2.62369
2.62553
2.62705
2.62766
2.62738
2.62642
2.62484
2.62286
2.62075
2.61876
2.61682
2.61477
2.61237
2.60926
2.60505
2.59924
2.59145
2.58131
2.56857
2.55305
2.53462
2.51285
2.48714
2.45678
2.41869
2.37198
2.31577
2.24735
2.17101
1
1
1
1
1
1
1
1
1
1
1
1
1
1
1
1
1
1
1
1
1
1
1
1
1
1
1
1
1
1
1
1
1
1
1
1
1
1
1
1
1
1
1
1
1
1
1
1
1
1
1
1
1
1
1
1
1
1
1
1
1
1
1
1
1
1
1
1
1
1
1
1
1
1
1
1
1
1
1
1
1
1
1
1
1
1
1
1
1
1
1
1
1
1
1
1
1
1
1
1
1
1
1
1
1
1
1
1
1
1
1
1
1
1
1
1
1
1
1
1
1
1
1
1
1
1
1
1
1
1
1
1
1
1
1
1
1
1
1
1
1
1
1
1
1
1
1
1
1
1.0307
2.26531
2.59779
2.5934
2.59458
2.59827
2.60157
2.60439
2.60687
2.60911
2.61114
2.6128
2.61427
2.61563
2.617
2.61837
2.6197
2.6205
2.62044
2.61981
2.61847
2.61647
2.61399
2.61126
2.60841
2.60536
2.60207
2.59835
2.59384
2.58806
2.58052
2.57069
2.55809
2.54244
2.52351
2.50106
2.47456
2.44403
2.4063
2.36283
2.31204
2.25054
2.18557
1
1
1
1
1
1
1
1
1
1
1
1
1
1
1
1
1
1
1
1
1
1
1
1
1
1
1
1
1
1
1
1
1
1
1
1
1
1
1
1
1
1
1
1
1
1
1
1
1
1
1
1
1
1
1
1
1
1
1
1
1
1
1
1
1
1
1
1
1
1
1
1
1
1
1
1
1
1
1
1
1
1
1
1
1
1
1
1
1
1
1
1
1
1
1
1
1
1
1
1
1
1
1
1
1
1
1
1
1
1
1
1
1
1
1
1
1
1
1
1
1
1
1
1
1
1
1
1
1
1
1
1
1
1
1
1
1
1
1
1
1
1
1
1
1
1
1
1
1
1.00016
2.06196
2.56865
2.5819
2.58881
2.59271
2.59555
2.59841
2.60094
2.60325
2.60525
2.6069
2.60835
2.60953
2.61058
2.61151
2.61239
2.61302
2.61304
2.6126
2.61149
2.60966
2.60714
2.60405
2.60054
2.59666
2.59244
2.58782
2.58268
2.5766
2.5691
2.55958
2.54739
2.53209
2.51326
2.4907
2.46396
2.43361
2.39652
2.35617
2.30937
2.25351
2.19699
1
1
1
1
1
1
1
1
1
1
1
1
1
1
1
1
1
1
1
1
1
1
1
1
1
1
1
1
1
1
1
1
1
1
1
1
1
1
1
1
1
1
1
1
1
1
1
1
1
1
1
1
1
1
1
1
1
1
1
1
1
1
1
1
1
1
1
1
1
1
1
1
1
1
1
1
1
1
1
1
1
1
1
1
1
1
1
1
1
1
1
1
1
1
1
1
1
1
1
1
1
1
1
1
1
1
1
1
1
1
1
1
1
1
1
1
1
1
1
1
1
1
1
1
1
1
1
1
1
1
1
1
1
1
1
1
1
1
1
1
1
1
1
1
1
1
1
1
1
0.999999
1.73223
2.50559
2.58202
2.58438
2.58639
2.58961
2.59251
2.59508
2.59741
2.59927
2.6009
2.60234
2.60346
2.60433
2.60496
2.6054
2.60565
2.60554
2.60507
2.60405
2.60237
2.59996
2.59681
2.59299
2.58856
2.5836
2.57807
2.57204
2.56531
2.55751
2.54807
2.53631
2.52162
2.50342
2.48135
2.45514
2.4251
2.3892
2.35171
2.30711
2.25657
2.20597
1
1
1
1
1
1
1
1
1
1
1
1
1
1
1
1
1
1
1
1
1
1
1
1
1
1
1
1
1
1
1
1
1
1
1
1
1
1
1
1
1
1
1
1
1
1
1
1
1
1
1
1
1
1
1
1
1
1
1
1
1
1
1
1
1
1
1
1
1
1
1
1
1
1
1
1
1
1
1
1
1
1
1
1
1
1
1
1
1
1
1
1
1
1
1
1
1
1
1
1
1
1
1
1
1
1
1
1
1
1
1
1
1
1
1
1
1
1
1
1
1
1
1
1
1
1
1
1
1
1
1
1
1
1
1
1
1
1
1
1
1
1
1
1
1
1
1
1
1
1
1.29228
2.37753
2.57624
2.57332
2.57643
2.58173
2.5856
2.58863
2.59103
2.59294
2.59458
2.59601
2.59715
2.59797
2.59845
2.59856
2.59845
2.59809
2.5974
2.59628
2.59462
2.59231
2.58924
2.58538
2.58071
2.57527
2.56908
2.56221
2.55464
2.54623
2.53655
2.52499
2.51091
2.49359
2.47253
2.44751
2.41802
2.38419
2.34876
2.30572
2.26049
2.2137
1
1
1
1
1
1
1
1
1
1
1
1
1
1
1
1
1
1
1
1
1
1
1
1
1
1
1
1
1
1
1
1
1
1
1
1
1
1
1
1
1
1
1
1
1
1
1
1
1
1
1
1
1
1
1
1
1
1
1
1
1
1
1
1
1
1
1
1
1
1
1
1
1
1
1
1
1
1
1
1
1
1
1
1
1
1
1
1
1
1
1
1
1
1
1
1
1
1
1
1
1
1
1
1
1
1
1
1
1
1
1
1
1
1
1
1
1
1
1
1
1
1
1
1
1
1
1
1
1
1
1
1
1
1
1
1
1
1
1
1
1
1
1
1
1
1
1
1
1
1
1.02191
2.24465
2.57064
2.56621
2.5693
2.57387
2.57804
2.58156
2.58418
2.5863
2.58805
2.58951
2.5907
2.59152
2.59195
2.59188
2.59153
2.59087
2.58987
2.58852
2.58671
2.58436
2.58134
2.57755
2.57287
2.56726
2.56067
2.55321
2.54485
2.53567
2.52543
2.51375
2.50005
2.48358
2.46377
2.4402
2.41202
2.38086
2.34642
2.30569
2.26525
2.22094
1
1
1
1
1
1
1
1
1
1
1
1
1
1
1
1
1
1
1
1
1
1
1
1
1
1
1
1
1
1
1
1
1
1
1
1
1
1
1
1
1
1
1
1
1
1
1
1
1
1
1
1
1
1
1
1
1
1
1
1
1
1
1
1
1
1
1
1
1
1
1
1
1
1
1
1
1
1
1
1
1
1
1
1
1
1
1
1
1
1
1
1
1
1
1
1
1
1
1
1
1
1
1
1
1
1
1
1
1
1
1
1
1
1
1
1
1
1
1
1
1
1
1
1
1
1
1
1
1
1
1
1
1
1
1
1
1
1
1
1
1
1
1
1
1
1
1
1
1
1
1.00007
1.99647
2.53716
2.55914
2.56525
2.56899
2.57193
2.57454
2.577
2.57918
2.58102
2.58255
2.58383
2.58473
2.58518
2.58507
2.5846
2.58373
2.58247
2.58083
2.57878
2.57628
2.57321
2.56945
2.56484
2.55925
2.55256
2.54477
2.53589
2.52605
2.51514
2.50306
2.48941
2.47349
2.45485
2.43272
2.40672
2.37795
2.3444
2.30687
2.26994
2.22746
1
1
1
1
1
1
1
1
1
1
1
1
1
1
1
1
1
1
1
1
1
1
1
1
1
1
1
1
1
1
1
1
1
1
1
1
1
1
1
1
1
1
1
1
1
1
1
1
1
1
1
1
1
1
1
1
1
1
1
1
1
1
1
1
1
1
1
1
1
1
1
1
1
1
1
1
1
1
1
1
1
1
1
1
1
1
1
1
1
1
1
1
1
1
1
1
1
1
1
1
1
1
1
1
1
1
1
1
1
1
1
1
1
1
1
1
1
1
1
1
1
1
1
1
1
1
1
1
1
1
1
1
1
1
1
1
1
1
1
1
1
1
1
1
1
1
1
1
1
1
1
1.58264
2.45143
2.56331
2.56293
2.56398
2.56607
2.56823
2.57025
2.57216
2.57391
2.57541
2.57672
2.5777
2.57822
2.57813
2.57764
2.57668
2.57522
2.57336
2.57105
2.56831
2.56506
2.56121
2.55661
2.55109
2.54447
2.53663
2.52754
2.51728
2.50586
2.49327
2.47941
2.46367
2.44594
2.425
2.40122
2.37438
2.34288
2.30927
2.27401
2.23343
1
1
1
1
1
1
1
1
1
1
1
1
1
1
1
1
1
1
1
1
1
1
1
1
1
1
1
1
1
1
1
1
1
1
1
1
1
1
1
1
1
1
1
1
1
1
1
1
1
1
1
1
1
1
1
1
1
1
1
1
1
1
1
1
1
1
1
1
1
1
1
1
1
1
1
1
1
1
1
1
1
1
1
1
1
1
1
1
1
1
1
1
1
1
1
1
1
1
1
1
1
1
1
1
1
1
1
1
1
1
1
1
1
1
1
1
1
1
1
1
1
1
1
1
1
1
1
1
1
1
1
1
1
1
1
1
1
1
1
1
1
1
1
1
1
1
1
1
1
1
1
1.09344
2.30511
2.56296
2.55588
2.55692
2.55914
2.56154
2.56333
2.56503
2.56659
2.56799
2.56926
2.5703
2.57092
2.57088
2.57045
2.56949
2.56797
2.56596
2.56346
2.56051
2.55703
2.55301
2.54831
2.5428
2.53628
2.52856
2.51953
2.50914
2.49745
2.48452
2.4704
2.45449
2.4373
2.41707
2.39516
2.37061
2.3415
2.31077
2.27658
2.23964
1
1
1
1
1
1
1
1
1
1
1
1
1
1
1
1
1
1
1
1
1
1
1
1
1
1
1
1
1
1
1
1
1
1
1
1
1
1
1
1
1
1
1
1
1
1
1
1
1
1
1
1
1
1
1
1
1
1
1
1
1
1
1
1
1
1
1
1
1
1
1
1
1
1
1
1
1
1
1
1
1
1
1
1
1
1
1
1
1
1
1
1
1
1
1
1
1
1
1
1
1
1
1
1
1
1
1
1
1
1
1
1
1
1
1
1
1
1
1
1
1
1
1
1
1
1
1
1
1
1
1
1
1
1
1
1
1
1
1
1
1
1
1
1
1
1
1
1
1
1
1
1.00204
2.12776
2.53513
2.54054
2.54796
2.5527
2.55491
2.55668
2.55819
2.55951
2.56069
2.56177
2.56271
2.56336
2.56337
2.56301
2.56212
2.56063
2.55858
2.55597
2.55287
2.54921
2.54498
2.54009
2.53448
2.52798
2.52041
2.51158
2.50136
2.48971
2.47669
2.4624
2.44632
2.42928
2.40948
2.38925
2.36616
2.33877
2.31056
2.27902
2.24627
1
1
1
1
1
1
1
1
1
1
1
1
1
1
1
1
1
1
1
1
1
1
1
1
1
1
1
1
1
1
1
1
1
1
1
1
1
1
1
1
1
1
1
1
1
1
1
1
1
1
1
1
1
1
1
1
1
1
1
1
1
1
1
1
1
1
1
1
1
1
1
1
1
1
1
1
1
1
1
1
1
1
1
1
1
1
1
1
1
1
1
1
1
1
1
1
1
1
1
1
1
1
1
1
1
1
1
1
1
1
1
1
1
1
1
1
1
1
1
1
1
1
1
1
1
1
1
1
1
1
1
1
1
1
1
1
1
1
1
1
1
1
1
1
1
1
1
1
1
1
1
0.999986
1.75783
2.47639
2.54063
2.54365
2.5463
2.54855
2.55041
2.55183
2.55295
2.55384
2.55461
2.55526
2.55574
2.55572
2.55538
2.55455
2.55312
2.5511
2.54848
2.5453
2.54153
2.53716
2.53209
2.52632
2.51975
2.51224
2.50361
2.49368
2.48231
2.46948
2.45519
2.43919
2.42207
2.40281
2.38349
2.36045
2.3355
2.31027
2.28104
2.2512
1
1
1
1
1
1
1
1
1
1
1
1
1
1
1
1
1
1
1
1
1
1
1
1
1
1
1
1
1
1
1
1
1
1
1
1
1
1
1
1
1
1
1
1
1
1
1
1
1
1
1
1
1
1
1
1
1
1
1
1
1
1
1
1
1
1
1
1
1
1
1
1
1
1
1
1
1
1
1
1
1
1
1
1
1
1
1
1
1
1
1
1
1
1
1
1
1
1
1
1
1
1
1
1
1
1
1
1
1
1
1
1
1
1
1
1
1
1
1
1
1
1
1
1
1
1
1
1
1
1
1
1
1
1
1
1
1
1
1
1
1
1
1
1
1
1
1
1
1
1
1
0.999996
1.24137
2.34463
2.5413
2.53603
2.53726
2.54007
2.54265
2.5446
2.54601
2.54693
2.54753
2.54791
2.54812
2.54801
2.5476
2.54676
2.54538
2.54343
2.54085
2.53769
2.53391
2.52947
2.52431
2.51841
2.51171
2.50417
2.49564
2.48598
2.475
2.46253
2.44856
2.43284
2.41569
2.39721
2.37803
2.35527
2.33292
2.30897
2.28209
2.25429
1
1
1
1
1
1
1
1
1
1
1
1
1
1
1
1
1
1
1
1
1
1
1
1
1
1
1
1
1
1
1
1
1
1
1
1
1
1
1
1
1
1
1
1
1
1
1
1
1
1
1
1
1
1
1
1
1
1
1
1
1
1
1
1
1
1
1
1
1
1
1
1
1
1
1
1
1
1
1
1
1
1
1
1
1
1
1
1
1
1
1
1
1
1
1
1
1
1
1
1
1
1
1
1
1
1
1
1
1
1
1
1
1
1
1
1
1
1
1
1
1
1
1
1
1
1
1
1
1
1
1
1
1
1
1
1
1
1
1
1
1
1
1
1
1
1
1
1
1
1
1
0.999999
1.01397
2.19392
2.52292
2.5233
2.52751
2.53128
2.53418
2.53671
2.53862
2.53985
2.54054
2.54079
2.54073
2.54045
2.53987
2.53894
2.53754
2.53562
2.5331
2.52999
2.52626
2.52185
2.51668
2.51075
2.50396
2.49635
2.48782
2.47831
2.46767
2.4556
2.44221
2.42692
2.41001
2.3923
2.37308
2.35135
2.33021
2.3066
2.28188
2.25573
1
1
1
1
1
1
1
1
1
1
1
1
1
1
1
1
1
1
1
1
1
1
1
1
1
1
1
1
1
1
1
1
1
1
1
1
1
1
1
1
1
1
1
1
1
1
1
1
1
1
1
1
1
1
1
1
1
1
1
1
1
1
1
1
1
1
1
1
1
1
1
1
1
1
1
1
1
1
1
1
1
1
1
1
1
1
1
1
1
1
1
1
1
1
1
1
1
1
1
1
1
1
1
1
1
1
1
1
1
1
1
1
1
1
1
1
1
1
1
1
1
1
1
1
1
1
1
1
1
1
1
1
1
1
1
1
1
1
1
1
1
1
1
1
1
1
1
1
1
1
1
1
1.00001
1.84878
2.48153
2.51569
2.52075
2.52392
2.52666
2.5292
2.53123
2.53268
2.53354
2.5338
2.53361
2.53311
2.53231
2.53119
2.52967
2.5277
2.5252
2.52216
2.5185
2.51419
2.5091
2.50323
2.49646
2.48883
2.48029
2.47081
2.46039
2.44861
2.43587
2.42106
2.40481
2.38789
2.36874
2.34819
2.32752
2.30484
2.28175
2.25682
1
1
1
1
1
1
1
1
1
1
1
1
1
1
1
1
1
1
1
1
1
1
1
1
1
1
1
1
1
1
1
1
1
1
1
1
1
1
1
1
1
1
1
1
1
1
1
1
1
1
1
1
1
1
1
1
1
1
1
1
1
1
1
1
1
1
1
1
1
1
1
1
1
1
1
1
1
1
1
1
1
1
1
1
1
1
1
1
1
1
1
1
1
1
1
1
1
1
1
1
1
1
1
1
1
1
1
1
1
1
1
1
1
1
1
1
1
1
1
1
1
1
1
1
1
1
1
1
1
1
1
1
1
1
1
1
1
1
1
1
1
1
1
1
1
1
1
1
1
1
1
1
0.999997
1.3199
2.36379
2.52168
2.51678
2.51746
2.51891
2.52096
2.52294
2.52463
2.52586
2.52645
2.52632
2.5258
2.52488
2.52358
2.52192
2.51984
2.51731
2.51428
2.51068
2.50646
2.5015
2.49575
2.48911
2.48154
2.47307
2.46357
2.45325
2.44162
2.4294
2.41508
2.39992
2.38366
2.36473
2.34546
2.3253
2.30368
2.28127
2.25731
1
1
1
1
1
1
1
1
1
1
1
1
1
1
1
1
1
1
1
1
1
1
1
1
1
1
1
1
1
1
1
1
1
1
1
1
1
1
1
1
1
1
1
1
1
1
1
1
1
1
1
1
1
1
1
1
1
1
1
1
1
1
1
1
1
1
1
1
1
1
1
1
1
1
1
1
1
1
1
1
1
1
1
1
1
1
1
1
1
1
1
1
1
1
1
1
1
1
1
1
1
1
1
1
1
1
1
1
1
1
1
1
1
1
1
1
1
1
1
1
1
1
1
1
1
1
1
1
1
1
1
1
1
1
1
1
1
1
1
1
1
1
1
1
1
1
1
1
1
1
1
1
0.999999
1.0246
2.2061
2.50683
2.506
2.5081
2.51081
2.51279
2.51457
2.51627
2.51773
2.5187
2.51877
2.51838
2.51748
2.51611
2.51433
2.51213
2.5095
2.50643
2.50284
2.49867
2.49383
2.48823
2.48177
2.47438
2.4661
2.45662
2.44635
2.43483
2.4229
2.40915
2.39506
2.37909
2.36113
2.34311
2.32351
2.30273
2.28074
2.25812
1
1
1
1
1
1
1
1
1
1
1
1
1
1
1
1
1
1
1
1
1
1
1
1
1
1
1
1
1
1
1
1
1
1
1
1
1
1
1
1
1
1
1
1
1
1
1
1
1
1
1
1
1
1
1
1
1
1
1
1
1
1
1
1
1
1
1
1
1
1
1
1
1
1
1
1
1
1
1
1
1
1
1
1
1
1
1
1
1
1
1
1
1
1
1
1
1
1
1
1
1
1
1
1
1
1
1
1
1
1
1
1
1
1
1
1
1
1
1
1
1
1
1
1
1
1
1
1
1
1
1
1
1
1
1
1
1
1
1
1
1
1
1
1
1
1
1
1
1
1
1
1
1
1.00007
1.84366
2.4638
2.4976
2.50195
2.50497
2.50641
2.50761
2.50883
2.50999
2.51091
2.51116
2.51084
2.51002
2.50868
2.50685
2.50458
2.50188
2.49874
2.49509
2.49091
2.48613
2.48066
2.47437
2.46721
2.45918
2.44982
2.43965
2.42839
2.41655
2.40336
2.38989
2.37427
2.35783
2.34061
2.32158
2.30172
2.28067
2.25925
1
1
1
1
1
1
1
1
1
1
1
1
1
1
1
1
1
1
1
1
1
1
1
1
1
1
1
1
1
1
1
1
1
1
1
1
1
1
1
1
1
1
1
1
1
1
1
1
1
1
1
1
1
1
1
1
1
1
1
1
1
1
1
1
1
1
1
1
1
1
1
1
1
1
1
1
1
1
1
1
1
1
1
1
1
1
1
1
1
1
1
1
1
1
1
1
1
1
1
1
1
1
1
1
1
1
1
1
1
1
1
1
1
1
1
1
1
1
1
1
1
1
1
1
1
1
1
1
1
1
1
1
1
1
1
1
1
1
1
1
1
1
1
1
1
1
1
1
1
1
1
1
1
1
1.27737
2.33765
2.50459
2.49787
2.49849
2.49914
2.50001
2.50095
2.50189
2.50271
2.50312
2.50291
2.50225
2.50104
2.49931
2.49708
2.49437
2.49119
2.48751
2.48329
2.47852
2.47311
2.46692
2.46007
2.45218
2.4431
2.43319
2.42231
2.41051
2.39783
2.38459
2.36967
2.35435
2.33759
2.3196
2.30088
2.28085
2.26026
1
1
1
1
1
1
1
1
1
1
1
1
1
1
1
1
1
1
1
1
1
1
1
1
1
1
1
1
1
1
1
1
1
1
1
1
1
1
1
1
1
1
1
1
1
1
1
1
1
1
1
1
1
1
1
1
1
1
1
1
1
1
1
1
1
1
1
1
1
1
1
1
1
1
1
1
1
1
1
1
1
1
1
1
1
1
1
1
1
1
1
1
1
1
1
1
1
1
1
1
1
1
1
1
1
1
1
1
1
1
1
1
1
1
1
1
1
1
1
1
1
1
1
1
1
1
1
1
1
1
1
1
1
1
1
1
1
1
1
1
1
1
1
1
1
1
1
1
1
1
1
1
1
1
1.018
2.1724
2.4865
2.48672
2.48964
2.49139
2.49258
2.49341
2.49419
2.49478
2.49512
2.49494
2.49436
2.49328
2.49167
2.48955
2.48691
2.48377
2.48007
2.47583
2.47104
2.46564
2.45952
2.45278
2.44506
2.43638
2.42686
2.41635
2.4047
2.39248
2.37944
2.36521
2.35037
2.33425
2.31751
2.29989
2.28078
2.26061
1
1
1
1
1
1
1
1
1
1
1
1
1
1
1
1
1
1
1
1
1
1
1
1
1
1
1
1
1
1
1
1
1
1
1
1
1
1
1
1
1
1
1
1
1
1
1
1
1
1
1
1
1
1
1
1
1
1
1
1
1
1
1
1
1
1
1
1
1
1
1
1
1
1
1
1
1
1
1
1
1
1
1
1
1
1
1
1
1
1
1
1
1
1
1
1
1
1
1
1
1
1
1
1
1
1
1
1
1
1
1
1
1
1
1
1
1
1
1
1
1
1
1
1
1
1
1
1
1
1
1
1
1
1
1
1
1
1
1
1
1
1
1
1
1
1
1
1
1
1
1
1
1
1
1.00002
1.74957
2.42542
2.48553
2.48518
2.48505
2.48608
2.48704
2.48739
2.48748
2.48744
2.48716
2.48651
2.48543
2.48389
2.48187
2.47935
2.47633
2.47271
2.46854
2.46377
2.45837
2.45232
2.44551
2.43804
2.42969
2.42059
2.41041
2.39911
2.38735
2.37459
2.36079
2.3463
2.33113
2.31528
2.29844
2.28013
2.26071
1
1
1
1
1
1
1
1
1
1
1
1
1
1
1
1
1
1
1
1
1
1
1
1
1
1
1
1
1
1
1
1
1
1
1
1
1
1
1
1
1
1
1
1
1
1
1
1
1
1
1
1
1
1
1
1
1
1
1
1
1
1
1
1
1
1
1
1
1
1
1
1
1
1
1
1
1
1
1
1
1
1
1
1
1
1
1
1
1
1
1
1
1
1
1
1
1
1
1
1
1
1
1
1
1
1
1
1
1
1
1
1
1
1
1
1
1
1
1
1
1
1
1
1
1
1
1
1
1
1
1
1
1
1
1
1
1
1
1
1
1
1
1
1
1
1
1
1
1
1
1
1
1
1
0.999999
1.15519
2.28603
2.49093
2.48045
2.47917
2.47935
2.48015
2.47999
2.47986
2.47971
2.47934
2.47864
2.47753
2.47601
2.47407
2.47165
2.46877
2.46529
2.46125
2.45656
2.45122
2.44521
2.43846
2.43108
2.42295
2.4142
2.40433
2.39357
2.38227
2.36983
2.35638
2.34249
2.32817
2.31261
2.29635
2.27901
2.26072
1
1
1
1
1
1
1
1
1
1
1
1
1
1
1
1
1
1
1
1
1
1
1
1
1
1
1
1
1
1
1
1
1
1
1
1
1
1
1
1
1
1
1
1
1
1
1
1
1
1
1
1
1
1
1
1
1
1
1
1
1
1
1
1
1
1
1
1
1
1
1
1
1
1
1
1
1
1
1
1
1
1
1
1
1
1
1
1
1
1
1
1
1
1
1
1
1
1
1
1
1
1
1
1
1
1
1
1
1
1
1
1
1
1
1
1
1
1
1
1
1
1
1
1
1
1
1
1
1
1
1
1
1
1
1
1
1
1
1
1
1
1
1
1
1
1
1
1
1
1
1
1
1
1
1
1.00552
2.08199
2.45998
2.46239
2.46661
2.47237
2.4731
2.47271
2.47262
2.47242
2.47195
2.47109
2.46986
2.46825
2.46627
2.46388
2.46109
2.45777
2.4539
2.44938
2.44417
2.43827
2.43165
2.42434
2.41639
2.40782
2.39824
2.38804
2.37714
2.3651
2.35215
2.33896
2.32513
2.30971
2.29421
2.2779
2.26058
1
1
1
1
1
1
1
1
1
1
1
1
1
1
1
1
1
1
1
1
1
1
1
1
1
1
1
1
1
1
1
1
1
1
1
1
1
1
1
1
1
1
1
1
1
1
1
1
1
1
1
1
1
1
1
1
1
1
1
1
1
1
1
1
1
1
1
1
1
1
1
1
1
1
1
1
1
1
1
1
1
1
1
1
1
1
1
1
1
1
1
1
1
1
1
1
1
1
1
1
1
1
1
1
1
1
1
1
1
1
1
1
1
1
1
1
1
1
1
1
1
1
1
1
1
1
1
1
1
1
1
1
1
1
1
1
1
1
1
1
1
1
1
1
1
1
1
1
1
1
1
1
1
1
1
0.999984
1.58348
2.37163
2.46243
2.46644
2.46801
2.46651
2.46587
2.46593
2.46572
2.46504
2.46394
2.46249
2.4607
2.45858
2.45611
2.4533
2.45006
2.44634
2.44201
2.437
2.43128
2.42485
2.41771
2.40995
2.4015
2.39223
2.38245
2.37188
2.36036
2.34803
2.33541
2.32182
2.30679
2.29219
2.27673
2.26011
1
1
1
1
1
1
1
1
1
1
1
1
1
1
1
1
1
1
1
1
1
1
1
1
1
1
1
1
1
1
1
1
1
1
1
1
1
1
1
1
1
1
1
1
1
1
1
1
1
1
1
1
1
1
1
1
1
1
1
1
1
1
1
1
1
1
1
1
1
1
1
1
1
1
1
1
1
1
1
1
1
1
1
1
1
1
1
1
1
1
1
1
1
1
1
1
1
1
1
1
1
1
1
1
1
1
1
1
1
1
1
1
1
1
1
1
1
1
1
1
1
1
1
1
1
1
1
1
1
1
1
1
1
1
1
1
1
1
1
1
1
1
1
1
1
1
1
1
1
1
1
1
1
1
1
0.999995
1.08908
2.21234
2.46227
2.45973
2.45974
2.45858
2.45882
2.45918
2.45888
2.4581
2.45693
2.45538
2.45345
2.45117
2.44855
2.44563
2.44236
2.43871
2.43454
2.42974
2.42427
2.4181
2.41121
2.40367
2.39538
2.38641
2.37685
2.3666
2.35565
2.34386
2.33168
2.31844
2.30406
2.29022
2.2753
2.25919
1
1
1
1
1
1
1
1
1
1
1
1
1
1
1
1
1
1
1
1
1
1
1
1
1
1
1
1
1
1
1
1
1
1
1
1
1
1
1
1
1
1
1
1
1
1
1
1
1
1
1
1
1
1
1
1
1
1
1
1
1
1
1
1
1
1
1
1
1
1
1
1
1
1
1
1
1
1
1
1
1
1
1
1
1
1
1
1
1
1
1
1
1
1
1
1
1
1
1
1
1
1
1
1
1
1
1
1
1
1
1
1
1
1
1
1
1
1
1
1
1
1
1
1
1
1
1
1
1
1
1
1
1
1
1
1
1
1
1
1
1
1
1
1
1
1
1
1
1
1
1
1
1
1
1
0.999999
1.00158
1.87527
2.41396
2.44548
2.44839
2.44932
2.45183
2.45282
2.45242
2.45156
2.45034
2.44873
2.44667
2.44417
2.44129
2.43814
2.4347
2.43099
2.42689
2.42229
2.41708
2.41121
2.40465
2.3974
2.3894
2.38072
2.37134
2.36145
2.35099
2.33958
2.32778
2.31506
2.30146
2.28806
2.27346
2.25794
1
1
1
1
1
1
1
1
1
1
1
1
1
1
1
1
1
1
1
1
1
1
1
1
1
1
1
1
1
1
1
1
1
1
1
1
1
1
1
1
1
1
1
1
1
1
1
1
1
1
1
1
1
1
1
1
1
1
1
1
1
1
1
1
1
1
1
1
1
1
1
1
1
1
1
1
1
1
1
1
1
1
1
1
1
1
1
1
1
1
1
1
1
1
1
1
1
1
1
1
1
1
1
1
1
1
1
1
1
1
1
1
1
1
1
1
1
1
1
1
1
1
1
1
1
1
1
1
1
1
1
1
1
1
1
1
1
1
1
1
1
1
1
1
1
1
1
1
1
1
1
1
1
1
1
1
0.999996
1.24608
2.27864
2.4507
2.44149
2.44283
2.44429
2.44541
2.44507
2.44448
2.44362
2.44221
2.4402
2.43762
2.43455
2.43114
2.42745
2.42356
2.4194
2.41486
2.40983
2.40425
2.39802
2.39109
2.38345
2.3751
2.36597
2.35647
2.34637
2.33525
2.32383
2.31172
2.29881
2.28565
2.27142
2.25661
1
1
1
1
1
1
1
1
1
1
1
1
1
1
1
1
1
1
1
1
1
1
1
1
1
1
1
1
1
1
1
1
1
1
1
1
1
1
1
1
1
1
1
1
1
1
1
1
1
1
1
1
1
1
1
1
1
1
1
1
1
1
1
1
1
1
1
1
1
1
1
1
1
1
1
1
1
1
1
1
1
1
1
1
1
1
1
1
1
1
1
1
1
1
1
1
1
1
1
1
1
1
1
1
1
1
1
1
1
1
1
1
1
1
1
1
1
1
1
1
1
1
1
1
1
1
1
1
1
1
1
1
1
1
1
1
1
1
1
1
1
1
1
1
1
1
1
1
1
1
1
1
1
1
1
1
0.999999
1.01372
2.09299
2.42508
2.42493
2.4293
2.43405
2.43548
2.43598
2.43644
2.43622
2.43529
2.43358
2.43111
2.42799
2.42439
2.42047
2.41636
2.41206
2.40749
2.40256
2.39719
2.39125
2.38465
2.3774
2.36943
2.36068
2.35159
2.34178
2.33093
2.3199
2.30836
2.29596
2.28302
2.26936
2.25536
1
1
1
1
1
1
1
1
1
1
1
1
1
1
1
1
1
1
1
1
1
1
1
1
1
1
1
1
1
1
1
1
1
1
1
1
1
1
1
1
1
1
1
1
1
1
1
1
1
1
1
1
1
1
1
1
1
1
1
1
1
1
1
1
1
1
1
1
1
1
1
1
1
1
1
1
1
1
1
1
1
1
1
1
1
1
1
1
1
1
1
1
1
1
1
1
1
1
1
1
1
1
1
1
1
1
1
1
1
1
1
1
1
1
1
1
1
1
1
1
1
1
1
1
1
1
1
1
1
1
1
1
1
1
1
1
1
1
1
1
1
1
1
1
1
1
1
1
1
1
1
1
1
1
1
1
1
1.00001
1.58047
2.33785
2.42605
2.42599
2.4269
2.42696
2.42764
2.42858
2.42852
2.42797
2.42673
2.42459
2.42167
2.4181
2.41411
2.40981
2.4053
2.40058
2.39558
2.39024
2.38446
2.3781
2.37118
2.3636
2.35529
2.34661
2.33711
2.32663
2.316
2.30493
2.29293
2.28033
2.26735
2.25411
1
1
1
1
1
1
1
1
1
1
1
1
1
1
1
1
1
1
1
1
1
1
1
1
1
1
1
1
1
1
1
1
1
1
1
1
1
1
1
1
1
1
1
1
1
1
1
1
1
1
1
1
1
1
1
1
1
1
1
1
1
1
1
1
1
1
1
1
1
1
1
1
1
1
1
1
1
1
1
1
1
1
1
1
1
1
1
1
1
1
1
1
1
1
1
1
1
1
1
1
1
1
1
1
1
1
1
1
1
1
1
1
1
1
1
1
1
1
1
1
1
1
1
1
1
1
1
1
1
1
1
1
1
1
1
1
1
1
1
1
1
1
1
1
1
1
1
1
1
1
1
1
1
1
1
1
1
0.999999
1.08701
2.17875
2.42666
2.42062
2.41826
2.41833
2.419
2.41982
2.41981
2.41959
2.41884
2.41723
2.41478
2.41156
2.40776
2.40349
2.39889
2.39402
2.38889
2.38349
2.37775
2.37155
2.36487
2.35763
2.34975
2.3414
2.33222
2.32227
2.31209
2.3014
2.28982
2.27773
2.26539
2.2527
1
1
1
1
1
1
1
1
1
1
1
1
1
1
1
1
1
1
1
1
1
1
1
1
1
1
1
1
1
1
1
1
1
1
1
1
1
1
1
1
1
1
1
1
1
1
1
1
1
1
1
1
1
1
1
1
1
1
1
1
1
1
1
1
1
1
1
1
1
1
1
1
1
1
1
1
1
1
1
1
1
1
1
1
1
1
1
1
1
1
1
1
1
1
1
1
1
1
1
1
1
1
1
1
1
1
1
1
1
1
1
1
1
1
1
1
1
1
1
1
1
1
1
1
1
1
1
1
1
1
1
1
1
1
1
1
1
1
1
1
1
1
1
1
1
1
1
1
1
1
1
1
1
1
1
1
1
1
1.00147
1.79012
2.36597
2.40387
2.4093
2.4113
2.41254
2.41272
2.41238
2.41174
2.41071
2.40927
2.40727
2.40462
2.4013
2.39733
2.39286
2.38798
2.38274
2.37721
2.37137
2.36516
2.35858
2.35155
2.34398
2.33587
2.3271
2.31772
2.30799
2.29769
2.2866
2.27509
2.26329
2.25099
1
1
1
1
1
1
1
1
1
1
1
1
1
1
1
1
1
1
1
1
1
1
1
1
1
1
1
1
1
1
1
1
1
1
1
1
1
1
1
1
1
1
1
1
1
1
1
1
1
1
1
1
1
1
1
1
1
1
1
1
1
1
1
1
1
1
1
1
1
1
1
1
1
1
1
1
1
1
1
1
1
1
1
1
1
1
1
1
1
1
1
1
1
1
1
1
1
1
1
1
1
1
1
1
1
1
1
1
1
1
1
1
1
1
1
1
1
1
1
1
1
1
1
1
1
1
1
1
1
1
1
1
1
1
1
1
1
1
1
1
1
1
1
1
1
1
1
1
1
1
1
1
1
1
1
1
1
1
0.999998
1.18331
2.21529
2.41163
2.40521
2.40572
2.40639
2.40585
2.40487
2.40358
2.40214
2.40071
2.39906
2.397
2.39428
2.39086
2.38678
2.38211
2.37692
2.37131
2.36537
2.3591
2.35252
2.34558
2.33816
2.33026
2.32189
2.31301
2.3037
2.2938
2.28329
2.27236
2.26099
2.24897
1
1
1
1
1
1
1
1
1
1
1
1
1
1
1
1
1
1
1
1
1
1
1
1
1
1
1
1
1
1
1
1
1
1
1
1
1
1
1
1
1
1
1
1
1
1
1
1
1
1
1
1
1
1
1
1
1
1
1
1
1
1
1
1
1
1
1
1
1
1
1
1
1
1
1
1
1
1
1
1
1
1
1
1
1
1
1
1
1
1
1
1
1
1
1
1
1
1
1
1
1
1
1
1
1
1
1
1
1
1
1
1
1
1
1
1
1
1
1
1
1
1
1
1
1
1
1
1
1
1
1
1
1
1
1
1
1
1
1
1
1
1
1
1
1
1
1
1
1
1
1
1
1
1
1
1
1
1
0.999999
1.00721
1.92733
2.37595
2.38962
2.39524
2.39733
2.39741
2.39691
2.3957
2.3941
2.39248
2.3908
2.38892
2.38659
2.38372
2.38017
2.37595
2.37106
2.36561
2.3597
2.35342
2.3468
2.33984
2.33245
2.32465
2.31651
2.30798
2.29901
2.28954
2.27963
2.26928
2.25833
2.24665
1
1
1
1
1
1
1
1
1
1
1
1
1
1
1
1
1
1
1
1
1
1
1
1
1
1
1
1
1
1
1
1
1
1
1
1
1
1
1
1
1
1
1
1
1
1
1
1
1
1
1
1
1
1
1
1
1
1
1
1
1
1
1
1
1
1
1
1
1
1
1
1
1
1
1
1
1
1
1
1
1
1
1
1
1
1
1
1
1
1
1
1
1
1
1
1
1
1
1
1
1
1
1
1
1
1
1
1
1
1
1
1
1
1
1
1
1
1
1
1
1
1
1
1
1
1
1
1
1
1
1
1
1
1
1
1
1
1
1
1
1
1
1
1
1
1
1
1
1
1
1
1
1
1
1
1
1
1
1
1.00001
1.28545
2.24188
2.39612
2.3901
2.39008
2.38993
2.38921
2.388
2.38648
2.38479
2.38297
2.38101
2.37878
2.37619
2.37308
2.36938
2.365
2.35998
2.35435
2.34817
2.34153
2.33451
2.32707
2.31928
2.31126
2.30294
2.29427
2.28522
2.27581
2.26594
2.25542
2.24421
1
1
1
1
1
1
1
1
1
1
1
1
1
1
1
1
1
1
1
1
1
1
1
1
1
1
1
1
1
1
1
1
1
1
1
1
1
1
1
1
1
1
1
1
1
1
1
1
1
1
1
1
1
1
1
1
1
1
1
1
1
1
1
1
1
1
1
1
1
1
1
1
1
1
1
1
1
1
1
1
1
1
1
1
1
1
1
1
1
1
1
1
1
1
1
1
1
1
1
1
1
1
1
1
1
1
1
1
1
1
1
1
1
1
1
1
1
1
1
1
1
1
1
1
1
1
1
1
1
1
1
1
1
1
1
1
1
1
1
1
1
1
1
1
1
1
1
1
1
1
1
1
1
1
1
1
1
1
1
1
1.01829
2.02712
2.37642
2.37669
2.37851
2.37897
2.37924
2.37903
2.3783
2.37703
2.37532
2.37331
2.37102
2.36845
2.36551
2.36216
2.35829
2.35383
2.34871
2.34287
2.3364
2.32942
2.32197
2.3142
2.30622
2.29799
2.28948
2.28071
2.27164
2.26215
2.25209
2.24148
1
1
1
1
1
1
1
1
1
1
1
1
1
1
1
1
1
1
1
1
1
1
1
1
1
1
1
1
1
1
1
1
1
1
1
1
1
1
1
1
1
1
1
1
1
1
1
1
1
1
1
1
1
1
1
1
1
1
1
1
1
1
1
1
1
1
1
1
1
1
1
1
1
1
1
1
1
1
1
1
1
1
1
1
1
1
1
1
1
1
1
1
1
1
1
1
1
1
1
1
1
1
1
1
1
1
1
1
1
1
1
1
1
1
1
1
1
1
1
1
1
1
1
1
1
1
1
1
1
1
1
1
1
1
1
1
1
1
1
1
1
1
1
1
1
1
1
1
1
1
1
1
1
1
1
1
1
1
1
1
1.00005
1.4246
2.27006
2.37845
2.37437
2.37192
2.37117
2.37089
2.37034
2.36937
2.36787
2.36595
2.36364
2.36102
2.35805
2.3548
2.3512
2.34714
2.34248
2.33712
2.33105
2.32431
2.31707
2.30946
2.30156
2.29338
2.28497
2.27636
2.26746
2.25823
2.24863
2.23867
1
1
1
1
1
1
1
1
1
1
1
1
1
1
1
1
1
1
1
1
1
1
1
1
1
1
1
1
1
1
1
1
1
1
1
1
1
1
1
1
1
1
1
1
1
1
1
1
1
1
1
1
1
1
1
1
1
1
1
1
1
1
1
1
1
1
1
1
1
1
1
1
1
1
1
1
1
1
1
1
1
1
1
1
1
1
1
1
1
1
1
1
1
1
1
1
1
1
1
1
1
1
1
1
1
1
1
1
1
1
1
1
1
1
1
1
1
1
1
1
1
1
1
1
1
1
1
1
1
1
1
1
1
1
1
1
1
1
1
1
1
1
1
1
1
1
1
1
1
1
1
1
1
1
1
1
1
1
1
1
1
1.04244
2.09247
2.36993
2.3659
2.36298
2.36193
2.36146
2.36091
2.3602
2.35914
2.35765
2.35565
2.35319
2.3503
2.34711
2.34366
2.33985
2.33557
2.33069
2.32514
2.31888
2.31201
2.30469
2.29697
2.28889
2.28058
2.27208
2.26328
2.25422
2.245
2.23559
1
1
1
1
1
1
1
1
1
1
1
1
1
1
1
1
1
1
1
1
1
1
1
1
1
1
1
1
1
1
1
1
1
1
1
1
1
1
1
1
1
1
1
1
1
1
1
1
1
1
1
1
1
1
1
1
1
1
1
1
1
1
1
1
1
1
1
1
1
1
1
1
1
1
1
1
1
1
1
1
1
1
1
1
1
1
1
1
1
1
1
1
1
1
1
1
1
1
1
1
1
1
1
1
1
1
1
1
1
1
1
1
1
1
1
1
1
1
1
1
1
1
1
1
1
1
1
1
1
1
1
1
1
1
1
1
1
1
1
1
1
1
1
1
1
1
1
1
1
1
1
1
1
1
1
1
1
1
1
1
1
1.00032
1.55531
2.28234
2.35657
2.35581
2.35536
2.35467
2.35386
2.35306
2.35212
2.35084
2.34899
2.34658
2.34369
2.34044
2.33693
2.33315
2.32902
2.32443
2.31927
2.31347
2.30702
2.30002
2.29254
2.28465
2.27649
2.26812
2.25946
2.25055
2.2416
2.23257
1
1
1
1
1
1
1
1
1
1
1
1
1
1
1
1
1
1
1
1
1
1
1
1
1
1
1
1
1
1
1
1
1
1
1
1
1
1
1
1
1
1
1
1
1
1
1
1
1
1
1
1
1
1
1
1
1
1
1
1
1
1
1
1
1
1
1
1
1
1
1
1
1
1
1
1
1
1
1
1
1
1
1
1
1
1
1
1
1
1
1
1
1
1
1
1
1
1
1
1
1
1
1
1
1
1
1
1
1
1
1
1
1
1
1
1
1
1
1
1
1
1
1
1
1
1
1
1
1
1
1
1
1
1
1
1
1
1
1
1
1
1
1
1
1
1
1
1
1
1
1
1
1
1
1
1
1
1
1
1
1
1
1.07819
2.10692
2.35979
2.35448
2.35072
2.34858
2.34695
2.34577
2.34463
2.34324
2.34139
2.33907
2.3363
2.33313
2.32962
2.32584
2.32176
2.31734
2.31248
2.30711
2.30116
2.29465
2.28761
2.28011
2.27229
2.2642
2.25578
2.24709
2.23833
2.22952
1
1
1
1
1
1
1
1
1
1
1
1
1
1
1
1
1
1
1
1
1
1
1
1
1
1
1
1
1
1
1
1
1
1
1
1
1
1
1
1
1
1
1
1
1
1
1
1
1
1
1
1
1
1
1
1
1
1
1
1
1
1
1
1
1
1
1
1
1
1
1
1
1
1
1
1
1
1
1
1
1
1
1
1
1
1
1
1
1
1
1
1
1
1
1
1
1
1
1
1
1
1
1
1
1
1
1
1
1
1
1
1
1
1
1
1
1
1
1
1
1
1
1
1
1
1
1
1
1
1
1
1
1
1
1
1
1
1
1
1
1
1
1
1
1
1
1
1
1
1
1
1
1
1
1
1
1
1
1
1
1
1
1.00118
1.60597
2.26784
2.34244
2.3421
2.34149
2.34042
2.33919
2.33782
2.33615
2.33415
2.33186
2.32923
2.3262
2.32275
2.31896
2.31486
2.31046
2.30575
2.30068
2.29516
2.28916
2.28265
2.27566
2.26827
2.26054
2.25247
2.24406
2.23546
2.22672
1
1
1
1
1
1
1
1
1
1
1
1
1
1
1
1
1
1
1
1
1
1
1
1
1
1
1
1
1
1
1
1
1
1
1
1
1
1
1
1
1
1
1
1
1
1
1
1
1
1
1
1
1
1
1
1
1
1
1
1
1
1
1
1
1
1
1
1
1
1
1
1
1
1
1
1
1
1
1
1
1
1
1
1
1
1
1
1
1
1
1
1
1
1
1
1
1
1
1
1
1
1
1
1
1
1
1
1
1
1
1
1
1
1
1
1
1
1
1
1
1
1
1
1
1
1
1
1
1
1
1
1
1
1
1
1
1
1
1
1
1
1
1
1
1
1
1
1
1
1
1
1
1
1
1
1
1
1
1
1
1
1
1
1.10025
2.10043
2.3455
2.34077
2.3372
2.3353
2.33349
2.33151
2.32931
2.327
2.32456
2.32191
2.31894
2.31557
2.31182
2.30772
2.30334
2.29871
2.29382
2.28865
2.2831
2.27713
2.27071
2.26385
2.2566
2.24898
2.24095
2.23256
2.22391
1
1
1
1
1
1
1
1
1
1
1
1
1
1
1
1
1
1
1
1
1
1
1
1
1
1
1
1
1
1
1
1
1
1
1
1
1
1
1
1
1
1
1
1
1
1
1
1
1
1
1
1
1
1
1
1
1
1
1
1
1
1
1
1
1
1
1
1
1
1
1
1
1
1
1
1
1
1
1
1
1
1
1
1
1
1
1
1
1
1
1
1
1
1
1
1
1
1
1
1
1
1
1
1
1
1
1
1
1
1
1
1
1
1
1
1
1
1
1
1
1
1
1
1
1
1
1
1
1
1
1
1
1
1
1
1
1
1
1
1
1
1
1
1
1
1
1
1
1
1
1
1
1
1
1
1
1
1
1
1
1
1
1
1.00201
1.61414
2.25684
2.32646
2.32779
2.3277
2.32673
2.32497
2.32275
2.32033
2.31773
2.31491
2.31186
2.3085
2.30478
2.30071
2.29637
2.29182
2.28709
2.28216
2.27698
2.27148
2.26559
2.25924
2.25246
2.2453
2.23769
2.22959
2.2211
1
1
1
1
1
1
1
1
1
1
1
1
1
1
1
1
1
1
1
1
1
1
1
1
1
1
1
1
1
1
1
1
1
1
1
1
1
1
1
1
1
1
1
1
1
1
1
1
1
1
1
1
1
1
1
1
1
1
1
1
1
1
1
1
1
1
1
1
1
1
1
1
1
1
1
1
1
1
1
1
1
1
1
1
1
1
1
1
1
1
1
1
1
1
1
1
1
1
1
1
1
1
1
1
1
1
1
1
1
1
1
1
1
1
1
1
1
1
1
1
1
1
1
1
1
1
1
1
1
1
1
1
1
1
1
1
1
1
1
1
1
1
1
1
1
1
1
1
1
1
1
1
1
1
1
1
1
1
1
1
1
1
1
1
1.10509
2.08458
2.32867
2.3266
2.32366
2.32151
2.31922
2.31683
2.31424
2.31137
2.30825
2.30497
1.46351
0.812805
0.33195
0.571849
0.714724
0.831141
0.924876
1.02594
1.04579
1.0319
0.987258
0.983138
1.01126
1.0872
1.20953
1.32748
1.65135
1.23212
0.966435
0.993657
0.879819
0.73027
0.726667
0.797371
0.893487
0.894096
0.869574
0.836864
0.836639
0.867357
0.927976
0.996426
1.7678
1.4679
1.33333
1.24722
1.12554
0.941566
0.906728
0.94336
0.941279
0.894362
0.841124
0.842364
0.863085
0.861146
0.864097
0.874874
1.85333
1.66501
1.48597
1.38385
1.29552
1.13436
1.0524
1.06468
1.05513
0.993497
0.936911
0.941291
0.94589
0.933461
0.917917
0.919232
1.92266
1.76612
1.60084
1.51021
1.42662
1.30347
1.18439
1.17995
1.15858
1.09693
1.05469
1.05928
1.05175
1.01417
0.989304
0.994613
1.98031
1.84392
1.70186
1.60717
1.52551
1.42428
1.33052
1.30313
1.26428
1.18544
1.15161
1.15222
1.13724
1.10372
1.0907
1.08526
2.02277
1.9033
1.78601
1.69716
1.61383
1.52063
1.44635
1.40713
1.35811
1.28393
1.24828
1.23518
1.20981
1.1755
1.17068
1.16303
2.05835
1.95483
1.85645
1.77347
1.69278
1.60379
1.5458
1.49509
1.43829
1.36818
1.3402
1.31766
1.28897
1.25554
1.24274
1.22648
2.0885
1.99845
1.91524
1.8384
1.75691
1.68142
1.6293
1.57332
1.51411
1.4527
1.42384
1.39369
1.35781
1.3294
1.31212
1.28695
2.11283
2.03444
1.96296
1.89174
1.8134
1.75438
1.70078
1.64559
1.58049
1.53477
1.49931
1.46308
1.42509
1.39541
1.37026
1.34041
2.13125
2.0638
2.00171
1.93431
1.86757
1.81604
1.76193
1.70447
1.64458
1.60579
1.56441
1.52475
1.48442
1.45732
1.42613
1.39399
2.14647
2.08916
2.03306
1.96942
1.91422
1.86415
1.81162
1.75136
1.70563
1.66339
1.62208
1.57682
1.54141
1.51206
1.47981
1.44502
2.15992
2.10991
2.05648
1.99901
1.9509
1.90221
1.84843
1.79721
1.75631
1.71271
1.67007
1.62539
1.59475
1.56258
1.53259
1.49525
2.17246
2.12634
2.07491
2.02507
1.9802
1.93289
1.88124
1.83997
1.7981
1.75572
1.70969
1.67596
1.64194
1.61194
1.58131
1.54653
2.18347
2.13946
2.09166
2.04814
2.00527
1.95828
1.91502
1.87577
1.83484
1.78972
1.75183
1.72132
1.68643
1.65679
1.62643
1.59504
2.19371
2.15193
2.10856
2.06867
2.02665
1.98304
1.94525
1.90587
1.86481
1.82355
1.79225
1.75987
1.72673
1.69537
1.67002
1.63634
2.20344
2.16361
2.12421
2.08604
2.04482
2.00674
1.97021
1.9319
1.89113
1.85822
1.8259
1.7943
1.75943
1.73165
1.70551
1.67384
2.21186
2.1742
2.13837
2.10096
2.06266
2.02795
1.99222
1.95375
1.91888
1.88747
1.85497
1.82108
1.7908
1.76336
1.73559
1.70491
2.21816
2.18388
2.15039
2.11456
2.0804
2.04691
2.01113
1.9755
1.94424
1.9117
1.8785
1.8464
1.81943
1.79065
1.76268
1.733
2.22331
2.19284
2.16105
2.12766
2.09638
2.06346
2.02813
1.99691
1.96519
1.93248
1.89984
1.87259
1.84423
1.81639
1.78674
1.76172
2.22742
2.19948
2.16952
2.13899
2.10932
2.077
2.04518
2.01541
1.98408
1.95071
1.9232
1.8961
1.86786
1.8389
1.81296
1.78798
2.23058
2.20409
2.17655
2.14851
2.1197
2.09026
2.06077
2.03129
2.00074
1.97088
1.94511
1.91801
1.88853
1.86196
1.83794
1.81229
2.23275
2.20747
2.18241
2.15618
2.12839
2.10214
2.07408
2.04476
2.01772
1.99024
1.96328
1.93743
1.90813
1.88488
1.86039
1.83425
2.23499
2.21078
2.18733
2.16218
2.13602
2.11159
2.08473
2.05714
2.03307
2.00618
1.97891
1.95536
1.92857
1.9029
1.88113
1.85256
2.23698
2.21365
2.19101
2.1671
2.14266
2.11903
2.09348
2.06872
2.04514
2.01907
1.99333
1.97156
1.94612
1.91983
1.89928
1.87324
2.23877
2.21645
2.19437
2.17196
2.14862
2.12517
2.10172
2.07826
2.05476
2.03026
2.00747
1.9848
1.96029
1.93604
1.91607
1.8925
2.24032
2.21925
2.19775
2.17672
2.15393
2.1308
2.10919
2.08621
2.06293
2.04133
2.01905
1.99618
1.97283
1.95194
1.93074
1.90775
2.24202
2.22211
2.20116
2.18109
2.1587
2.13629
2.11593
2.09323
2.0713
2.0513
2.02891
2.00591
1.9857
1.96471
1.94316
1.92142
2.2434
2.22427
2.20383
2.18458
2.16304
2.14173
2.12235
2.10027
2.07941
2.0601
2.03742
2.01584
1.99673
1.97566
1.95384
1.93545
2.24411
2.22556
2.20598
2.18762
2.16712
2.14734
2.12857
2.10699
2.08698
2.06804
2.0455
2.02523
2.00654
1.98492
1.96532
1.9479
2.244
2.22611
2.20779
2.19026
2.17094
2.15248
2.1339
2.11296
2.09408
2.07499
2.05315
2.03433
2.01582
1.99409
1.97633
1.95912
2.24345
2.22644
2.20939
2.19243
2.17431
2.15657
2.13802
2.11871
2.10039
2.08093
2.06102
2.04343
2.02418
2.00321
1.98672
1.96931
2.24269
2.22682
2.21074
2.19412
2.17691
2.15948
2.14154
2.12402
2.10588
2.08658
2.069
2.05148
2.03163
2.01249
1.9963
1.97826
2.24203
2.2271
2.21157
2.19536
2.17874
2.16159
2.14497
2.12859
2.11067
2.09254
2.07591
2.05815
2.03861
2.02169
2.00497
1.98623
2.24144
2.22702
2.2117
2.19608
2.18008
2.16366
2.14819
2.13243
2.11496
2.09802
2.08128
2.06337
2.04603
2.0299
2.01263
1.99407
2.24065
2.22648
2.21146
2.19641
2.18125
2.16595
2.15089
2.13523
2.11891
2.10237
2.08521
2.06829
2.05323
2.03703
2.01918
2.00241
2.23952
2.22554
2.21099
2.19663
2.18241
2.16795
2.15277
2.13725
2.12201
2.10579
2.08872
2.07368
2.05925
2.04326
2.02558
2.01037
2.23804
2.22451
2.21059
2.19683
2.18335
2.16924
2.15395
2.13888
2.12436
2.10884
2.093
2.07875
2.06421
2.04822
2.03238
2.01706
2.2364
2.22356
2.21035
2.19698
2.18377
2.16989
2.15495
2.14042
2.12646
2.11206
2.09766
2.08295
2.06781
2.05285
2.03843
2.02292
2.2346
2.22251
2.20998
2.19693
2.18369
2.17016
2.15618
2.14204
2.12835
2.11529
2.10146
2.08609
2.07067
2.05732
2.04341
2.02821
2.23276
2.22131
2.20934
2.19653
2.18335
2.17048
2.15759
2.14388
2.13028
2.11764
2.10409
2.08867
2.07405
2.06119
2.04804
2.03332
2.23064
2.21969
2.20823
2.19575
2.1829
2.17082
2.15885
2.14569
2.13205
2.11909
2.1058
2.0916
2.07797
2.06473
2.0517
2.03845
2.22835
2.21778
2.20678
2.19489
2.18264
2.17109
2.15967
2.14713
2.13355
2.12008
2.10733
2.09499
2.08183
2.06797
2.05479
2.04255
2.22572
2.21544
2.20489
2.19381
2.1823
2.17096
2.15973
2.14785
2.13453
2.12096
2.10916
2.09789
2.0851
2.07075
2.05774
2.0453
2.22306
2.213
2.20285
2.19258
2.18174
2.17048
2.15937
2.14793
2.13528
2.1223
2.11094
2.09998
2.08752
2.07358
2.06026
2.04763
2.22026
2.21043
2.2006
2.19093
2.18062
2.16944
2.15835
2.14742
2.13579
2.12378
2.11223
2.10085
2.08896
2.07621
2.06276
2.04996
2.21762
2.20804
2.19841
2.18896
2.17904
2.16815
2.15704
2.14655
2.13615
2.12496
2.11294
2.10111
2.09003
2.0783
2.06542
2.05301
2.21498
2.20567
2.19617
2.18673
2.17706
2.1666
2.15567
2.14558
2.13592
2.12524
2.11317
2.10138
2.09082
2.08008
2.06821
2.05652
2.2124
2.20341
2.19405
2.18455
2.17503
2.16503
2.15455
2.14464
2.13522
2.12494
2.11326
2.10184
2.09153
2.08147
2.07081
2.0595
)
;

boundaryField
{
    inlet
    {
        type            fixedValue;
        value           uniform 1;
    }
    outlet
    {
        type            inletOutlet;
        inletValue      nonuniform 0();
        value           nonuniform 0();
    }
    bottom
    {
        type            zeroGradient;
    }
    top
    {
        type            zeroGradient;
    }
    obstacle
    {
        type            zeroGradient;
    }
    defaultFaces
    {
        type            empty;
    }
    procBoundary0to1
    {
        type            processor;
        value           nonuniform List<scalar> 
49
(
1.35156
1.03204
0.892279
0.925655
0.997253
1.07502
1.14319
1.194
1.24638
1.29889
1.35643
1.41617
1.47418
1.52669
1.57115
1.61052
1.64593
1.67869
1.70948
1.73696
1.76382
1.78692
1.80844
1.83115
1.8507
1.86868
1.88604
1.90254
1.91632
1.92857
1.93873
1.94823
1.95815
1.96839
1.97848
1.98743
1.99496
2.00126
2.0066
2.01255
2.01922
2.02486
2.0289
2.03219
2.03523
2.03883
2.04265
2.04559
2.04752
)
;
    }
    procBoundary0to4
    {
        type            processor;
        value           nonuniform List<scalar> 
209
(
2.30148
2.29772
2.29369
2.28945
2.28505
2.28051
2.27583
2.27096
2.26582
2.26033
2.25439
2.248
2.24121
2.23399
2.22624
2.21803
1
1
1
1
1
1
1
1
1
1
1
1
1
1
1
1
1
1
1
1
1
1
1
1
1
1
1
1
1
1
1
1
1
1
1
1
1
1
1
1
1
1
1
1
1
1
1
1
1
1
1
1
1
1
1
1
1
1
1
1
1
1
1
1
1
1
1
1
1
1
1
1
1
1
1
1
1
1
1
1
1
1
1
1
1
1
1
1
1
1
1
1
1
1
1
1
1
1
1
1
1
1
1
1
1
1
1
1
1
1
1
1
1
1
1
1
1
1
1
1
1
1
1
1
1
1
1
1
1
1
1
1
1
1
1
1
1
1
1
1
1
1
1
1
1
1
1
1
1
1
1
1
1
1
1
1
1
1
1
1
1
1
1
1
1.00224
1.58026
2.23618
2.31445
2.314
2.31347
2.31195
2.31005
2.3078
2.30506
2.30191
2.30148
2.29847
2.20963
2.201
2.19189
2.18246
2.17309
2.16357
2.15364
2.14376
2.13411
2.12404
2.11329
2.10248
2.09207
2.08233
2.07244
2.06118
)
;
    }
}


// ************************************************************************* //
