/*--------------------------------*- C++ -*----------------------------------*\
  =========                 |
  \\      /  F ield         | OpenFOAM: The Open Source CFD Toolbox
   \\    /   O peration     | Website:  https://openfoam.org
    \\  /    A nd           | Version:  7
     \\/     M anipulation  |
\*---------------------------------------------------------------------------*/
FoamFile
{
    version     2.0;
    format      ascii;
    class       volScalarField;
    location    "1.4";
    object      rho;
}
// * * * * * * * * * * * * * * * * * * * * * * * * * * * * * * * * * * * * * //

dimensions      [1 -3 0 0 0 0 0];

internalField   nonuniform List<scalar> 
4128
(
1.40001
1.40001
1.40001
1.40001
1.40001
1.40001
1.40001
1.40001
1.40001
1.40001
1.40001
1.40001
1.40001
1.40001
1.40001
1.40001
1.40001
1.40001
1.40001
1.40001
1.40001
1.40001
1.40001
1.40001
1.40001
1.40001
1.40001
1.40001
1.40001
1.40001
1.40001
1.40001
1.40001
1.40001
1.40001
1.40001
1.40001
1.40001
1.40001
1.40001
1.40001
1.40001
1.40001
1.40001
1.40001
1.40001
1.40001
1.40001
1.40001
1.40001
1.40001
1.40001
1.40001
1.40001
1.40001
1.40001
1.40001
1.40001
1.40001
1.40001
1.40001
1.40001
1.40001
1.40001
1.40001
1.40001
1.40001
1.40001
1.40001
1.40001
1.40001
1.40001
1.40001
1.40001
1.40001
1.40001
1.40001
1.40001
1.40001
1.40001
1.40001
1.40001
1.40001
1.40001
1.40001
1.40001
1.40001
1.40001
1.40001
1.40001
1.40001
1.40001
1.40001
1.40001
1.40001
1.40001
1.40001
1.40001
1.40001
1.40001
1.40001
1.40001
1.40001
1.40001
1.40001
1.40001
1.40001
1.40001
1.40001
1.40001
1.40001
1.40001
1.40001
1.40001
1.40001
1.40001
1.40001
1.40001
1.40001
1.40001
1.40001
1.40001
1.40001
1.40001
1.40001
1.40001
1.40001
1.40001
1.40001
1.40001
1.40001
1.40001
1.40001
1.40001
1.40001
1.40001
1.40001
1.40001
1.40001
1.40001
1.40001
1.40001
1.40001
1.40001
1.40001
1.40001
1.40001
1.40001
1.40001
1.40001
1.40001
1.40001
1.40001
1.40001
1.40001
1.40001
1.40001
1.40001
1.40001
1.40001
1.40001
1.40001
1.40001
1.40001
1.40001
1.40001
1.40001
1.40001
1.40001
1.40001
1.40001
1.40001
1.40001
1.40001
1.40001
1.40001
1.40001
1.40001
1.40001
1.40001
1.40001
1.40001
1.40001
1.40001
1.40001
1.40001
1.40001
1.40001
1.40001
1.40001
1.40001
1.40001
1.40001
1.40001
1.40001
1.40001
1.40001
1.40001
1.40001
1.40001
1.40001
1.40001
1.40001
1.40001
1.40001
1.40001
1.40001
1.40001
1.40001
1.40001
1.40001
1.40001
1.40001
1.40001
1.40001
1.40001
1.40001
1.40001
1.40001
1.40001
1.40001
1.40001
1.40001
1.40001
1.40001
1.40001
1.40001
1.40001
1.40001
1.40001
1.40001
1.40001
1.40001
1.40001
1.40001
1.40001
1.40001
1.40001
1.40001
1.40001
1.40001
1.40001
1.40001
1.40001
1.40001
1.40001
1.40001
1.40001
1.40001
1.40001
1.40001
1.40001
1.40001
1.40001
1.40001
1.40001
1.40001
1.40001
1.40001
1.40001
1.40001
1.40001
1.40001
1.40001
1.40001
1.40001
1.40001
1.40001
1.40001
1.40001
1.40001
1.40001
1.40001
1.40001
1.40001
1.40001
1.40001
1.40001
1.40001
1.40001
1.40001
1.40001
1.40001
1.40001
1.40001
1.40001
1.40001
1.40001
1.40001
1.40001
1.40001
1.40001
1.40001
1.40001
1.40001
1.40001
1.40001
1.40001
1.40001
1.40001
1.40001
1.40001
1.40001
1.40001
1.40001
1.40001
1.40001
1.40001
1.40001
1.40001
1.40001
1.40001
1.40001
1.40001
1.40001
1.40001
1.40001
1.40001
1.40001
1.40001
1.40001
1.40001
1.40001
1.40001
1.40001
1.40001
1.40001
1.40001
1.40001
1.40001
1.40001
1.40001
1.40001
1.40001
1.40001
1.40001
1.40001
1.40001
1.40001
1.40001
1.40001
1.40001
1.40001
1.40001
1.40001
1.40001
1.40001
1.40001
1.40001
1.40001
1.40001
1.40001
1.40001
1.40001
1.40001
1.40001
1.40001
1.40001
1.40001
1.40001
1.40001
1.40001
1.40001
1.40001
1.40001
1.40001
1.40001
1.40001
1.40001
1.40001
1.40001
1.40001
1.40001
1.40001
1.40001
1.40001
1.40001
1.40001
1.40001
1.40001
1.40001
1.40001
1.40001
1.40001
1.40001
1.40001
1.40001
1.40001
1.40001
1.40001
1.40001
1.40001
1.40001
1.40001
1.40001
1.40001
1.40001
1.40001
1.40001
1.40001
1.40001
1.40001
1.40001
1.40001
1.40001
1.40001
1.40001
1.40001
1.40001
1.40001
1.40001
1.40001
1.40001
1.40001
1.40001
1.40001
1.40001
1.40001
1.40001
1.40001
1.40001
1.40001
1.40001
1.40001
1.40001
1.40001
1.40001
1.40001
1.40001
1.40001
1.40001
1.40001
1.40001
1.40001
1.40001
1.40001
1.40001
1.40001
1.40001
1.40001
1.40001
1.40001
1.40001
1.40001
1.40001
1.40001
1.40001
1.40001
1.40001
1.40001
1.40001
1.40001
1.40001
1.40001
1.40001
1.40001
1.40001
1.40001
1.40001
1.40001
1.40001
1.40001
1.40001
1.40001
1.40001
1.40001
1.40001
1.40001
1.40001
1.40001
1.40001
1.40001
1.40001
1.40001
1.40001
1.40001
1.40001
1.40001
1.40001
1.40001
1.40001
1.40001
1.40001
1.40001
1.40001
1.40001
1.40001
1.40001
1.40001
1.40001
1.40001
1.40001
1.40001
1.40001
1.40001
1.40001
1.40001
1.40001
1.40001
1.40001
1.40001
1.40001
1.40001
1.40001
1.40001
1.40001
1.40001
1.40001
1.40001
1.40001
1.40001
1.40001
1.40001
1.40001
1.40001
1.40001
1.40001
1.40001
1.40001
1.40001
1.40001
1.40001
1.40001
1.40001
1.40001
1.40001
1.40001
1.40001
1.40001
1.40001
1.40001
1.40001
1.40001
1.40001
1.40001
1.40001
1.40001
1.40001
1.40001
1.40001
1.40001
1.40001
1.40001
1.40001
1.40001
1.40001
1.40001
1.40001
1.40001
1.40001
1.40001
1.40001
1.40001
1.40001
1.40001
1.40001
1.40001
1.40001
1.40001
1.40001
1.40001
1.40001
1.40001
1.40001
1.40001
1.40001
1.40001
1.40001
1.40001
1.40001
1.40001
1.40001
1.40001
1.40001
1.40001
1.40001
1.40001
1.40001
1.40001
1.40001
1.40001
1.40001
1.40001
1.40001
1.40001
1.40001
1.40001
1.40001
1.40001
1.40001
1.40001
1.40001
1.40001
1.40001
1.40001
1.40001
1.40001
1.40001
1.40001
1.40001
1.40001
1.40001
1.40001
1.40001
1.40001
1.40001
1.40001
1.40001
1.40001
1.40001
1.40001
1.40001
1.40001
1.40001
1.40001
1.40001
1.40001
1.40001
1.40001
1.40001
1.40001
1.40001
1.40001
1.40001
1.40001
1.40001
1.40001
1.40001
1.40001
1.40001
1.40001
1.40001
1.40001
1.40001
1.40001
1.40001
1.40001
1.40001
1.40001
1.40001
1.40001
1.40001
1.40001
1.40001
1.40001
1.40001
1.40001
1.40001
1.40001
1.40001
1.40001
1.40001
1.40001
1.40001
1.40001
1.40001
1.40001
1.40001
1.40001
1.40001
1.40001
1.40001
1.40001
1.40001
1.40001
1.40001
1.40001
1.40001
1.40001
1.40001
1.40001
1.40001
1.40001
1.40001
1.40001
1.40001
1.40001
1.40001
1.40001
1.40001
1.40001
1.40001
1.40001
1.40001
1.40001
1.40001
1.40001
1.40001
1.40001
1.40001
1.40001
1.40001
1.40001
1.40001
1.40001
1.40001
1.40001
1.40001
1.40001
1.40001
1.40001
1.40001
1.40001
1.40001
1.40001
1.40001
1.40001
1.40001
1.40001
1.40001
1.40001
1.40001
1.40001
1.40001
1.40001
1.40001
1.40001
1.40001
1.40001
1.40001
1.40001
1.40001
1.40001
1.40001
1.40001
1.40001
1.40001
1.40001
1.40001
1.40001
1.40001
1.40001
1.40001
1.40001
1.40001
1.40001
1.40001
1.40001
1.40001
1.40001
1.40001
1.40001
1.40001
1.40001
1.40001
1.40001
1.40001
1.40001
1.40001
1.40001
1.40001
1.40001
1.40001
1.40001
1.40001
1.40001
1.40001
1.40001
1.40001
1.40001
1.40001
1.40001
1.40001
1.40001
1.40001
1.40001
1.40001
1.40001
1.40001
1.40001
1.40001
1.40001
1.40001
1.40001
1.40001
1.40001
1.40001
1.40001
1.40001
1.40001
1.40001
1.40001
1.40001
1.40001
1.40001
1.40001
1.40001
1.40001
1.40001
1.40001
1.40001
1.40001
1.40001
1.40001
1.40001
1.40001
1.40001
1.40001
1.40001
1.40001
1.40001
1.40001
1.40001
1.40001
1.40001
1.40001
1.40001
1.40001
1.40001
1.40001
1.40001
1.40001
1.40001
1.40001
1.40001
1.40001
1.40001
1.40001
1.40001
1.40001
1.40001
1.40001
1.40001
1.40001
1.40001
1.40001
1.40001
1.40001
1.40001
1.40001
1.40001
1.40001
1.40001
1.40001
1.40001
1.40001
1.40001
1.40001
1.40001
1.40001
1.40001
1.40001
1.40001
1.40001
1.40001
1.40001
1.40001
1.40001
1.40001
1.40001
1.40001
1.40001
1.40001
1.40001
1.40001
1.40001
1.40001
1.40001
1.40001
1.40001
1.40001
1.40001
1.40001
1.40001
1.40001
1.40001
1.40001
1.40001
1.40001
1.40001
1.40001
1.40001
1.40001
1.40001
1.40001
1.40001
1.40001
1.40001
1.40001
1.40001
1.40001
1.40001
1.40001
1.40001
1.40001
1.40001
1.40001
1.40001
1.40001
1.40001
1.40001
1.40001
1.40001
1.40001
1.40001
1.40001
1.40001
1.40001
1.40001
1.40001
1.40001
1.40001
1.40001
1.40001
1.40001
1.40001
1.40001
1.40001
1.40001
1.40001
1.40001
1.40001
1.40001
1.40001
1.40001
1.40001
1.40001
1.40001
1.40001
1.40001
1.40001
1.40001
1.40001
1.40001
1.40001
1.40001
1.40001
1.40001
1.40001
1.40001
1.40001
1.40001
1.40001
1.40001
1.40001
1.40001
1.40001
1.40001
1.40001
1.40001
1.40001
1.40001
1.40001
1.40001
1.40001
1.40001
1.40001
1.40001
1.40001
1.40001
1.40001
1.40001
1.40001
1.40001
1.40001
1.40001
1.40001
1.40001
1.40001
1.40001
1.40001
1.40001
1.40001
1.40001
1.40001
1.40001
1.40001
1.40001
1.40001
1.40001
1.40001
1.40001
1.40001
1.40001
1.40001
1.40001
1.40001
1.40001
1.40001
1.40001
1.40001
1.40001
1.40001
1.40001
1.40001
1.40001
1.40001
1.40001
1.40001
1.40001
1.40001
1.40001
1.40001
1.40001
1.40001
1.40001
1.40001
1.40001
1.40001
1.40001
1.40001
1.40001
1.40001
1.40001
1.40001
1.40001
1.40001
1.40001
1.40001
1.40001
1.40001
1.40001
1.40001
1.40001
1.40001
1.40001
1.40001
1.40001
1.40001
1.40001
1.40001
1.40001
1.40001
1.40001
1.40001
1.40001
1.40001
1.40001
1.40001
1.40001
1.40001
1.40001
1.40001
1.40001
1.40001
1.40001
1.40001
1.40001
1.40001
1.40001
1.40001
1.40001
1.40001
1.40001
1.40001
1.40001
1.40001
1.40001
1.40001
1.40001
1.40001
1.40001
1.40001
1.40001
1.40001
1.40001
1.40001
1.40001
1.40001
1.40001
1.40001
1.40001
1.40001
1.40001
1.40001
1.40001
1.40001
1.40001
1.40001
1.40001
1.40001
1.40001
1.40001
1.40001
1.40001
1.40001
1.40001
1.40001
1.40001
1.40001
1.40001
1.40001
1.40001
1.40001
1.40001
1.40001
1.40001
1.40001
1.40001
1.40001
1.40001
1.40001
1.40001
1.40001
1.40001
1.40001
1.40001
1.40001
1.40001
1.40001
1.40001
1.40001
1.40001
1.40001
1.40001
1.40001
1.40001
1.40001
1.40001
1.40001
1.40001
1.40001
1.40001
1.40001
1.40001
1.40001
1.40001
1.40001
1.40001
1.40001
1.40001
1.40001
1.40001
1.40001
1.40001
1.40001
1.40001
1.40001
1.40001
1.40001
1.40001
1.40001
1.40001
1.40001
1.40001
1.40001
1.40001
1.40001
1.40001
1.40001
1.40001
1.40001
1.40001
1.40001
1.40001
1.40001
1.40001
1.40001
1.40001
1.40001
1.40001
1.40001
1.40001
1.40001
1.40001
1.40001
1.40001
1.40001
1.40001
1.40001
1.40001
1.40001
1.40001
1.40001
1.40001
1.40001
1.40001
1.40001
1.40001
1.40001
1.40001
1.40001
1.40001
1.40001
1.40001
1.40001
1.40001
1.40001
1.40001
1.40001
1.40001
1.40001
1.40001
1.40001
1.40001
1.40001
1.40001
1.40001
1.40001
1.40001
1.40001
1.40001
1.40001
1.40001
1.40001
1.40001
1.40001
1.40001
1.40001
1.40001
1.40001
1.40001
1.40001
1.40001
1.40001
1.40001
1.40001
1.40001
1.40001
1.40001
1.40001
1.40001
1.40001
1.40001
1.40001
1.40001
1.40001
1.40001
1.40001
1.40001
1.40001
1.40001
1.40001
1.40001
1.40001
1.40001
1.40001
1.40001
1.40001
1.40001
1.40001
1.40001
1.40001
1.40001
1.40001
1.40001
1.40001
1.40001
1.40001
1.40001
1.40001
1.40001
1.40001
1.40001
1.40001
1.40001
1.40001
1.40001
1.40001
1.40001
1.40001
1.40001
1.40001
1.40001
1.40001
1.40001
1.40001
1.40001
1.40001
1.40001
1.40001
1.40001
1.40001
1.40001
1.40001
1.40001
1.40001
1.40001
1.40001
1.40001
1.40001
1.40001
1.40001
1.40001
1.40001
1.40001
1.40001
1.40001
1.40001
1.40001
1.40001
1.40001
1.40001
1.40001
1.40001
1.40001
1.40001
1.40001
1.40001
1.40001
1.40001
1.40001
1.40001
1.40001
1.40001
1.40001
1.40001
1.40001
1.40001
1.40001
1.40001
1.40001
1.40001
1.40001
1.40001
1.40001
1.40001
1.40001
1.40001
1.40001
1.40001
1.40001
1.40001
1.40001
1.40001
1.40001
1.40001
1.40001
1.40001
1.40001
1.40001
1.40001
1.40001
1.40001
1.40001
1.40001
1.40001
1.40001
1.40001
1.40001
1.40001
1.40001
1.40001
1.40001
1.40001
1.40001
1.40001
1.40001
1.40001
1.40001
1.40001
1.40001
1.40001
1.40001
1.40001
1.40001
1.40001
1.40001
1.40001
1.40001
1.40001
1.40001
1.40001
1.40001
1.40001
1.40001
1.40001
1.40001
1.40001
1.40001
1.40001
1.40001
1.40001
1.40001
1.40001
1.40001
1.40001
1.40001
1.40001
1.40001
1.40001
1.40001
1.40001
1.40001
1.40001
1.40001
1.40001
1.40001
1.40001
1.40001
1.40001
1.40001
1.40001
1.40001
1.40001
1.40001
1.40001
1.40001
1.40001
1.40001
1.40001
1.40001
1.40001
1.40001
1.40001
1.40001
1.40001
1.40001
1.40001
1.40001
1.40001
1.40001
1.40001
1.40001
1.40001
1.40001
1.40001
1.40001
1.40001
1.40001
1.40001
1.40001
1.40001
1.40001
1.40001
1.40001
1.40001
1.40001
1.40001
1.40001
1.40001
1.40001
1.40001
1.40001
1.40001
1.40001
1.40001
1.40001
1.40001
1.40001
1.40001
1.40001
1.40001
1.40001
1.40001
1.40001
1.40001
1.40001
1.40001
1.40001
1.40001
1.40001
1.40001
1.40001
1.40001
1.40001
1.40001
1.40001
1.40001
1.40001
1.40001
1.40001
1.40001
1.40001
1.40001
1.40001
1.40001
1.40001
1.40001
1.40001
1.40001
1.40001
1.40001
1.40001
1.40001
1.40001
1.40001
1.40001
1.40001
1.40001
1.40001
1.40001
1.40001
1.40001
1.40001
1.40001
1.40001
1.40001
1.40001
1.40001
1.40001
1.40001
1.40001
1.40001
1.40001
1.40001
1.40001
1.40001
1.40001
1.40001
1.40001
1.40001
1.40001
1.40001
1.40001
1.40001
1.40001
1.40001
1.40001
1.40001
1.40001
1.40001
1.40001
1.40001
1.40001
1.40001
1.40001
1.40001
1.40001
1.40001
1.40001
1.40001
1.40001
1.40001
1.40001
1.40001
1.40001
1.40001
1.40001
1.40001
1.40001
1.40001
1.40001
1.40001
1.40001
1.40001
1.40001
1.40001
1.40001
1.40001
1.40001
1.40001
1.40001
1.40001
1.40001
1.40001
1.40001
1.40001
1.40001
1.40001
1.40001
1.40001
1.40001
1.40001
1.40001
1.40001
1.40001
1.40001
1.40001
1.40001
1.40001
1.40001
1.40001
1.40001
1.40001
1.40001
1.40001
1.40001
1.40001
1.40001
1.40001
1.40001
1.40001
1.40001
1.40001
1.40001
1.40001
1.40001
1.40001
1.40001
1.40001
1.40001
1.40001
1.40001
1.40001
1.40001
1.40001
1.40001
1.40001
1.40001
1.40001
1.40001
1.40001
1.40001
1.40001
1.40001
1.40001
1.40001
1.40001
1.40001
1.40001
1.40001
1.40001
1.40001
1.40001
1.40001
1.40001
1.40001
1.40001
1.40001
1.40001
1.40001
1.40001
1.40001
1.40001
1.40001
1.40001
1.40001
1.40001
1.40001
1.40001
1.40001
1.40001
1.40001
1.40001
1.40001
1.40001
1.40001
1.40001
1.40001
1.40001
1.40001
1.40001
1.40001
1.40001
1.40001
1.40001
1.40001
1.40001
1.40001
1.40001
1.40001
1.40001
1.40001
1.40001
1.40001
1.40001
1.40001
1.40001
1.40001
1.40001
1.40001
1.40001
1.40001
1.40001
1.40001
1.40001
1.40001
1.40001
1.40001
1.40001
1.40001
1.40001
1.40001
1.40001
1.40001
1.40001
1.40001
1.40001
1.40001
1.40001
1.40001
1.40001
1.40001
1.40001
1.40001
1.40001
1.40001
1.40001
1.40001
1.40001
1.40001
1.40001
1.40001
1.40001
1.40001
1.40001
1.40001
1.40001
1.40001
1.40001
1.40001
1.40001
1.40001
1.40001
1.40001
1.40001
1.40001
1.40001
1.40001
1.40001
1.40001
1.40001
1.40001
1.40001
1.40001
1.40001
1.40001
1.40001
1.40001
1.40001
1.40001
1.40001
1.40001
1.40001
1.40001
1.40001
1.40001
1.40001
1.40001
1.40001
1.40001
1.40001
1.40001
1.40001
1.40001
1.40001
1.40001
1.40001
1.40001
1.40001
1.40001
1.40001
1.40001
1.40001
1.40001
1.40001
1.40001
1.40001
1.40001
1.40001
1.40001
1.40001
1.40001
1.40001
1.40001
1.40001
1.40001
1.40001
1.40001
1.40001
1.40001
1.40001
1.40001
1.40001
1.40001
1.40001
1.40001
1.40001
1.40001
1.40001
1.40001
1.40001
1.40001
1.40001
1.40001
1.40001
1.40001
1.40001
1.40001
1.40001
1.40001
1.40001
1.40001
1.40001
1.40001
1.40001
1.40001
1.40001
1.40001
1.40001
1.40001
1.40001
1.40001
1.40001
1.40001
1.83222
1.80426
1.78038
1.73724
1.74347
2.00424
1.40001
1.40001
1.40001
1.40001
1.40001
1.40001
1.40001
1.40001
1.40028
1.42459
1.79193
2.80038
3.6638
3.75532
3.71281
3.6111
3.48277
3.36066
3.29928
3.22804
3.14551
3.04163
2.96915
2.90238
2.82487
2.76103
2.67331
2.61191
2.56902
2.5056
2.44552
2.37494
2.32322
2.28951
2.23963
2.19094
2.13017
2.08402
2.06028
2.02059
1.97638
1.93486
1.88584
1.86411
1.84223
1.79687
1.7527
1.77853
1.40001
1.40001
1.40001
1.40001
1.40001
1.40001
1.40001
1.40001
1.40001
1.40034
1.4245
1.74285
2.78676
3.63494
3.68881
3.6676
3.58249
3.45519
3.37735
3.30301
3.2134
3.1185
3.05016
2.97307
2.90438
2.82999
2.74136
2.70005
2.64402
2.57359
2.5151
2.44139
2.39643
2.35823
2.3054
2.25322
2.18795
2.15204
2.12371
2.07688
2.03521
1.98928
1.94279
1.92451
1.89836
1.85754
1.79584
1.78794
1.40001
1.40001
1.40001
1.40001
1.40001
1.40001
1.40001
1.40001
1.40001
1.40001
1.40033
1.42042
1.72793
2.78296
3.52831
3.67969
3.66436
3.56971
3.46977
3.38043
3.27704
3.19334
3.1201
3.04488
2.98063
2.88742
2.82691
2.78456
2.71107
2.64574
2.58367
2.50682
2.47016
2.42584
2.37043
2.31337
2.25076
2.22068
2.18464
2.13531
2.09497
2.04114
2.0049
1.98531
1.95087
1.91242
1.86504
1.82286
1.40001
1.40001
1.40001
1.40001
1.40001
1.40001
1.40001
1.40001
1.40001
1.40001
1.40001
1.40028
1.41951
1.73519
2.68495
3.50937
3.66008
3.64215
3.56599
3.46442
3.35074
3.26775
3.18891
3.12147
3.04286
2.95628
2.91746
2.85785
2.77838
2.72107
2.64393
2.57675
2.54442
2.49105
2.43432
2.37285
2.318
2.28815
2.24343
2.19634
2.15219
2.09447
2.06981
2.04502
2.0016
1.96734
1.92827
1.88327
1.40001
1.40001
1.40001
1.40001
1.40001
1.40001
1.40001
1.40001
1.40001
1.40001
1.40001
1.40001
1.40028
1.42053
1.69575
2.61835
3.44617
3.62632
3.61659
3.55272
3.43273
3.33642
3.26111
3.19624
3.10191
3.04399
2.99947
2.92073
2.85048
2.79025
2.69887
2.65258
2.61601
2.55427
2.4986
2.43384
2.38779
2.3534
2.30248
2.25794
2.20394
2.15448
2.13571
2.10187
2.05527
2.02366
1.98324
1.9449
1.40001
1.40001
1.40001
1.40001
1.40001
1.40001
1.40001
1.40001
1.40001
1.40001
1.40001
1.40001
1.40001
1.40029
1.4169
1.64759
2.53864
3.31478
3.60399
3.60853
3.52552
3.42465
3.34928
3.25614
3.1688
3.13208
3.06838
2.98264
2.92274
2.84613
2.7601
2.72998
2.6821
2.61783
2.56268
2.49667
2.4579
2.41634
2.36397
2.31745
2.25399
2.22048
2.1996
2.15529
2.11351
2.08122
2.03214
2.004
1.40001
1.40001
1.40001
1.40001
1.40001
1.40001
1.40001
1.40001
1.40001
1.40001
1.40001
1.40001
1.40001
1.40001
1.40022
1.41165
1.61455
2.36546
3.21696
3.59378
3.59054
3.52369
3.43834
3.3199
3.25746
3.20959
3.12397
3.0489
2.98904
2.89383
2.83479
2.80488
2.74283
2.68317
2.62413
2.56094
2.52595
2.47736
2.42663
2.37201
2.31018
2.28848
2.25922
2.20872
2.17481
2.135
2.08434
2.06193
1.40001
1.40001
1.40001
1.40001
1.40001
1.40001
1.40001
1.40001
1.40001
1.40001
1.40001
1.40001
1.40001
1.40001
1.40001
1.40013
1.40867
1.56289
2.18363
3.20617
3.54095
3.53116
3.50462
3.42587
3.35358
3.26797
3.17308
3.11292
3.04361
2.95004
2.91697
2.8741
2.80304
2.74927
2.68071
2.62688
2.59084
2.53814
2.4894
2.42489
2.37657
2.35414
2.31292
2.26732
2.23428
2.17804
2.14145
2.11758
1.40001
1.40001
1.40001
1.40001
1.40001
1.40001
1.40001
1.40001
1.40001
1.40001
1.40001
1.40001
1.40001
1.40001
1.40001
1.40001
1.40008
1.40605
1.5105
2.14428
3.15261
3.43618
3.51195
3.51187
3.43479
3.31861
3.23357
3.17779
3.08943
3.02609
3.00013
2.93606
2.86747
2.81445
2.73645
2.69312
2.65329
2.60146
2.55098
2.48704
2.44365
2.41167
2.36849
2.33351
2.28175
2.22307
2.20131
2.16746
1.40001
1.40001
1.40001
1.40001
1.40001
1.40001
1.40001
1.40001
1.40001
1.40001
1.40001
1.40001
1.40001
1.40001
1.40001
1.40001
1.40001
1.40006
1.40398
1.4968
2.1423
2.96449
3.39684
3.54455
3.50062
3.40076
3.32764
3.23456
3.14018
3.12169
3.08245
2.99715
2.93774
2.87207
2.79321
2.75782
2.71773
2.66602
2.60964
2.55348
2.50379
2.46372
2.43301
2.39465
2.32201
2.28238
2.25647
2.2101
1.40001
1.40001
1.40001
1.40001
1.40001
1.40001
1.40001
1.40001
1.40001
1.40001
1.40001
1.40001
1.40001
1.40001
1.40001
1.40001
1.40001
1.40001
1.40004
1.40331
1.49471
2.00873
2.71556
3.40065
3.53429
3.4975
3.39838
3.27325
3.22877
3.22303
3.14724
3.05605
3.00004
2.92285
2.84813
2.81913
2.78452
2.73117
2.66916
2.61543
2.56602
2.51495
2.49007
2.44483
2.37576
2.33936
2.30362
2.26071
1.40001
1.40001
1.40001
1.40001
1.40001
1.40001
1.40001
1.40001
1.40001
1.40001
1.40001
1.40001
1.40001
1.40001
1.40001
1.40001
1.40001
1.40001
1.40001
1.40003
1.40273
1.46223
1.7569
2.54619
3.40221
3.42678
3.39935
3.35801
3.34151
3.28895
3.18102
3.11074
3.06062
2.97303
2.90771
2.89008
2.85371
2.79029
2.72766
2.68085
2.63122
2.56661
2.54187
2.49734
2.43314
2.38911
2.35162
2.32714
1.40001
1.40001
1.40001
1.40001
1.40001
1.40001
1.40001
1.40001
1.40001
1.40001
1.40001
1.40001
1.40001
1.40001
1.40001
1.40001
1.40001
1.40001
1.40001
1.40001
1.40002
1.40112
1.42343
1.6402
2.56362
3.16666
3.3304
3.44725
3.42694
3.3368
3.23559
3.18865
3.1171
3.01716
2.98301
2.96901
2.91748
2.84441
2.78666
2.74311
2.67522
2.62286
2.60208
2.55191
2.48932
2.44389
2.41345
2.39294
1.40001
1.40001
1.40001
1.40001
1.40001
1.40001
1.40001
1.40001
1.40001
1.40001
1.40001
1.40001
1.40001
1.40001
1.40001
1.40001
1.40001
1.40001
1.40001
1.40001
1.40001
1.40001
1.40035
1.41404
1.64964
2.40655
3.00596
3.39031
3.45672
3.42589
3.35815
3.27183
3.15384
3.07182
3.06091
3.04105
2.97813
2.90554
2.85114
2.78697
2.70814
2.68514
2.66135
2.60492
2.5508
2.51019
2.48211
2.44364
1.40001
1.40001
1.40001
1.40001
1.40001
1.40001
1.40001
1.40001
1.40001
1.40001
1.40001
1.40001
1.40001
1.40001
1.40001
1.40001
1.40001
1.40001
1.40001
1.40001
1.40001
1.40001
1.40001
1.40026
1.41429
1.61589
2.14443
2.89763
3.40611
3.42012
3.34798
3.29558
3.20436
3.13298
3.12388
3.10078
3.03832
2.97455
2.90927
2.81737
2.7612
2.75352
2.72006
2.66367
2.61761
2.57928
2.54196
2.47444
1.40001
1.40001
1.40001
1.40001
1.40001
1.40001
1.40001
1.40001
1.40001
1.40001
1.40001
1.40001
1.40001
1.40001
1.40001
1.40001
1.40001
1.40001
1.40001
1.40001
1.40001
1.40001
1.40001
1.40001
1.40023
1.41056
1.50527
1.92489
2.77539
3.26999
3.3531
3.34301
3.2875
3.21862
3.18304
3.15303
3.0992
3.03648
2.95134
2.85444
2.82674
2.81955
2.78138
2.73136
2.68626
2.64224
2.58262
2.50693
1.40001
1.40001
1.40001
1.40001
1.40001
1.40001
1.40001
1.40001
1.40001
1.40001
1.40001
1.40001
1.40001
1.40001
1.40001
1.40001
1.40001
1.40001
1.40001
1.40001
1.40001
1.40001
1.40001
1.40001
1.40001
1.4001
1.40293
1.44994
1.81472
2.52511
3.14951
3.33217
3.33872
3.31352
3.26682
3.21364
3.15315
3.08043
2.98843
2.91013
2.89505
2.88302
2.84529
2.79579
2.74457
2.68877
2.60716
2.55633
1.40001
1.40001
1.40001
1.40001
1.40001
1.40001
1.40001
1.40001
1.40001
1.40001
1.40001
1.40001
1.40001
1.40001
1.40001
1.40001
1.40001
1.40001
1.40001
1.40001
1.40001
1.40001
1.40001
1.40001
1.40001
1.40001
1.40002
1.40112
1.43238
1.68425
2.31661
3.07296
3.30961
3.33609
3.32364
3.27898
3.20062
3.11911
3.0334
2.97209
2.96217
2.95128
2.91126
2.85346
2.79376
2.72236
2.63728
2.61434
1.40001
1.40001
1.40001
1.40001
1.40001
1.40001
1.40001
1.40001
1.40001
1.40001
1.40001
1.40001
1.40001
1.40001
1.40001
1.40001
1.40001
1.40001
1.40001
1.40001
1.40001
1.40001
1.40001
1.40001
1.40001
1.40001
1.40001
1.40001
1.40061
1.41856
1.58154
2.17151
2.96706
3.2486
3.31586
3.30928
3.25204
3.17798
3.10322
3.03797
3.02315
3.01295
2.96661
2.89958
2.83557
2.75524
2.68481
2.67551
1.40001
1.40001
1.40001
1.40001
1.40001
1.40001
1.40001
1.40001
1.40001
1.40001
1.40001
1.40001
1.40001
1.40001
1.40001
1.40001
1.40001
1.40001
1.40001
1.40001
1.40001
1.40001
1.40001
1.40001
1.40001
1.40001
1.40001
1.40001
1.40001
1.40027
1.40938
1.51786
2.03044
2.74808
3.12938
3.30151
3.29765
3.26309
3.1844
3.0977
3.08036
3.07163
3.01463
2.93996
2.87582
2.7963
2.74343
2.73831
1.40001
1.40001
1.40001
1.40001
1.40001
1.40001
1.40001
1.40001
1.40001
1.40001
1.40001
1.40001
1.40001
1.40001
1.40001
1.40001
1.40001
1.40001
1.40001
1.40001
1.40001
1.40001
1.40001
1.40001
1.40001
1.40001
1.40001
1.40001
1.40001
1.40001
1.40011
1.4046
1.47096
1.82922
2.41608
3.02234
3.29416
3.27117
3.21067
3.16784
3.16072
3.13582
3.05558
2.97897
2.91825
2.84446
2.80714
2.80485
1.40001
1.40001
1.40001
1.40001
1.40001
1.40001
1.40001
1.40001
1.40001
1.40001
1.40001
1.40001
1.40001
1.40001
1.40001
1.40001
1.40001
1.40001
1.40001
1.40001
1.40001
1.40001
1.40001
1.40001
1.40001
1.40001
1.40001
1.40001
1.40001
1.40001
1.40001
1.40004
1.40175
1.43234
1.63182
2.17072
2.97997
3.18098
3.20505
3.22448
3.22771
3.18382
3.09121
3.01963
2.96432
2.90112
2.87602
2.87553
1.40001
1.40001
1.40001
1.40001
1.40001
1.40001
1.40001
1.40001
1.40001
1.40001
1.40001
1.40001
1.40001
1.40001
1.40001
1.40001
1.40001
1.40001
1.40001
1.40001
1.40001
1.40001
1.40001
1.40001
1.40001
1.40001
1.40001
1.40001
1.40001
1.40001
1.40001
1.40001
1.40001
1.4005
1.41279
1.53163
2.04384
2.80291
3.07642
3.20588
3.2562
3.2179
3.14224
3.08431
3.02636
2.9613
2.94912
2.94717
1.40001
1.40001
1.40001
1.40001
1.40001
1.40001
1.40001
1.40001
1.40001
1.40001
1.40001
1.40001
1.40001
1.40001
1.40001
1.40001
1.40001
1.40001
1.40001
1.40001
1.40001
1.40001
1.40001
1.40001
1.40001
1.40001
1.40001
1.40001
1.40001
1.40001
1.40001
1.40001
1.40001
1.40001
1.40017
1.40588
1.48581
1.93231
2.59597
2.98511
3.22521
3.24384
3.22175
3.15174
3.06424
3.0266
3.03445
3.01802
1.40001
1.40001
1.40001
1.40001
1.40001
1.40001
1.40001
1.40001
1.40001
1.40001
1.40001
1.40001
1.40001
1.40001
1.40001
1.40001
1.40001
1.40001
1.40001
1.40001
1.40001
1.40001
1.40001
1.40001
1.40001
1.40001
1.40001
1.40001
1.40001
1.40001
1.40001
1.40001
1.40001
1.40001
1.40001
1.40007
1.40328
1.46014
1.77292
2.28227
2.84274
3.22026
3.21867
3.14301
3.10354
3.10737
3.11755
3.05878
1.40001
1.40001
1.40001
1.40001
1.40001
1.40001
1.40001
1.40001
1.40001
1.40001
1.40001
1.40001
1.40001
1.40001
1.40001
1.40001
1.40001
1.40001
1.40001
1.40001
1.40001
1.40001
1.40001
1.40001
1.40001
1.40001
1.40001
1.40001
1.40001
1.40001
1.40001
1.40001
1.40001
1.40001
1.40001
1.40001
1.40004
1.40162
1.42736
1.5747
1.97357
2.7716
3.09018
3.07847
3.12175
3.17407
3.15797
3.07664
1.40001
1.40001
1.40001
1.40001
1.40001
1.40001
1.40001
1.40001
1.40001
1.40001
1.40001
1.40001
1.40001
1.40001
1.40001
1.40001
1.40001
1.40001
1.40001
1.40001
1.40001
1.40001
1.40001
1.40001
1.40001
1.40001
1.40001
1.40001
1.40001
1.40001
1.40001
1.40001
1.40001
1.40001
1.40001
1.40001
1.40001
1.40001
1.40036
1.40732
1.47323
1.84009
2.56153
2.89083
3.08359
3.19691
3.17967
3.12232
1.40001
1.40001
1.40001
1.40001
1.40001
1.40001
1.40001
1.40001
1.40001
1.40001
1.40001
1.40001
1.40001
1.40001
1.40001
1.40001
1.40001
1.40001
1.40001
1.40001
1.40001
1.40001
1.40001
1.40001
1.40001
1.40001
1.40001
1.40001
1.40001
1.40001
1.40001
1.40001
1.40001
1.40001
1.40001
1.40001
1.40001
1.40001
1.40001
1.40007
1.40242
1.44212
1.74432
2.33792
2.74653
3.10864
3.19918
3.18385
1.40001
1.40001
1.40001
1.40001
1.40001
1.40001
1.40001
1.40001
1.40001
1.40001
1.40001
1.40001
1.40001
1.40001
1.40001
1.40001
1.40001
1.40001
1.40001
1.40001
1.40001
1.40001
1.40001
1.40001
1.40001
1.40001
1.40001
1.40001
1.40001
1.40001
1.40001
1.40001
1.40001
1.40001
1.40001
1.40001
1.40001
1.40001
1.40001
1.40001
1.40003
1.40122
1.4295
1.6255
1.99524
2.54273
3.11184
3.13948
1.40001
1.40001
1.40001
1.40001
1.40001
1.40001
1.40001
1.40001
1.40001
1.40001
1.40001
1.40001
1.40001
1.40001
1.40001
1.40001
1.40001
1.40001
1.40001
1.40001
1.40001
1.40001
1.40001
1.40001
1.40001
1.40001
1.40001
1.40001
1.40001
1.40001
1.40001
1.40001
1.40001
1.40001
1.40001
1.40001
1.40001
1.40001
1.40001
1.40001
1.40001
1.40002
1.40062
1.41151
1.479
1.7285
2.4344
2.90253
1.40001
1.40001
1.40001
1.40001
1.40001
1.40001
1.40001
1.40001
1.40001
1.40001
1.40001
1.40001
1.40001
1.40001
1.40001
1.40001
1.40001
1.40001
1.40001
1.40001
1.40001
1.40001
1.40001
1.40001
1.40001
1.40001
1.40001
1.40001
1.40001
1.40001
1.40001
1.40001
1.40001
1.40001
1.40001
1.40001
1.40001
1.40001
1.40001
1.40001
1.40001
1.40001
1.40001
1.4001
1.40205
1.42798
1.6258
2.21835
1.40001
1.40001
1.40001
1.40001
1.40001
1.40001
1.40001
1.40001
1.40001
1.40001
1.40001
1.40001
1.40001
1.40001
1.40001
1.40001
1.40001
1.40001
1.40001
1.40001
1.40001
1.40001
1.40001
1.40001
1.40001
1.40001
1.40001
1.40001
1.40001
1.40001
1.40001
1.40001
1.40001
1.40001
1.40001
1.40001
1.40001
1.40001
1.40001
1.40001
1.40001
1.40001
1.40001
1.40001
1.40002
1.40062
1.41458
1.56462
1.40001
1.40001
1.40001
1.40001
1.40001
1.40001
1.40001
1.40001
1.40001
1.40001
1.40001
1.40001
1.40001
1.40001
1.40001
1.40001
1.40001
1.40001
1.40001
1.40001
1.40001
1.40001
1.40001
1.40001
1.40001
1.40001
1.40001
1.40001
1.40001
1.40001
1.40001
1.40001
1.40001
1.40001
1.40001
1.40001
1.40001
1.40001
1.40001
1.40001
1.40001
1.40001
1.40001
1.40001
1.40001
1.40001
1.40029
1.40866
1.40001
1.40001
1.40001
1.40001
1.40001
1.40001
1.40001
1.40001
1.40001
1.40001
1.40001
1.40001
1.40001
1.40001
1.40001
1.40001
1.40001
1.40001
1.40001
1.40001
1.40001
1.40001
1.40001
1.40001
1.40001
1.40001
1.40001
1.40001
1.40001
1.40001
1.40001
1.40001
1.40001
1.40001
1.40001
1.40001
1.40001
1.40001
1.40001
1.40001
1.40001
1.40001
1.40001
1.40001
1.40001
1.40001
1.40001
1.4001
1.40001
1.40001
1.40001
1.40001
1.40001
1.40001
1.40001
1.40001
1.40001
1.40001
1.40001
1.40001
1.40001
1.40001
1.40001
1.40001
1.40001
1.40001
1.40001
1.40001
1.40001
1.40001
1.40001
1.40001
1.40001
1.40001
1.40001
1.40001
1.40001
1.40001
1.40001
1.40001
1.40001
1.40001
1.40001
1.40001
1.40001
1.40001
1.40001
1.40001
1.40001
1.40001
1.40001
1.40001
1.40001
1.40001
1.40001
1.40001
1.40001
1.40001
1.40001
1.40001
1.40001
1.40001
1.40001
1.40001
1.40001
1.40001
1.40001
1.40001
1.40001
1.40001
1.40001
1.40001
1.40001
1.40001
1.40001
1.40001
1.40001
1.40001
1.40001
1.40001
1.40001
1.40001
1.40001
1.40001
1.40001
1.40001
1.40001
1.40001
1.40001
1.40001
1.40001
1.40001
1.40001
1.40001
1.40001
1.40001
1.40001
1.40001
1.40001
1.40001
1.40001
1.40001
1.40001
1.40001
1.40001
1.40001
1.40001
1.40001
1.40001
1.40001
1.40001
1.40001
1.40001
1.40001
1.40001
1.40001
1.40001
1.40001
1.40001
1.40001
1.40001
1.40001
1.40001
1.40001
1.40001
1.40001
1.40001
1.40001
1.40001
1.40001
1.40001
1.40001
1.40001
1.40001
1.40001
1.40001
1.40001
1.40001
1.40001
1.40001
1.40001
1.40001
1.40001
1.40001
1.40001
1.40001
1.40001
1.40001
1.40001
1.40001
1.40001
1.40001
2.74122
3.14375
3.16851
3.09539
2.99022
2.8953
2.80944
2.72356
2.63531
2.54508
2.46564
2.39731
2.32838
2.24369
2.17305
2.13164
2.86187
3.15848
3.15716
3.08538
2.9774
2.88462
2.80186
2.71593
2.6275
2.54224
2.4708
2.40037
2.32153
2.24912
1.83552
2.25796
2.94266
3.15422
3.1406
3.06389
2.96686
2.87841
2.79246
2.70609
2.62641
2.55337
2.48101
2.39782
2.3266
1.83156
1.90964
2.37621
2.98311
3.1611
3.13855
3.05913
2.96256
2.87004
2.78961
2.71241
2.6349
2.56145
2.48474
2.41217
1.86133
1.85212
1.96121
2.46032
3.0335
3.16482
3.13662
3.0618
2.96106
2.86787
2.79212
2.72106
2.64789
2.56585
2.48985
1.9175
1.87545
1.87325
2.01331
2.56202
3.06759
3.16815
3.14605
3.06549
2.96425
2.87608
2.79694
2.72201
2.64566
2.57142
1.97566
1.92885
1.88256
1.89148
2.08402
2.65034
3.0822
3.18756
3.15903
3.06927
2.96222
2.87789
2.79929
2.71501
2.64096
2.02949
1.98287
1.93137
1.90371
1.92469
2.15869
2.69448
3.10452
3.18279
3.15017
3.05919
2.96028
2.87491
2.78592
2.7184
2.07456
2.03364
2.0011
1.94809
1.9465
1.97036
2.20184
2.71914
3.1095
3.16935
3.13486
3.05496
2.96656
2.86541
2.79702
2.11653
2.09247
2.06879
2.01782
1.99498
1.98408
2.00046
2.22833
2.7454
3.11845
3.15698
3.13266
3.0689
2.96478
2.88464
2.17007
2.15378
2.11676
2.08516
2.06186
2.01934
1.99935
2.02384
2.26693
2.80742
3.09697
3.15441
3.1423
3.0722
2.97884
2.23893
2.20491
2.15774
2.14516
2.12146
2.0684
2.02001
2.02291
2.05851
2.31775
2.81472
3.08564
3.16935
3.14953
3.07315
2.3014
2.24208
2.21475
2.20112
2.16369
2.11874
2.07824
2.04272
2.04623
2.08707
2.35338
2.78159
3.10677
3.17435
3.1484
2.34101
2.28669
2.27297
2.24441
2.19828
2.17342
2.1476
2.09434
2.07109
2.05894
2.10213
2.35211
2.77695
3.13617
3.16723
2.372
2.34269
2.32136
2.27767
2.24237
2.23217
2.19802
2.15891
2.1223
2.08128
2.07511
2.11879
2.3486
2.83617
3.12757
2.42099
2.40054
2.36328
2.31499
2.30172
2.28598
2.23539
2.21317
2.1822
2.12584
2.08894
2.09277
2.14074
2.39387
2.86895
2.48138
2.45485
2.40387
2.37195
2.36446
2.32609
2.27963
2.26124
2.22898
2.17282
2.13257
2.11451
2.11747
2.16906
2.42978
2.54287
2.50795
2.45528
2.44036
2.41779
2.35789
2.33036
2.30428
2.2613
2.22117
2.18765
2.16851
2.14327
2.12787
2.17974
2.60302
2.56168
2.52448
2.50608
2.45245
2.40135
2.38031
2.33968
2.29171
2.26929
2.24924
2.23253
2.20259
2.14444
2.13403
2.66216
2.62235
2.59609
2.5564
2.4811
2.45119
2.42505
2.37077
2.33023
2.3236
2.3099
2.28794
2.26047
2.19481
2.14783
2.72323
2.69148
2.65788
2.58858
2.5213
2.50156
2.46642
2.40526
2.38242
2.38205
2.36195
2.33125
2.30749
2.25371
2.18926
2.7895
2.75725
2.70597
2.61676
2.5691
2.54973
2.50596
2.45072
2.44365
2.43928
2.40511
2.3733
2.34469
2.29735
2.23415
2.85354
2.80676
2.74325
2.65514
2.61758
2.59558
2.54583
2.5106
2.50661
2.48764
2.44715
2.41603
2.37622
2.32712
2.28166
2.90485
2.84312
2.78073
2.70164
2.66549
2.64032
2.59457
2.57869
2.56495
2.52598
2.49202
2.4564
2.40567
2.35614
2.32988
2.94547
2.87831
2.82078
2.747
2.71251
2.68886
2.66016
2.64502
2.60872
2.56411
2.53406
2.49141
2.43215
2.39501
2.38355
2.97193
2.91276
2.86107
2.79272
2.7665
2.75177
2.73154
2.70018
2.64175
2.60557
2.57483
2.52187
2.4628
2.4467
2.43745
3.00698
2.96371
2.9064
2.84576
2.83738
2.82421
2.79276
2.74066
2.6782
2.64926
2.6145
2.55088
2.51314
2.50373
2.48633
3.08344
3.01493
2.94285
2.92641
2.92622
2.8915
2.84291
2.77802
2.71792
2.69234
2.65045
2.59176
2.57459
2.55608
2.53314
3.10743
3.02941
3.0077
3.0228
2.99854
2.9331
2.8812
2.81826
2.75881
2.73228
2.68679
2.65071
2.63259
2.60149
2.5802
3.06726
3.06268
3.09005
3.08836
3.0268
2.96184
2.91901
2.86206
2.80216
2.77663
2.73989
2.71484
2.68266
2.64347
2.62154
2.97795
3.07093
3.14675
3.12237
3.0598
3.02707
2.97883
2.89569
2.85823
2.84223
2.80982
2.77796
2.72848
2.68498
2.65759
2.67502
2.9547
3.1396
3.15197
3.12957
3.06044
2.97962
2.93795
2.93958
2.92043
2.87101
2.82869
2.76649
2.7212
2.689
1.99614
2.42107
2.92595
3.1349
3.11231
3.03963
3.00298
3.00636
3.01077
2.96237
2.90787
2.86429
2.80058
2.75603
2.71796
1.48108
1.68968
2.1452
2.85624
2.98492
2.981
3.02559
3.07293
3.0511
2.99162
2.95838
2.91715
2.83409
2.79672
2.76547
1.40197
1.41979
1.52858
1.98789
2.58569
2.81629
2.99612
3.09794
3.0881
3.0611
3.00486
2.931
2.88465
2.89119
2.9944
1.40001
1.40027
1.40617
1.47441
1.83389
2.3266
2.69202
3.04335
3.08578
3.06745
3.00138
3.00511
3.13101
3.48475
4.08148
1.40001
1.40001
1.40008
1.40289
1.44691
1.6539
1.97691
2.56009
2.94192
3.08245
3.29585
3.70276
4.26016
4.78245
5.10149
1.40001
1.40001
1.40001
1.40004
1.40118
1.41626
1.48611
1.79259
2.61865
3.55949
4.35462
5.20515
5.98617
6.31763
6.16096
)
;

boundaryField
{
    inlet
    {
        type            calculated;
        value           uniform 1.40001;
    }
    outlet
    {
        type            calculated;
        value           nonuniform 0();
    }
    bottom
    {
        type            calculated;
        value           nonuniform 0();
    }
    top
    {
        type            calculated;
        value           nonuniform List<scalar> 
111
(
1.40001
1.40001
1.40001
1.40001
1.40001
1.40001
1.40001
1.40001
1.40001
1.40001
1.40001
1.40001
1.40001
1.40001
1.40001
1.40001
1.40001
1.40001
1.40001
1.40001
1.40001
1.40001
1.40001
1.40001
1.40001
1.40001
1.40001
1.40001
1.40001
1.40001
1.40001
1.40001
1.40001
1.40001
1.40001
1.40001
1.40001
1.40001
1.40001
1.40001
1.40001
1.40001
1.40001
1.40001
1.40001
1.40001
1.40001
1.40001
1.40001
1.40001
1.40001
1.40001
1.40001
1.40001
1.40001
1.40001
1.40001
1.40001
1.40001
1.40001
1.40001
1.40001
1.40001
1.40001
1.40001
1.40001
1.40001
1.40001
1.40001
1.40001
1.40001
1.40001
1.40001
1.40001
1.40001
1.40001
1.40001
1.40001
1.40001
1.40001
1.40001
1.40001
1.40001
1.40001
1.40001
1.40001
1.40001
1.40001
1.40001
1.40001
1.40001
1.40001
1.40001
1.40001
1.40001
1.40001
1.40001
1.40001
1.40001
1.40004
1.40118
1.41626
1.48611
1.79259
2.61865
3.55949
4.35462
5.20515
5.98617
6.31763
6.16096
)
;
    }
    obstacle
    {
        type            calculated;
        value           nonuniform 0();
    }
    defaultFaces
    {
        type            empty;
    }
    procBoundary2to0
    {
        type            processor;
        value           nonuniform List<scalar> 
112
(
1.40001
1.40001
1.40001
1.40001
1.40001
1.40001
1.40001
1.40001
1.40001
1.40001
1.40001
1.40001
1.40001
1.40001
1.40001
1.40001
1.40001
1.40001
1.40001
1.40001
1.40001
1.40001
1.40001
1.40001
1.40001
1.40001
1.40001
1.40001
1.40001
1.40001
1.40001
1.40001
1.40001
1.40001
1.40001
1.40001
1.40001
1.40001
1.40001
1.40001
1.40001
1.40001
1.40001
1.40001
1.40001
1.40001
1.40001
1.40001
1.77951
1.74547
1.71589
1.71397
1.88798
2.59269
1.40001
1.40001
1.40001
1.40001
1.40001
1.40001
1.40001
1.40022
1.42044
1.79954
2.88159
3.63903
3.79514
3.74205
3.61719
3.51178
3.40553
3.28665
3.21943
3.14697
3.06606
2.97002
2.88171
2.82536
2.75176
2.68288
2.60944
2.53098
2.48905
2.43576
2.37708
2.30997
2.25058
2.21944
2.17412
2.12595
2.07373
2.01871
1.99518
1.96384
1.92029
1.88026
1.88026
3.10623
3.1753
3.10542
2.99882
2.90245
2.8146
2.72748
2.64277
2.55727
2.46927
2.39173
2.3246
2.25569
2.17623
2.10223
)
;
    }
    procBoundary2to1
    {
        type            processor;
        value           nonuniform List<scalar> 6(2.12087 2.19385 2.27301 2.35136 2.4328 2.50939);
    }
    procBoundary2to3
    {
        type            processor;
        value           nonuniform List<scalar> 
32
(
2.58598
2.66252
2.73836
2.81847
2.90225
2.99213
3.08784
3.14654
3.13673
3.08261
2.8347
2.418
2.17668
2.14803
2.15955
2.19599
2.24477
2.30731
2.36947
2.42171
2.46847
2.51333
2.55246
2.58417
2.61158
2.6418
2.67827
2.77331
3.34115
4.74774
5.34005
5.89829
)
;
    }
}


// ************************************************************************* //
