/*--------------------------------*- C++ -*----------------------------------*\
  =========                 |
  \\      /  F ield         | OpenFOAM: The Open Source CFD Toolbox
   \\    /   O peration     | Website:  https://openfoam.org
    \\  /    A nd           | Version:  7
     \\/     M anipulation  |
\*---------------------------------------------------------------------------*/
FoamFile
{
    version     2.0;
    format      ascii;
    class       volVectorField;
    location    "1.8";
    object      U;
}
// * * * * * * * * * * * * * * * * * * * * * * * * * * * * * * * * * * * * * //

dimensions      [0 1 -1 0 0 0 0];

internalField   nonuniform List<vector> 
4128
(
(2.3882 -0.0361511 0)
(2.37111 -0.0330839 0)
(2.35105 -0.026576 0)
(2.33116 -0.0231664 0)
(2.31677 -0.0204348 0)
(2.32085 -0.0197243 0)
(2.32894 -0.0213708 0)
(2.31837 -0.0224112 0)
(2.30338 -0.021783 0)
(2.28755 -0.0193235 0)
(2.27445 -0.0179588 0)
(2.26814 -0.0163945 0)
(2.27162 -0.0126212 0)
(2.27268 -0.00898365 0)
(2.26259 -0.00912978 0)
(2.25036 -0.00997916 0)
(2.24166 -0.0105009 0)
(2.23693 -0.0108844 0)
(2.24062 -0.0113022 0)
(2.24925 -0.0100976 0)
(2.24948 -0.00941272 0)
(2.2435 -0.0096107 0)
(2.2379 -0.00928073 0)
(2.23125 -0.00780646 0)
(2.2252 -0.00562164 0)
(2.22268 -0.00498758 0)
(2.22169 -0.00484929 0)
(2.22539 -0.00493249 0)
(2.23217 -0.00476858 0)
(2.23647 -0.0039529 0)
(2.23776 -0.00316194 0)
(2.23787 -0.00278519 0)
(2.23745 -0.00209692 0)
(2.23604 -0.000825085 0)
(2.23392 0.000395598 0)
(2.23242 0.000704085 0)
(2.23083 0.000640483 0)
(2.23037 0.000221829 0)
(2.23282 -0.000754465 0)
(2.23817 -0.00218316 0)
(2.24106 -0.00312372 0)
(2.24126 -0.00332335 0)
(2.24062 -0.00341909 0)
(2.23807 -0.00323522 0)
(2.23438 -0.00246901 0)
(2.23292 -0.00115661 0)
(2.23331 0.000405578 0)
(2.23393 0.00226853 0)
(2.23455 0.00401379 0)
(2.23553 0.00510031 0)
(2.2376 0.00544132 0)
(2.24113 0.00472096 0)
(2.24578 0.00333944 0)
(2.25012 0.00174455 0)
(2.25212 0.000154675 0)
(2.25337 -0.00153588 0)
(2.25442 -0.00308743 0)
(2.25556 -0.00366702 0)
(2.25764 -0.00372759 0)
(2.25994 -0.00342292 0)
(2.26172 -0.00251484 0)
(2.2627 -0.000772425 0)
(2.26317 0.0014599 0)
(2.26387 0.0034343 0)
(2.26505 0.00435576 0)
(2.26715 0.00463438 0)
(2.27193 0.00409043 0)
(2.2782 0.00287139 0)
(2.2844 0.00116243 0)
(2.28839 -0.00148807 0)
(2.29044 -0.00223291 0)
(2.2926 -0.00267038 0)
(2.29334 -0.00317824 0)
(2.29268 -0.00287786 0)
(2.29382 -0.00129361 0)
(2.29671 0.00022403 0)
(2.29974 0.00121253 0)
(2.30366 0.00204034 0)
(2.30903 0.00234744 0)
(2.31258 0.00220452 0)
(2.31509 0.00199331 0)
(2.31738 0.00162301 0)
(2.31975 0.000991096 0)
(2.32204 0.000214 0)
(2.3244 -0.00058005 0)
(2.32689 -0.00123769 0)
(2.32959 -0.00159698 0)
(2.33235 -0.00180054 0)
(2.33511 -0.00190851 0)
(2.33796 -0.00179529 0)
(2.34072 -0.00120954 0)
(2.34367 -0.000249404 0)
(2.34668 0.000286939 0)
(2.35016 0.000952023 0)
(2.35318 0.00125001 0)
(2.35653 0.00151715 0)
(2.35959 0.00180723 0)
(2.36208 0.00198886 0)
(2.36364 0.00221885 0)
(2.36323 0.00252722 0)
(2.36251 0.00267163 0)
(2.36352 0.00264985 0)
(2.36472 0.0025247 0)
(2.36735 0.00214321 0)
(2.37145 0.000740376 0)
(2.37522 -0.00123065 0)
(2.37751 -0.00176963 0)
(2.3797 -0.0018228 0)
(2.38074 -0.00152903 0)
(2.37856 -0.000606738 0)
(2.37401 0.00109509 0)
(2.37089 0.00283783 0)
(2.37083 0.00357016 0)
(2.37166 0.00365664 0)
(2.37398 0.00348581 0)
(2.37767 0.00304125 0)
(2.38085 0.0024516 0)
(2.38296 0.00203386 0)
(2.38468 0.00170951 0)
(2.38628 0.00137835 0)
(2.38765 0.000971733 0)
(2.38917 0.000476468 0)
(2.39167 -0.000529914 0)
(2.3935 -0.00131047 0)
(2.39535 -0.00149902 0)
(2.39757 -0.00174943 0)
(2.39936 -0.00186774 0)
(2.39972 -0.00147414 0)
(2.39894 -0.000238457 0)
(2.42077 -0.0492865 0)
(2.41269 -0.0571722 0)
(2.39465 -0.0524708 0)
(2.37706 -0.0385645 0)
(2.3638 -0.0155033 0)
(2.35484 -0.00160107 0)
(2.34582 -0.00978922 0)
(2.34409 -0.0269917 0)
(2.33912 -0.032038 0)
(2.32418 -0.0294385 0)
(2.31118 -0.0259119 0)
(2.30256 -0.0208848 0)
(2.29999 -0.0131159 0)
(2.29768 -0.00593139 0)
(2.28856 -0.00506063 0)
(2.27736 -0.00756653 0)
(2.26884 -0.00922248 0)
(2.26374 -0.00892414 0)
(2.2644 -0.00792878 0)
(2.26933 -0.00706854 0)
(2.27007 -0.00895545 0)
(2.26521 -0.0133121 0)
(2.25821 -0.0158895 0)
(2.25289 -0.0161922 0)
(2.24791 -0.0128325 0)
(2.24382 -0.0079313 0)
(2.24261 -0.00627323 0)
(2.24323 -0.00521292 0)
(2.24721 -0.00539758 0)
(2.25237 -0.00599447 0)
(2.25485 -0.00560877 0)
(2.25523 -0.00488976 0)
(2.25488 -0.00320625 0)
(2.25334 0.000436716 0)
(2.25001 0.00500359 0)
(2.2466 0.00822748 0)
(2.24546 0.0092678 0)
(2.24502 0.0097306 0)
(2.24632 0.00928973 0)
(2.25024 0.00602803 0)
(2.25342 0.00118826 0)
(2.25413 -0.00195995 0)
(2.25369 -0.00382041 0)
(2.25144 -0.00546068 0)
(2.24675 -0.00601337 0)
(2.24442 -0.00599061 0)
(2.24475 -0.00567131 0)
(2.24652 -0.00350125 0)
(2.24914 0.00137526 0)
(2.25095 0.00743678 0)
(2.25289 0.0131092 0)
(2.25486 0.01684 0)
(2.25641 0.0176709 0)
(2.25768 0.0160781 0)
(2.2586 0.0128442 0)
(2.2596 0.00855259 0)
(2.26104 0.00281574 0)
(2.26307 -0.00310447 0)
(2.26514 -0.007547 0)
(2.2671 -0.0105857 0)
(2.26909 -0.0120995 0)
(2.27107 -0.0116037 0)
(2.27308 -0.0088558 0)
(2.27501 -0.00381399 0)
(2.27679 0.00250273 0)
(2.27944 0.00836559 0)
(2.28272 0.012383 0)
(2.28564 0.013522 0)
(2.28862 0.0114104 0)
(2.29261 0.00691581 0)
(2.29617 0.000350049 0)
(2.29763 -0.00489428 0)
(2.29858 -0.00936515 0)
(2.29974 -0.0115564 0)
(2.30184 -0.0111905 0)
(2.30496 -0.00850346 0)
(2.30916 -0.00425923 0)
(2.31366 0.000102686 0)
(2.31731 0.00288399 0)
(2.32033 0.00423819 0)
(2.32282 0.00534769 0)
(2.32432 0.00615676 0)
(2.32539 0.00571731 0)
(2.32696 0.00414023 0)
(2.32899 0.0016803 0)
(2.33157 -0.00112024 0)
(2.33429 -0.00344503 0)
(2.3369 -0.00523022 0)
(2.33959 -0.00689162 0)
(2.34237 -0.00828607 0)
(2.34507 -0.00847576 0)
(2.34825 -0.0074788 0)
(2.35233 -0.00559274 0)
(2.35561 -0.00397519 0)
(2.35879 -0.00339385 0)
(2.3624 -0.00251621 0)
(2.36583 -0.00102254 0)
(2.36876 0.000935807 0)
(2.37033 0.00331992 0)
(2.36926 0.00632076 0)
(2.3669 0.00943473 0)
(2.3668 0.0110435 0)
(2.36833 0.0112135 0)
(2.37 0.0103904 0)
(2.37318 0.00741608 0)
(2.37686 0.00357861 0)
(2.38046 -0.000850396 0)
(2.38212 -0.00436242 0)
(2.38236 -0.00716048 0)
(2.38192 -0.00849376 0)
(2.3803 -0.00696575 0)
(2.3781 -0.00286439 0)
(2.37709 0.00149521 0)
(2.37819 0.00443702 0)
(2.3804 0.00691965 0)
(2.38244 0.00961359 0)
(2.38399 0.0106003 0)
(2.38533 0.0103823 0)
(2.38647 0.0094124 0)
(2.38768 0.00815321 0)
(2.38908 0.00699113 0)
(2.3907 0.00571899 0)
(2.39318 0.00377422 0)
(2.39647 0.000818864 0)
(2.39874 -0.00168816 0)
(2.40038 -0.00377065 0)
(2.4016 -0.00587392 0)
(2.40205 -0.00712635 0)
(2.40218 -0.00633276 0)
(2.45319 -0.0795981 0)
(2.45057 -0.0737935 0)
(2.45059 -0.0704738 0)
(2.44529 -0.0646974 0)
(2.42912 -0.05294 0)
(2.41379 -0.0427859 0)
(2.39992 -0.0416061 0)
(2.38923 -0.0468557 0)
(2.38315 -0.0540271 0)
(2.37864 -0.0567241 0)
(2.37173 -0.052032 0)
(2.36402 -0.0427786 0)
(2.35808 -0.0321747 0)
(2.35204 -0.0244446 0)
(2.34229 -0.0233365 0)
(2.3317 -0.0257626 0)
(2.32373 -0.0281668 0)
(2.31912 -0.0271996 0)
(2.31805 -0.0222032 0)
(2.31798 -0.0168677 0)
(2.31431 -0.0152638 0)
(2.30824 -0.0164428 0)
(2.30173 -0.0206148 0)
(2.2955 -0.0230028 0)
(2.29148 -0.0228316 0)
(2.28889 -0.0197779 0)
(2.28798 -0.0154196 0)
(2.28765 -0.0123491 0)
(2.28828 -0.010891 0)
(2.291 -0.0116442 0)
(2.29271 -0.0130941 0)
(2.29236 -0.0139147 0)
(2.29181 -0.0142433 0)
(2.29024 -0.0136642 0)
(2.28695 -0.0113167 0)
(2.28335 -0.00746065 0)
(2.28155 -0.00416148 0)
(2.28141 -0.00245563 0)
(2.28223 -0.000979917 0)
(2.28414 -0.000122938 0)
(2.2853 -0.000890547 0)
(2.28505 -0.00156897 0)
(2.28455 -0.00170325 0)
(2.28273 -0.0010149 0)
(2.27881 0.000888694 0)
(2.27512 0.00225227 0)
(2.27434 0.00185083 0)
(2.27516 0.000145446 0)
(2.27827 -0.00250446 0)
(2.2813 -0.00320402 0)
(2.28254 -0.00248715 0)
(2.28354 -0.00086088 0)
(2.28391 0.00138177 0)
(2.28381 0.00293939 0)
(2.28402 0.00393231 0)
(2.28435 0.00515666 0)
(2.28442 0.00686263 0)
(2.2841 0.00834227 0)
(2.28454 0.00862936 0)
(2.28579 0.00798202 0)
(2.2878 0.00562683 0)
(2.29204 0.00140003 0)
(2.29611 -0.00178954 0)
(2.29868 -0.00276803 0)
(2.30042 -0.00211739 0)
(2.30205 -0.000466543 0)
(2.30429 0.00156184 0)
(2.3069 0.00360557 0)
(2.30959 0.00592943 0)
(2.31229 0.00797739 0)
(2.31347 0.00846776 0)
(2.3139 0.00672484 0)
(2.3154 0.00472627 0)
(2.31779 0.00261675 0)
(2.32151 0.000109154 0)
(2.32562 -0.00121932 0)
(2.32982 -0.00173411 0)
(2.33239 -0.00213993 0)
(2.33466 -0.0025439 0)
(2.33727 -0.00292427 0)
(2.33965 -0.00296879 0)
(2.34198 -0.00237684 0)
(2.34358 -0.00109715 0)
(2.34481 9.52578e-05 0)
(2.34621 0.00128382 0)
(2.34768 0.00260445 0)
(2.34915 0.00367446 0)
(2.35072 0.00443154 0)
(2.35253 0.00488076 0)
(2.35467 0.00471173 0)
(2.35678 0.00332523 0)
(2.36057 0.000987566 0)
(2.36502 -0.000983341 0)
(2.36845 -0.00251642 0)
(2.3712 -0.00340821 0)
(2.37418 -0.0041827 0)
(2.37683 -0.00473042 0)
(2.37944 -0.00482674 0)
(2.38084 -0.00421352 0)
(2.37999 -0.00262478 0)
(2.37804 -0.000119271 0)
(2.37806 0.00280371 0)
(2.37969 0.00545947 0)
(2.38152 0.00784958 0)
(2.38324 0.00984878 0)
(2.38477 0.0108464 0)
(2.38565 0.0102469 0)
(2.38638 0.00837528 0)
(2.38797 0.00559269 0)
(2.38947 0.00199131 0)
(2.39005 -0.00105452 0)
(2.39013 -0.00242717 0)
(2.39032 -0.00215063 0)
(2.39125 -0.000201183 0)
(2.39246 0.00205737 0)
(2.39372 0.0037714 0)
(2.39479 0.00562399 0)
(2.39483 0.00720084 0)
(2.39491 0.00790209 0)
(2.39599 0.0081176 0)
(2.39754 0.00823083 0)
(2.3992 0.00821662 0)
(2.40144 0.00772076 0)
(2.40432 0.00728882 0)
(2.40528 0.0072339 0)
(2.40613 0.00642155 0)
(2.40687 0.00466625 0)
(2.40792 0.00271397 0)
(2.40965 0.000658931 0)
(2.4991 -0.0964777 0)
(2.49425 -0.090955 0)
(2.50065 -0.0939519 0)
(2.49778 -0.0940485 0)
(2.48019 -0.0880502 0)
(2.46156 -0.0811431 0)
(2.44556 -0.0802861 0)
(2.43382 -0.0797022 0)
(2.43028 -0.0661131 0)
(2.43318 -0.0476954 0)
(2.42948 -0.0432739 0)
(2.41907 -0.0439863 0)
(2.40894 -0.0426538 0)
(2.40044 -0.0408685 0)
(2.39226 -0.0407558 0)
(2.38462 -0.0423177 0)
(2.37879 -0.0405631 0)
(2.37313 -0.0339596 0)
(2.36894 -0.0260117 0)
(2.3641 -0.0214212 0)
(2.35965 -0.0199116 0)
(2.35381 -0.0170617 0)
(2.34814 -0.015189 0)
(2.34242 -0.013535 0)
(2.33877 -0.0109463 0)
(2.33683 -0.00808535 0)
(2.33622 -0.00598108 0)
(2.33577 -0.00549942 0)
(2.3354 -0.00612766 0)
(2.33634 -0.00824762 0)
(2.33689 -0.0112605 0)
(2.33613 -0.0119142 0)
(2.33515 -0.0115579 0)
(2.33305 -0.00992048 0)
(2.3301 -0.00640853 0)
(2.32736 -0.00164664 0)
(2.32589 0.00236027 0)
(2.32538 0.00486488 0)
(2.32525 0.00611707 0)
(2.32499 0.00619953 0)
(2.32435 0.0044689 0)
(2.32372 0.000862417 0)
(2.32274 -0.00229715 0)
(2.32176 -0.00451091 0)
(2.32064 -0.00469886 0)
(2.31887 -0.00165796 0)
(2.31739 0.0037614 0)
(2.31767 0.00858673 0)
(2.31904 0.0109756 0)
(2.32103 0.0117218 0)
(2.32194 0.0115033 0)
(2.32268 0.0106683 0)
(2.32216 0.00876268 0)
(2.3203 0.00536256 0)
(2.31869 0.000854264 0)
(2.31793 -0.00315672 0)
(2.31795 -0.00544319 0)
(2.31922 -0.00584471 0)
(2.32159 -0.00489811 0)
(2.32407 -0.00234677 0)
(2.32667 0.00153624 0)
(2.3295 0.00596457 0)
(2.3314 0.00972952 0)
(2.33201 0.0116804 0)
(2.33262 0.0123139 0)
(2.33288 0.0106388 0)
(2.33354 0.0060394 0)
(2.33542 0.000814935 0)
(2.33779 -0.00385808 0)
(2.34025 -0.00740548 0)
(2.34317 -0.00899413 0)
(2.3463 -0.00854211 0)
(2.34907 -0.00561849 0)
(2.35205 -0.00107281 0)
(2.35495 0.00461044 0)
(2.35675 0.00917883 0)
(2.35866 0.0113796 0)
(2.3603 0.0121158 0)
(2.36122 0.0115608 0)
(2.36262 0.00932097 0)
(2.36428 0.00625568 0)
(2.36578 0.00243968 0)
(2.3671 -0.00185638 0)
(2.36846 -0.00537823 0)
(2.37005 -0.00728099 0)
(2.37181 -0.00786731 0)
(2.37388 -0.00737645 0)
(2.37578 -0.00529373 0)
(2.37736 -0.00225362 0)
(2.37884 0.00115035 0)
(2.38097 0.00469868 0)
(2.38329 0.00782409 0)
(2.38542 0.00940879 0)
(2.38771 0.00944301 0)
(2.38991 0.0085575 0)
(2.39206 0.00721583 0)
(2.39412 0.00572465 0)
(2.3957 0.00415399 0)
(2.39611 0.00242626 0)
(2.39506 0.000243085 0)
(2.39364 -0.00262323 0)
(2.39406 -0.00505594 0)
(2.39591 -0.00620744 0)
(2.39808 -0.00638802 0)
(2.40009 -0.00574773 0)
(2.40171 -0.00403458 0)
(2.40301 -0.001253 0)
(2.40454 0.00213554 0)
(2.40603 0.00519308 0)
(2.40706 0.00725508 0)
(2.40778 0.00825153 0)
(2.40838 0.00841686 0)
(2.40921 0.00768482 0)
(2.40982 0.00627393 0)
(2.40997 0.00467121 0)
(2.40989 0.00226633 0)
(2.4092 -0.000282956 0)
(2.40869 -0.00191323 0)
(2.40972 -0.00267325 0)
(2.41144 -0.00289716 0)
(2.41319 -0.00297008 0)
(2.41537 -0.00259453 0)
(2.41864 -0.00126154 0)
(2.42047 -0.000281548 0)
(2.42163 -3.80397e-05 0)
(2.42298 0.000535154 0)
(2.42385 0.00197439 0)
(2.42472 0.00397973 0)
(2.42618 0.00534959 0)
(2.52515 -0.11545 0)
(2.52144 -0.110063 0)
(2.52836 -0.110408 0)
(2.52536 -0.112447 0)
(2.50954 -0.109306 0)
(2.49248 -0.102663 0)
(2.47793 -0.0964204 0)
(2.46881 -0.0901931 0)
(2.47101 -0.073875 0)
(2.47793 -0.0582613 0)
(2.46948 -0.0554686 0)
(2.45175 -0.0546143 0)
(2.43586 -0.0536683 0)
(2.42311 -0.0528798 0)
(2.41614 -0.0494172 0)
(2.41766 -0.0393574 0)
(2.41719 -0.0316896 0)
(2.40845 -0.032156 0)
(2.39898 -0.0358502 0)
(2.39176 -0.0395791 0)
(2.38616 -0.0385518 0)
(2.38281 -0.0325347 0)
(2.37949 -0.0245167 0)
(2.37415 -0.0210781 0)
(2.37054 -0.0199987 0)
(2.36672 -0.0202723 0)
(2.36355 -0.0219002 0)
(2.36237 -0.0232527 0)
(2.36232 -0.0235792 0)
(2.36428 -0.0212195 0)
(2.367 -0.0156737 0)
(2.36726 -0.00977597 0)
(2.3659 -0.00508056 0)
(2.36396 -0.00172394 0)
(2.36144 -0.000174296 0)
(2.35921 -0.00231291 0)
(2.3576 -0.00515815 0)
(2.35732 -0.00653797 0)
(2.35734 -0.0063846 0)
(2.3566 -0.00573707 0)
(2.35504 -0.00546426 0)
(2.35374 -0.00608066 0)
(2.35322 -0.00685021 0)
(2.35323 -0.00742235 0)
(2.35379 -0.00704021 0)
(2.3543 -0.0045986 0)
(2.35461 0.000469765 0)
(2.355 0.00697192 0)
(2.3556 0.0122881 0)
(2.35645 0.0147887 0)
(2.35766 0.0153548 0)
(2.35835 0.0147501 0)
(2.3567 0.0127247 0)
(2.35284 0.00919269 0)
(2.35009 0.00522435 0)
(2.35019 0.00197536 0)
(2.35193 -0.000260889 0)
(2.35397 -0.00163335 0)
(2.35746 -0.0017995 0)
(2.36136 0.000242426 0)
(2.36443 0.00364907 0)
(2.36674 0.00734989 0)
(2.36756 0.0101764 0)
(2.36784 0.0120439 0)
(2.36711 0.0118519 0)
(2.36489 0.00923627 0)
(2.36376 0.00618533 0)
(2.36507 0.00366834 0)
(2.36749 0.00139557 0)
(2.37017 -0.000882971 0)
(2.37429 -0.00264519 0)
(2.37852 -0.00248752 0)
(2.3817 -0.000747182 0)
(2.38425 0.00144844 0)
(2.38562 0.00284119 0)
(2.38724 0.00373255 0)
(2.38856 0.00433446 0)
(2.38932 0.00476116 0)
(2.38954 0.00556613 0)
(2.38932 0.00625485 0)
(2.38956 0.00555193 0)
(2.39057 0.00415219 0)
(2.39191 0.00315124 0)
(2.39328 0.00281325 0)
(2.39454 0.00257742 0)
(2.3966 0.00215591 0)
(2.39903 0.00160671 0)
(2.40042 0.00144651 0)
(2.40222 0.00169832 0)
(2.40382 0.00261582 0)
(2.4049 0.00355383 0)
(2.40607 0.0037221 0)
(2.40781 0.0037792 0)
(2.40981 0.00406998 0)
(2.41172 0.00441129 0)
(2.41337 0.00484023 0)
(2.41463 0.00550211 0)
(2.41533 0.00630461 0)
(2.41527 0.00678158 0)
(2.41408 0.00645955 0)
(2.41288 0.00535216 0)
(2.41423 0.00454797 0)
(2.41675 0.00423705 0)
(2.41919 0.00390305 0)
(2.42128 0.0033102 0)
(2.42283 0.00274395 0)
(2.42421 0.00282154 0)
(2.42555 0.00372633 0)
(2.42701 0.00520425 0)
(2.42842 0.00675867 0)
(2.42963 0.00802987 0)
(2.43091 0.00869624 0)
(2.43189 0.0086276 0)
(2.43201 0.00782203 0)
(2.43137 0.00670724 0)
(2.42998 0.00563364 0)
(2.42841 0.0044808 0)
(2.4287 0.00393514 0)
(2.43017 0.004021 0)
(2.43176 0.00426789 0)
(2.43356 0.00465411 0)
(2.43644 0.0049031 0)
(2.43956 0.004383 0)
(2.44121 0.00333365 0)
(2.44248 0.0022238 0)
(2.44355 0.000880544 0)
(2.44436 4.98213e-06 0)
(2.44574 -6.71864e-05 0)
(2.4472 0.000567727 0)
(2.53168 -0.163253 0)
(2.5256 -0.158421 0)
(2.5298 -0.155401 0)
(2.53204 -0.145204 0)
(2.52351 -0.134519 0)
(2.51067 -0.125823 0)
(2.49858 -0.121347 0)
(2.4885 -0.119562 0)
(2.48719 -0.112515 0)
(2.49143 -0.102442 0)
(2.47979 -0.0967975 0)
(2.46108 -0.0928006 0)
(2.44279 -0.0863475 0)
(2.43025 -0.0748084 0)
(2.429 -0.0602744 0)
(2.43759 -0.0448807 0)
(2.43247 -0.0385136 0)
(2.42189 -0.0387688 0)
(2.41032 -0.0407268 0)
(2.39985 -0.0412388 0)
(2.39472 -0.036436 0)
(2.39602 -0.0268244 0)
(2.39368 -0.0240629 0)
(2.38974 -0.0255783 0)
(2.38374 -0.0278893 0)
(2.37755 -0.0273247 0)
(2.37431 -0.024754 0)
(2.37278 -0.0207887 0)
(2.37342 -0.0132875 0)
(2.37739 -0.00611872 0)
(2.3802 -0.00293549 0)
(2.38038 -0.00255068 0)
(2.37982 -0.00369151 0)
(2.37758 -0.00789872 0)
(2.3729 -0.0138703 0)
(2.37038 -0.0169539 0)
(2.37082 -0.0168761 0)
(2.37284 -0.013428 0)
(2.37441 -0.007847 0)
(2.37348 -0.00425399 0)
(2.37084 0.00138174 0)
(2.3686 0.00674355 0)
(2.36826 0.00852789 0)
(2.36871 0.00943942 0)
(2.37099 0.0103348 0)
(2.37447 0.0115887 0)
(2.37594 0.0126123 0)
(2.37749 0.0131171 0)
(2.37793 0.0126756 0)
(2.37688 0.0103952 0)
(2.37611 0.00705875 0)
(2.37555 0.00349238 0)
(2.37398 0.000438808 0)
(2.37166 -0.0010788 0)
(2.37117 -0.000604409 0)
(2.37226 0.000650604 0)
(2.37431 0.00312614 0)
(2.37868 0.00708176 0)
(2.38407 0.0114889 0)
(2.38878 0.0153134 0)
(2.39136 0.0178096 0)
(2.39267 0.0187457 0)
(2.39349 0.0177571 0)
(2.3912 0.0124953 0)
(2.38722 0.00577442 0)
(2.3853 0.00188388 0)
(2.38605 0.00092271 0)
(2.38813 0.00116816 0)
(2.3902 0.00195807 0)
(2.39367 0.00424461 0)
(2.39811 0.00717914 0)
(2.4018 0.00851556 0)
(2.40414 0.00858384 0)
(2.40548 0.00836697 0)
(2.40707 0.00770741 0)
(2.4077 0.00678233 0)
(2.40794 0.00650959 0)
(2.40846 0.00689479 0)
(2.4086 0.00723066 0)
(2.40768 0.0070066 0)
(2.40765 0.00619548 0)
(2.40923 0.00573819 0)
(2.41069 0.00563512 0)
(2.41225 0.00546777 0)
(2.41429 0.00507896 0)
(2.41629 0.00481816 0)
(2.41781 0.00491823 0)
(2.41936 0.00520365 0)
(2.42069 0.00538445 0)
(2.42163 0.00548775 0)
(2.42185 0.00572635 0)
(2.42247 0.00604904 0)
(2.42419 0.00626829 0)
(2.42628 0.00630367 0)
(2.42833 0.00616802 0)
(2.42999 0.0060707 0)
(2.43124 0.00566145 0)
(2.43213 0.00513209 0)
(2.43244 0.00433174 0)
(2.43173 0.00253736 0)
(2.43128 0.000485806 0)
(2.43301 -0.00059984 0)
(2.43553 -0.0009726 0)
(2.4382 -0.000925037 0)
(2.44053 0.000222983 0)
(2.44221 0.00265647 0)
(2.4435 0.00505313 0)
(2.44462 0.00681153 0)
(2.44563 0.00778634 0)
(2.44655 0.00775552 0)
(2.44752 0.00669232 0)
(2.44853 0.00491114 0)
(2.44915 0.00294529 0)
(2.44925 0.00123402 0)
(2.44895 0.000104544 0)
(2.44836 -0.000123516 0)
(2.44796 0.000876521 0)
(2.4488 0.00219714 0)
(2.45021 0.00310663 0)
(2.45204 0.003863 0)
(2.45434 0.00455843 0)
(2.45677 0.00495862 0)
(2.45884 0.00484797 0)
(2.46048 0.00443582 0)
(2.46157 0.0042799 0)
(2.46271 0.00437448 0)
(2.46381 0.00458467 0)
(2.46506 0.00519663 0)
(2.46611 0.0056683 0)
(2.54264 -0.208094 0)
(2.53136 -0.197094 0)
(2.52591 -0.194021 0)
(2.52523 -0.184185 0)
(2.52261 -0.170285 0)
(2.51508 -0.159543 0)
(2.50493 -0.151349 0)
(2.49389 -0.145492 0)
(2.48693 -0.140905 0)
(2.4878 -0.132882 0)
(2.47588 -0.121207 0)
(2.45984 -0.114465 0)
(2.44204 -0.10945 0)
(2.43006 -0.101671 0)
(2.43401 -0.086591 0)
(2.44229 -0.0691965 0)
(2.43402 -0.0618788 0)
(2.42351 -0.057736 0)
(2.41089 -0.0571107 0)
(2.40002 -0.0557188 0)
(2.39721 -0.0501769 0)
(2.40077 -0.041039 0)
(2.3979 -0.0352284 0)
(2.39352 -0.031843 0)
(2.38769 -0.0322254 0)
(2.38302 -0.0330664 0)
(2.38017 -0.0300633 0)
(2.38093 -0.0213252 0)
(2.38356 -0.013343 0)
(2.38404 -0.0111473 0)
(2.38323 -0.0115597 0)
(2.38115 -0.0145873 0)
(2.37878 -0.0186583 0)
(2.37604 -0.0222311 0)
(2.37513 -0.0220667 0)
(2.37513 -0.0178161 0)
(2.37743 -0.00856039 0)
(2.38158 -0.000222221 0)
(2.38291 0.00332874 0)
(2.38238 0.00446622 0)
(2.38034 0.00530774 0)
(2.37656 0.0053952 0)
(2.37493 0.00561377 0)
(2.37542 0.00569363 0)
(2.37704 0.00526508 0)
(2.38108 0.00387499 0)
(2.38333 0.00308266 0)
(2.38449 0.00274894 0)
(2.38508 0.00206796 0)
(2.38399 0.00104074 0)
(2.383 6.91927e-05 0)
(2.38265 0.000233002 0)
(2.38215 0.00242551 0)
(2.38166 0.00672987 0)
(2.38263 0.0112478 0)
(2.38486 0.0158632 0)
(2.38851 0.0206039 0)
(2.3941 0.0241587 0)
(2.39939 0.0249373 0)
(2.40225 0.0240579 0)
(2.40526 0.0214715 0)
(2.40606 0.0169063 0)
(2.40299 0.0105911 0)
(2.39862 0.00465758 0)
(2.39717 0.00184845 0)
(2.39826 0.00154748 0)
(2.39992 0.00202263 0)
(2.40166 0.00329009 0)
(2.40486 0.00592966 0)
(2.4089 0.00967494 0)
(2.41178 0.0118432 0)
(2.41318 0.0122005 0)
(2.41481 0.0118041 0)
(2.41607 0.0101505 0)
(2.41655 0.00810817 0)
(2.4169 0.00727721 0)
(2.41781 0.00725146 0)
(2.41905 0.00718554 0)
(2.41964 0.00676313 0)
(2.41843 0.00600432 0)
(2.41742 0.00496314 0)
(2.4184 0.00396637 0)
(2.41968 0.00313483 0)
(2.42119 0.00230008 0)
(2.42373 0.00191496 0)
(2.42697 0.00288532 0)
(2.42871 0.0043704 0)
(2.42972 0.00561945 0)
(2.43084 0.00724369 0)
(2.43128 0.00877104 0)
(2.43108 0.00991987 0)
(2.43154 0.0101951 0)
(2.43347 0.00938808 0)
(2.43586 0.00808448 0)
(2.43812 0.00643039 0)
(2.43998 0.00429433 0)
(2.44127 0.00242032 0)
(2.44216 0.0013824 0)
(2.44233 0.000368082 0)
(2.44187 -0.000647438 0)
(2.44291 -0.000934051 0)
(2.44483 -0.00073585 0)
(2.44683 0.000303723 0)
(2.44987 0.00245395 0)
(2.4531 0.00555887 0)
(2.45525 0.00836941 0)
(2.45682 0.0104692 0)
(2.458 0.0119087 0)
(2.45831 0.0125117 0)
(2.45809 0.0115468 0)
(2.45823 0.00961894 0)
(2.45895 0.00763611 0)
(2.45978 0.00599848 0)
(2.46046 0.00463534 0)
(2.46096 0.00328594 0)
(2.46127 0.00227523 0)
(2.46167 0.00163804 0)
(2.46271 0.00112079 0)
(2.46412 0.000856291 0)
(2.46578 0.000811535 0)
(2.46789 0.00124762 0)
(2.47018 0.00225157 0)
(2.47238 0.00379249 0)
(2.47418 0.00582819 0)
(2.4753 0.00798585 0)
(2.47619 0.00995075 0)
(2.47737 0.0108389 0)
(2.47883 0.010092 0)
(2.47966 0.00756523 0)
(2.57251 -0.277557 0)
(2.55719 -0.252982 0)
(2.54114 -0.234361 0)
(2.52924 -0.214515 0)
(2.52644 -0.202324 0)
(2.53037 -0.194774 0)
(2.52023 -0.180505 0)
(2.50589 -0.16562 0)
(2.49489 -0.155867 0)
(2.48687 -0.153783 0)
(2.48382 -0.149338 0)
(2.47903 -0.138789 0)
(2.46741 -0.128654 0)
(2.45302 -0.120216 0)
(2.44862 -0.107628 0)
(2.44569 -0.090012 0)
(2.43476 -0.0796096 0)
(2.42489 -0.0685946 0)
(2.41331 -0.0655603 0)
(2.40193 -0.0644955 0)
(2.39974 -0.0613019 0)
(2.40176 -0.0539993 0)
(2.39779 -0.0479292 0)
(2.39382 -0.0436807 0)
(2.38976 -0.0411179 0)
(2.38725 -0.037722 0)
(2.38804 -0.0320682 0)
(2.38874 -0.0258996 0)
(2.38751 -0.022883 0)
(2.38519 -0.0212432 0)
(2.38154 -0.020896 0)
(2.37813 -0.0232699 0)
(2.37655 -0.0265076 0)
(2.37652 -0.0264772 0)
(2.3787 -0.0214377 0)
(2.38395 -0.0115637 0)
(2.3879 -0.00387322 0)
(2.38828 -0.00196926 0)
(2.38701 -0.00203667 0)
(2.3844 -0.00334185 0)
(2.38143 -0.00458999 0)
(2.37813 -0.00445725 0)
(2.37672 -0.00274008 0)
(2.37724 -0.00165986 0)
(2.37877 -0.000817913 0)
(2.38324 0.000321371 0)
(2.38679 0.000274313 0)
(2.3874 7.51666e-05 0)
(2.38769 0.000798246 0)
(2.38715 0.00335237 0)
(2.38667 0.0073049 0)
(2.38716 0.0115189 0)
(2.38825 0.0154174 0)
(2.38901 0.0179026 0)
(2.39136 0.0205649 0)
(2.3942 0.0224321 0)
(2.39721 0.0226697 0)
(2.4002 0.0213676 0)
(2.40298 0.0188212 0)
(2.40517 0.016056 0)
(2.40674 0.0130611 0)
(2.40683 0.00968213 0)
(2.40445 0.00611368 0)
(2.40272 0.00399261 0)
(2.40396 0.00390912 0)
(2.40552 0.00448751 0)
(2.4073 0.00557541 0)
(2.41005 0.00734958 0)
(2.41356 0.0103796 0)
(2.41549 0.0121232 0)
(2.41709 0.0128842 0)
(2.41814 0.0132496 0)
(2.41855 0.0124178 0)
(2.41896 0.0104343 0)
(2.41974 0.0084489 0)
(2.42089 0.00668258 0)
(2.42198 0.00493297 0)
(2.42293 0.00364027 0)
(2.42346 0.00293086 0)
(2.42282 0.00290989 0)
(2.42175 0.00368875 0)
(2.42215 0.00437179 0)
(2.42281 0.00474288 0)
(2.42429 0.00588956 0)
(2.42756 0.008179 0)
(2.43142 0.0109553 0)
(2.43337 0.012641 0)
(2.4344 0.013335 0)
(2.43538 0.0138595 0)
(2.43521 0.0130866 0)
(2.43452 0.0107677 0)
(2.43471 0.00768437 0)
(2.43615 0.00504923 0)
(2.4384 0.00313155 0)
(2.44083 0.00149539 0)
(2.44345 0.000955093 0)
(2.44543 0.00124693 0)
(2.4464 0.00201574 0)
(2.44659 0.00401615 0)
(2.44714 0.00703136 0)
(2.44808 0.00943523 0)
(2.44979 0.0112012 0)
(2.45252 0.0130872 0)
(2.45573 0.0148236 0)
(2.45796 0.0157295 0)
(2.46074 0.0160467 0)
(2.46298 0.0157504 0)
(2.46369 0.0140728 0)
(2.46297 0.0110721 0)
(2.46208 0.0075196 0)
(2.46246 0.00491455 0)
(2.46347 0.00333815 0)
(2.46459 0.00224052 0)
(2.46579 0.00137485 0)
(2.46696 0.00096166 0)
(2.46791 0.00121892 0)
(2.469 0.00246189 0)
(2.47019 0.00412753 0)
(2.47154 0.00580975 0)
(2.47299 0.00734673 0)
(2.47481 0.00855252 0)
(2.47688 0.00946233 0)
(2.47895 0.0099926 0)
(2.48131 0.0101441 0)
(2.48309 0.009291 0)
(2.4835 0.00695707 0)
(2.48295 0.00360811 0)
(2.4825 6.09972e-05 0)
(2.48271 -0.00277034 0)
(2.60831 -0.372511 0)
(2.59525 -0.349391 0)
(2.57776 -0.326013 0)
(2.55775 -0.283566 0)
(2.55041 -0.249981 0)
(2.55147 -0.239213 0)
(2.55051 -0.224708 0)
(2.53482 -0.210168 0)
(2.51953 -0.194489 0)
(2.50493 -0.185614 0)
(2.49176 -0.17914 0)
(2.4918 -0.165198 0)
(2.4924 -0.148551 0)
(2.48376 -0.137928 0)
(2.47334 -0.129524 0)
(2.46556 -0.118123 0)
(2.45181 -0.107307 0)
(2.43835 -0.0911773 0)
(2.42795 -0.0757219 0)
(2.41604 -0.0708678 0)
(2.41056 -0.0692238 0)
(2.41312 -0.0648546 0)
(2.4067 -0.0573258 0)
(2.40131 -0.0516326 0)
(2.39639 -0.0475579 0)
(2.39379 -0.0437293 0)
(2.39502 -0.0388447 0)
(2.3946 -0.0341987 0)
(2.39219 -0.0317719 0)
(2.38792 -0.02925 0)
(2.38168 -0.0286428 0)
(2.37833 -0.0292406 0)
(2.3774 -0.0280728 0)
(2.37954 -0.0241939 0)
(2.38757 -0.0166734 0)
(2.39267 -0.0105378 0)
(2.39281 -0.00888884 0)
(2.39128 -0.00756826 0)
(2.3876 -0.00696256 0)
(2.38333 -0.00883794 0)
(2.38002 -0.0113473 0)
(2.37875 -0.0114144 0)
(2.37858 -0.0093495 0)
(2.37915 -0.0055057 0)
(2.38139 -0.000838231 0)
(2.38513 0.00324543 0)
(2.38842 0.00546146 0)
(2.38971 0.00711593 0)
(2.39048 0.00904416 0)
(2.39092 0.0111277 0)
(2.39146 0.0133146 0)
(2.39154 0.0151604 0)
(2.39163 0.0161977 0)
(2.39307 0.0165578 0)
(2.39524 0.0167334 0)
(2.39718 0.0165648 0)
(2.39931 0.0167184 0)
(2.4018 0.0165897 0)
(2.4043 0.0155905 0)
(2.40618 0.0137591 0)
(2.40741 0.0116611 0)
(2.40713 0.00928885 0)
(2.40543 0.00693182 0)
(2.40598 0.00619314 0)
(2.40759 0.00628546 0)
(2.40924 0.00664373 0)
(2.41144 0.00753555 0)
(2.41514 0.00998521 0)
(2.41767 0.0124647 0)
(2.41905 0.0138317 0)
(2.42002 0.0154213 0)
(2.41983 0.015819 0)
(2.41895 0.0142484 0)
(2.41893 0.0116191 0)
(2.42017 0.00922613 0)
(2.42179 0.00703662 0)
(2.4232 0.00513622 0)
(2.42422 0.00355006 0)
(2.42505 0.00284995 0)
(2.42538 0.00370284 0)
(2.42479 0.0068037 0)
(2.42465 0.0104173 0)
(2.42556 0.0125664 0)
(2.42762 0.0144849 0)
(2.43099 0.0155795 0)
(2.43343 0.01533 0)
(2.43518 0.0144412 0)
(2.43654 0.0129088 0)
(2.43613 0.0109043 0)
(2.43415 0.00838747 0)
(2.43306 0.00564602 0)
(2.43432 0.00426276 0)
(2.43662 0.00398376 0)
(2.43926 0.00402106 0)
(2.44179 0.00438901 0)
(2.44493 0.00592185 0)
(2.44787 0.00857124 0)
(2.44927 0.0108305 0)
(2.45051 0.0132194 0)
(2.45128 0.0152146 0)
(2.45184 0.0155699 0)
(2.45331 0.0149249 0)
(2.45541 0.0142508 0)
(2.45752 0.0131038 0)
(2.45937 0.0114386 0)
(2.46108 0.0099844 0)
(2.4621 0.00844426 0)
(2.46189 0.00628353 0)
(2.46152 0.00375765 0)
(2.46215 0.00220243 0)
(2.46348 0.00139639 0)
(2.46493 0.00106082 0)
(2.4661 0.00109323 0)
(2.46738 0.00191682 0)
(2.46928 0.0039376 0)
(2.47129 0.00657986 0)
(2.47316 0.00888532 0)
(2.47407 0.0101321 0)
(2.47548 0.0104167 0)
(2.47696 0.00980418 0)
(2.47809 0.00823208 0)
(2.47938 0.00623717 0)
(2.48076 0.0041855 0)
(2.48196 0.0021799 0)
(2.48248 6.58034e-05 0)
(2.483 -0.00172171 0)
(2.48347 -0.00275412 0)
(2.48371 -0.00291718 0)
(2.48448 -0.00230208 0)
(2.63042 -0.437429 0)
(2.62606 -0.431136 0)
(2.612 -0.414912 0)
(2.59715 -0.389738 0)
(2.58432 -0.347139 0)
(2.57547 -0.302361 0)
(2.56803 -0.285302 0)
(2.55661 -0.271183 0)
(2.534 -0.244216 0)
(2.52152 -0.22497 0)
(2.51125 -0.219674 0)
(2.5131 -0.206542 0)
(2.51701 -0.176586 0)
(2.50846 -0.152976 0)
(2.49477 -0.143418 0)
(2.4791 -0.143056 0)
(2.46874 -0.137277 0)
(2.45556 -0.121691 0)
(2.44415 -0.098378 0)
(2.43524 -0.0844927 0)
(2.42467 -0.0798472 0)
(2.42058 -0.0774927 0)
(2.41941 -0.0708972 0)
(2.41255 -0.0620365 0)
(2.40654 -0.0536797 0)
(2.40318 -0.047096 0)
(2.40205 -0.0425231 0)
(2.3998 -0.0399214 0)
(2.39696 -0.0384726 0)
(2.39298 -0.0371134 0)
(2.38665 -0.0350202 0)
(2.38351 -0.0328134 0)
(2.38156 -0.0299286 0)
(2.38543 -0.024434 0)
(2.39365 -0.0186073 0)
(2.39642 -0.0153815 0)
(2.39606 -0.0143169 0)
(2.39377 -0.012447 0)
(2.38847 -0.0122064 0)
(2.38271 -0.0142073 0)
(2.38089 -0.0150405 0)
(2.38047 -0.0146453 0)
(2.38152 -0.011709 0)
(2.38392 -0.00482034 0)
(2.38611 0.00294381 0)
(2.38815 0.00778532 0)
(2.38996 0.00943473 0)
(2.3914 0.00985967 0)
(2.39212 0.010042 0)
(2.39312 0.0105537 0)
(2.39365 0.0113505 0)
(2.39332 0.0120533 0)
(2.39298 0.0122735 0)
(2.39412 0.0119709 0)
(2.39685 0.0118311 0)
(2.39965 0.0128149 0)
(2.40187 0.0147141 0)
(2.40377 0.0163028 0)
(2.40492 0.0171052 0)
(2.40612 0.0164426 0)
(2.40708 0.0149455 0)
(2.40714 0.0124632 0)
(2.40645 0.00995011 0)
(2.40767 0.00930611 0)
(2.40925 0.00927017 0)
(2.4111 0.00958866 0)
(2.41457 0.0112742 0)
(2.41857 0.0142214 0)
(2.42046 0.0155361 0)
(2.42216 0.0164765 0)
(2.42237 0.0169166 0)
(2.42014 0.0156526 0)
(2.41793 0.0132875 0)
(2.41767 0.0111846 0)
(2.41846 0.00987512 0)
(2.41997 0.00930862 0)
(2.4215 0.00917711 0)
(2.42388 0.0093284 0)
(2.42687 0.0107132 0)
(2.4286 0.0132037 0)
(2.42919 0.0154721 0)
(2.42894 0.0176886 0)
(2.42861 0.0190388 0)
(2.42994 0.0189828 0)
(2.4315 0.0174247 0)
(2.43301 0.0148225 0)
(2.43433 0.0121511 0)
(2.43523 0.00933927 0)
(2.43469 0.00652231 0)
(2.43288 0.00464174 0)
(2.43262 0.00491399 0)
(2.43451 0.00614427 0)
(2.43703 0.00747368 0)
(2.43967 0.00925269 0)
(2.44389 0.0118096 0)
(2.44828 0.014942 0)
(2.45031 0.016548 0)
(2.45229 0.0170313 0)
(2.45395 0.0166611 0)
(2.45296 0.0150439 0)
(2.45204 0.012685 0)
(2.4537 0.0108581 0)
(2.45569 0.00973191 0)
(2.4576 0.00873962 0)
(2.45927 0.00734508 0)
(2.46051 0.00564929 0)
(2.46117 0.00441664 0)
(2.46113 0.00360842 0)
(2.46132 0.00308482 0)
(2.46246 0.00312659 0)
(2.46349 0.0035039 0)
(2.46465 0.00429625 0)
(2.46666 0.0057046 0)
(2.46917 0.00790749 0)
(2.47195 0.00991898 0)
(2.47355 0.0106531 0)
(2.47521 0.0104966 0)
(2.47624 0.00946397 0)
(2.4762 0.00751779 0)
(2.47676 0.00541131 0)
(2.47787 0.00347989 0)
(2.47907 0.00177005 0)
(2.4802 -0.000148868 0)
(2.48135 -0.00199632 0)
(2.48261 -0.00282256 0)
(2.48365 -0.00246188 0)
(2.48449 -0.000985603 0)
(2.48552 0.00124863 0)
(2.4869 0.00396016 0)
(2.62188 -0.440143 0)
(2.62844 -0.444474 0)
(2.62879 -0.440249 0)
(2.62233 -0.438268 0)
(2.61151 -0.432332 0)
(2.60237 -0.41986 0)
(2.59148 -0.394099 0)
(2.57839 -0.366815 0)
(2.56508 -0.346674 0)
(2.54487 -0.301506 0)
(2.53175 -0.257491 0)
(2.52736 -0.239221 0)
(2.53766 -0.221277 0)
(2.53252 -0.196075 0)
(2.51377 -0.177529 0)
(2.49617 -0.162538 0)
(2.47556 -0.159749 0)
(2.46902 -0.153342 0)
(2.46095 -0.129802 0)
(2.4498 -0.108473 0)
(2.43768 -0.0950242 0)
(2.42469 -0.0884865 0)
(2.42051 -0.0865955 0)
(2.42366 -0.0774235 0)
(2.42039 -0.0621743 0)
(2.41401 -0.0520291 0)
(2.40726 -0.0456388 0)
(2.40196 -0.0436212 0)
(2.39807 -0.0431746 0)
(2.39467 -0.0427513 0)
(2.39184 -0.0409206 0)
(2.38982 -0.0369876 0)
(2.3899 -0.0301871 0)
(2.39354 -0.0228845 0)
(2.39864 -0.0194849 0)
(2.40004 -0.0197374 0)
(2.39966 -0.020045 0)
(2.39743 -0.0203394 0)
(2.39061 -0.0200063 0)
(2.38474 -0.01762 0)
(2.38319 -0.0162158 0)
(2.3825 -0.0133768 0)
(2.38559 -0.00847459 0)
(2.39049 -0.0017564 0)
(2.39229 0.00299217 0)
(2.39221 0.00597532 0)
(2.39165 0.00975067 0)
(2.39194 0.0113657 0)
(2.39282 0.0111829 0)
(2.39374 0.0106289 0)
(2.39449 0.00986768 0)
(2.39444 0.0090865 0)
(2.39462 0.00865685 0)
(2.39653 0.00897798 0)
(2.39865 0.0103436 0)
(2.40301 0.0140958 0)
(2.40546 0.0167779 0)
(2.40711 0.01833 0)
(2.40782 0.0201412 0)
(2.40722 0.0204582 0)
(2.40574 0.0181563 0)
(2.40515 0.0147975 0)
(2.40649 0.013268 0)
(2.4084 0.0123656 0)
(2.41027 0.0119309 0)
(2.41371 0.0131281 0)
(2.41814 0.0155346 0)
(2.42085 0.0166618 0)
(2.42266 0.0168205 0)
(2.42412 0.0169639 0)
(2.42283 0.0165822 0)
(2.41893 0.0148825 0)
(2.41646 0.0127539 0)
(2.41695 0.0116412 0)
(2.41837 0.0112357 0)
(2.41987 0.011202 0)
(2.42309 0.0120589 0)
(2.42755 0.0150235 0)
(2.43093 0.0183986 0)
(2.43198 0.0200636 0)
(2.43244 0.0207265 0)
(2.43221 0.0211469 0)
(2.43029 0.0211016 0)
(2.42926 0.0201608 0)
(2.42996 0.0183004 0)
(2.43103 0.0156493 0)
(2.4319 0.0119944 0)
(2.43217 0.00766438 0)
(2.43189 0.00397762 0)
(2.43276 0.00272366 0)
(2.43488 0.00345792 0)
(2.43729 0.00597361 0)
(2.4405 0.010034 0)
(2.44448 0.0155852 0)
(2.44728 0.0200895 0)
(2.44937 0.021427 0)
(2.45191 0.0213086 0)
(2.45307 0.0201926 0)
(2.45186 0.0173825 0)
(2.45022 0.0132948 0)
(2.45031 0.00998402 0)
(2.45258 0.00805034 0)
(2.45502 0.00666317 0)
(2.45741 0.00551631 0)
(2.45952 0.00512196 0)
(2.46076 0.00554255 0)
(2.46093 0.00596042 0)
(2.46074 0.0070334 0)
(2.46147 0.00838868 0)
(2.46256 0.00879582 0)
(2.46358 0.00918655 0)
(2.46535 0.0096491 0)
(2.46796 0.0103016 0)
(2.47046 0.0106822 0)
(2.47218 0.0106247 0)
(2.47412 0.0100427 0)
(2.47526 0.00885615 0)
(2.47547 0.00718831 0)
(2.47495 0.0050082 0)
(2.47498 0.00258632 0)
(2.47619 0.000729858 0)
(2.47784 -0.000417491 0)
(2.47962 -0.000836742 0)
(2.48125 -0.000614452 0)
(2.48305 0.000452804 0)
(2.48557 0.00254893 0)
(2.48728 0.00489976 0)
(2.48836 0.00697482 0)
(2.4897 0.00856574 0)
(2.60845 -0.419106 0)
(2.61427 -0.430073 0)
(2.62575 -0.437755 0)
(2.62575 -0.441168 0)
(2.61571 -0.448277 0)
(2.60677 -0.452387 0)
(2.60525 -0.451163 0)
(2.60175 -0.446835 0)
(2.59225 -0.429613 0)
(2.5816 -0.403654 0)
(2.56979 -0.364679 0)
(2.55505 -0.3101 0)
(2.54854 -0.278023 0)
(2.55052 -0.266986 0)
(2.53252 -0.235587 0)
(2.5074 -0.199127 0)
(2.49108 -0.180836 0)
(2.47724 -0.175593 0)
(2.47703 -0.162861 0)
(2.46224 -0.139392 0)
(2.44833 -0.116325 0)
(2.43751 -0.104976 0)
(2.4267 -0.100111 0)
(2.42661 -0.0925533 0)
(2.43151 -0.078272 0)
(2.42536 -0.0681105 0)
(2.41669 -0.0621445 0)
(2.40373 -0.055597 0)
(2.39879 -0.0534554 0)
(2.39535 -0.0520161 0)
(2.3951 -0.0485095 0)
(2.39898 -0.0407219 0)
(2.40256 -0.0299328 0)
(2.4034 -0.0216129 0)
(2.40219 -0.018785 0)
(2.40072 -0.019698 0)
(2.39929 -0.0232222 0)
(2.39672 -0.0257491 0)
(2.39321 -0.0245567 0)
(2.38964 -0.0199567 0)
(2.38833 -0.0158253 0)
(2.38818 -0.0118691 0)
(2.39128 -0.00706958 0)
(2.3953 -0.00262614 0)
(2.3964 0.000239846 0)
(2.39614 0.00252133 0)
(2.39534 0.00582665 0)
(2.39374 0.00844716 0)
(2.39311 0.00872032 0)
(2.3937 0.00774078 0)
(2.39434 0.00653361 0)
(2.39512 0.00588109 0)
(2.39643 0.00633511 0)
(2.39829 0.00867926 0)
(2.4024 0.0130058 0)
(2.40636 0.0174047 0)
(2.40794 0.0187787 0)
(2.40954 0.0202765 0)
(2.40953 0.0213683 0)
(2.40683 0.0208059 0)
(2.40357 0.0181797 0)
(2.40403 0.0163959 0)
(2.40552 0.0157895 0)
(2.40741 0.0157678 0)
(2.41162 0.016484 0)
(2.41669 0.0177782 0)
(2.41961 0.0181818 0)
(2.42148 0.0178095 0)
(2.42338 0.0173142 0)
(2.42396 0.0168647 0)
(2.42171 0.0156712 0)
(2.4178 0.013998 0)
(2.41685 0.0131111 0)
(2.41785 0.0128948 0)
(2.41884 0.0130135 0)
(2.4218 0.0141659 0)
(2.42676 0.0177177 0)
(2.43091 0.0210739 0)
(2.43226 0.0220115 0)
(2.43343 0.0225097 0)
(2.4334 0.0226666 0)
(2.43187 0.0219606 0)
(2.4297 0.0201854 0)
(2.42815 0.0179353 0)
(2.42757 0.0153786 0)
(2.42752 0.0124235 0)
(2.42769 0.00930015 0)
(2.42864 0.00699927 0)
(2.43027 0.00579008 0)
(2.43295 0.0056126 0)
(2.43693 0.00776264 0)
(2.44116 0.0123303 0)
(2.44553 0.0178159 0)
(2.44775 0.0209963 0)
(2.45008 0.0229404 0)
(2.45093 0.0243433 0)
(2.45008 0.0235555 0)
(2.44824 0.0197515 0)
(2.44582 0.0138761 0)
(2.4457 0.00974172 0)
(2.44787 0.0081335 0)
(2.45025 0.00729546 0)
(2.45341 0.00615334 0)
(2.45775 0.00561175 0)
(2.46099 0.00674554 0)
(2.4621 0.00796641 0)
(2.46301 0.00968502 0)
(2.46303 0.0117621 0)
(2.46189 0.0133795 0)
(2.46213 0.0137525 0)
(2.46354 0.01368 0)
(2.46512 0.0132285 0)
(2.46738 0.0121435 0)
(2.46947 0.0106579 0)
(2.47139 0.00962322 0)
(2.47328 0.00883192 0)
(2.47416 0.0076556 0)
(2.47328 0.00538153 0)
(2.47241 0.00283199 0)
(2.47334 0.00157184 0)
(2.47501 0.00117591 0)
(2.4768 0.00118556 0)
(2.479 0.00188067 0)
(2.48246 0.00388114 0)
(2.48562 0.00641323 0)
(2.48726 0.00785182 0)
(2.48881 0.00829185 0)
(2.48992 0.00865592 0)
(2.48999 0.00864042 0)
(2.58085 -0.349274 0)
(2.59004 -0.377701 0)
(2.59956 -0.395067 0)
(2.60837 -0.40348 0)
(2.60528 -0.420809 0)
(2.59573 -0.443952 0)
(2.59618 -0.453071 0)
(2.60015 -0.456639 0)
(2.60587 -0.455014 0)
(2.60519 -0.45007 0)
(2.59948 -0.440935 0)
(2.59026 -0.42566 0)
(2.57685 -0.396345 0)
(2.56318 -0.354632 0)
(2.55491 -0.332938 0)
(2.54884 -0.302575 0)
(2.52116 -0.246981 0)
(2.50078 -0.204142 0)
(2.48833 -0.192466 0)
(2.48972 -0.184659 0)
(2.47837 -0.156027 0)
(2.45789 -0.126669 0)
(2.44411 -0.106771 0)
(2.43377 -0.0958185 0)
(2.43383 -0.089712 0)
(2.43005 -0.0853814 0)
(2.42194 -0.0830377 0)
(2.41155 -0.0755846 0)
(2.40327 -0.0679032 0)
(2.39937 -0.0641334 0)
(2.40014 -0.0571643 0)
(2.40809 -0.0452163 0)
(2.4115 -0.0338354 0)
(2.41007 -0.0293146 0)
(2.40537 -0.0256997 0)
(2.39802 -0.02396 0)
(2.39512 -0.0253895 0)
(2.39335 -0.0272028 0)
(2.39368 -0.0274496 0)
(2.39435 -0.0242111 0)
(2.39502 -0.0183632 0)
(2.39599 -0.0116294 0)
(2.39793 -0.00654175 0)
(2.4 -0.00350616 0)
(2.40005 -0.0019548 0)
(2.39976 -0.000902241 0)
(2.3987 0.0014789 0)
(2.39517 0.00396701 0)
(2.39197 0.00402633 0)
(2.392 0.00300542 0)
(2.39308 0.00266742 0)
(2.39458 0.00337299 0)
(2.39798 0.00634637 0)
(2.40265 0.0115951 0)
(2.40644 0.0173592 0)
(2.40756 0.0195548 0)
(2.40883 0.0209265 0)
(2.40976 0.0217375 0)
(2.4091 0.0216229 0)
(2.40516 0.019888 0)
(2.40233 0.0185242 0)
(2.40344 0.0183434 0)
(2.40488 0.0182767 0)
(2.40892 0.0186709 0)
(2.41482 0.0209053 0)
(2.41758 0.0218985 0)
(2.41953 0.0217618 0)
(2.42139 0.0210816 0)
(2.42227 0.0195588 0)
(2.42129 0.0166445 0)
(2.41871 0.0137956 0)
(2.41741 0.0135607 0)
(2.4182 0.0148835 0)
(2.41896 0.0163031 0)
(2.42057 0.0178804 0)
(2.42438 0.0200678 0)
(2.42913 0.0212631 0)
(2.43083 0.0212814 0)
(2.43212 0.0212142 0)
(2.43326 0.021148 0)
(2.43273 0.0206988 0)
(2.43014 0.0191852 0)
(2.42735 0.0171617 0)
(2.42567 0.0154998 0)
(2.42495 0.0144583 0)
(2.42472 0.0135415 0)
(2.42527 0.0126311 0)
(2.42615 0.0120469 0)
(2.42823 0.0113603 0)
(2.43359 0.0122536 0)
(2.44051 0.0158493 0)
(2.44429 0.0186175 0)
(2.44663 0.0195625 0)
(2.44933 0.0202624 0)
(2.45078 0.0209135 0)
(2.45004 0.0207308 0)
(2.44598 0.0182021 0)
(2.44123 0.0138567 0)
(2.44084 0.011509 0)
(2.44289 0.0108447 0)
(2.44498 0.0105889 0)
(2.44763 0.0102673 0)
(2.45221 0.0103289 0)
(2.45806 0.0118673 0)
(2.46192 0.0133991 0)
(2.46339 0.013871 0)
(2.4651 0.0143709 0)
(2.46452 0.0147033 0)
(2.46135 0.0145919 0)
(2.4609 0.0147465 0)
(2.4624 0.014791 0)
(2.46411 0.0144969 0)
(2.46589 0.0137388 0)
(2.46763 0.0122195 0)
(2.46912 0.0103002 0)
(2.47041 0.00833075 0)
(2.47113 0.00613075 0)
(2.47073 0.00453327 0)
(2.47095 0.00390604 0)
(2.47248 0.00381595 0)
(2.47402 0.00410401 0)
(2.47648 0.00498644 0)
(2.48061 0.00713565 0)
(2.48363 0.00902296 0)
(2.48565 0.00967613 0)
(2.48777 0.0101461 0)
(2.4888 0.0106008 0)
(2.48866 0.0103658 0)
(2.48831 0.00923937 0)
(2.56629 -0.301964 0)
(2.57462 -0.335087 0)
(2.58035 -0.366875 0)
(2.58559 -0.389975 0)
(2.59338 -0.404245 0)
(2.59016 -0.417101 0)
(2.59084 -0.430157 0)
(2.5954 -0.438484 0)
(2.59883 -0.453489 0)
(2.6027 -0.458332 0)
(2.60622 -0.455925 0)
(2.60075 -0.453177 0)
(2.59612 -0.451075 0)
(2.58819 -0.445831 0)
(2.57956 -0.424641 0)
(2.57073 -0.390301 0)
(2.5628 -0.360267 0)
(2.54552 -0.313828 0)
(2.51812 -0.254837 0)
(2.50234 -0.218407 0)
(2.49335 -0.192895 0)
(2.47483 -0.152602 0)
(2.45686 -0.120116 0)
(2.44608 -0.105858 0)
(2.43516 -0.100504 0)
(2.42579 -0.0995016 0)
(2.42133 -0.0952847 0)
(2.41451 -0.0870814 0)
(2.40891 -0.0777794 0)
(2.40558 -0.0700521 0)
(2.40677 -0.0605294 0)
(2.4156 -0.0495592 0)
(2.41846 -0.0429371 0)
(2.41624 -0.0406167 0)
(2.4088 -0.0349931 0)
(2.39703 -0.0286898 0)
(2.39134 -0.0268303 0)
(2.38954 -0.0273071 0)
(2.39037 -0.0289708 0)
(2.39615 -0.0284447 0)
(2.40102 -0.0223407 0)
(2.40285 -0.0142947 0)
(2.40334 -0.00748488 0)
(2.4027 -0.00479812 0)
(2.40179 -0.00451394 0)
(2.4012 -0.00454425 0)
(2.39976 -0.00372502 0)
(2.39583 -0.00115226 0)
(2.39106 0.000848337 0)
(2.38993 0.00120424 0)
(2.39009 0.00146824 0)
(2.39301 0.00292853 0)
(2.40011 0.00802016 0)
(2.40621 0.0153171 0)
(2.40763 0.018802 0)
(2.40862 0.0213687 0)
(2.4086 0.0226698 0)
(2.40758 0.0224272 0)
(2.40512 0.0212595 0)
(2.40221 0.0205139 0)
(2.40232 0.0206838 0)
(2.40361 0.020902 0)
(2.40571 0.0216147 0)
(2.41069 0.0234071 0)
(2.41492 0.0243037 0)
(2.4166 0.0242182 0)
(2.41874 0.0237228 0)
(2.41984 0.0225716 0)
(2.41877 0.019916 0)
(2.41639 0.0166408 0)
(2.4161 0.0152895 0)
(2.4172 0.0154583 0)
(2.41825 0.0171108 0)
(2.42052 0.020033 0)
(2.42325 0.0237081 0)
(2.4258 0.0255979 0)
(2.42726 0.0252032 0)
(2.42831 0.0236993 0)
(2.42892 0.0220225 0)
(2.42925 0.019806 0)
(2.42816 0.0170215 0)
(2.42574 0.0146893 0)
(2.42441 0.0140293 0)
(2.42433 0.0147011 0)
(2.42432 0.015725 0)
(2.42436 0.0171204 0)
(2.42495 0.0183436 0)
(2.42598 0.019128 0)
(2.42905 0.0206437 0)
(2.43407 0.0216099 0)
(2.4392 0.0204823 0)
(2.44248 0.0193642 0)
(2.44472 0.0189556 0)
(2.4475 0.0184798 0)
(2.44864 0.0178995 0)
(2.44555 0.0160524 0)
(2.4398 0.0131697 0)
(2.43789 0.0125744 0)
(2.43945 0.0131779 0)
(2.44163 0.0138681 0)
(2.44376 0.0143835 0)
(2.44719 0.01532 0)
(2.4534 0.0180471 0)
(2.4585 0.0189655 0)
(2.4602 0.0180527 0)
(2.46174 0.0171703 0)
(2.46254 0.0159344 0)
(2.46123 0.0136271 0)
(2.45914 0.0118978 0)
(2.4593 0.011844 0)
(2.46053 0.0122278 0)
(2.46195 0.0128064 0)
(2.46339 0.0133017 0)
(2.46471 0.0130406 0)
(2.4658 0.0117686 0)
(2.46669 0.00988036 0)
(2.46767 0.00792289 0)
(2.46898 0.00657583 0)
(2.47027 0.00624407 0)
(2.47211 0.00691217 0)
(2.47486 0.00847 0)
(2.47776 0.0101624 0)
(2.48019 0.0107038 0)
(2.48227 0.0105909 0)
(2.48423 0.0102912 0)
(2.48589 0.00980207 0)
(2.48637 0.00904077 0)
(2.48567 0.00791791 0)
(2.48523 0.00669421 0)
(2.5462 -0.253535 0)
(2.54592 -0.259142 0)
(2.54501 -0.290133 0)
(2.5561 -0.328753 0)
(2.56359 -0.356687 0)
(2.57221 -0.367687 0)
(2.57562 -0.3713 0)
(2.57452 -0.388048 0)
(2.58122 -0.413374 0)
(2.58926 -0.435299 0)
(2.59515 -0.445762 0)
(2.599 -0.451252 0)
(2.59767 -0.454509 0)
(2.59233 -0.455971 0)
(2.59091 -0.455828 0)
(2.58956 -0.452423 0)
(2.58638 -0.436765 0)
(2.58109 -0.416312 0)
(2.569 -0.386205 0)
(2.54039 -0.321194 0)
(2.51817 -0.258544 0)
(2.50969 -0.235654 0)
(2.50256 -0.200042 0)
(2.46879 -0.165954 0)
(2.44434 -0.131752 0)
(2.42949 -0.119209 0)
(2.42013 -0.114712 0)
(2.41818 -0.102826 0)
(2.41646 -0.0849437 0)
(2.41495 -0.0696029 0)
(2.41434 -0.0563523 0)
(2.41708 -0.0487242 0)
(2.41703 -0.0478814 0)
(2.41376 -0.048115 0)
(2.4106 -0.0473801 0)
(2.40173 -0.0415835 0)
(2.39158 -0.0342585 0)
(2.3887 -0.0323399 0)
(2.38789 -0.0312158 0)
(2.3946 -0.0294949 0)
(2.40533 -0.0245539 0)
(2.40898 -0.0192747 0)
(2.40834 -0.01625 0)
(2.40425 -0.0113855 0)
(2.40036 -0.0097418 0)
(2.39843 -0.00964854 0)
(2.39673 -0.00888798 0)
(2.394 -0.00558482 0)
(2.39025 9.77196e-05 0)
(2.3887 0.00269 0)
(2.38825 0.00393368 0)
(2.39132 0.00633205 0)
(2.3999 0.0100762 0)
(2.40617 0.0138802 0)
(2.40773 0.0156161 0)
(2.40808 0.0188339 0)
(2.40577 0.0207548 0)
(2.40156 0.019929 0)
(2.39871 0.0185389 0)
(2.39916 0.0192342 0)
(2.40081 0.021025 0)
(2.40282 0.023322 0)
(2.40638 0.0260932 0)
(2.41018 0.0275115 0)
(2.41186 0.0273691 0)
(2.41396 0.0264644 0)
(2.4156 0.0249099 0)
(2.41535 0.0221675 0)
(2.41314 0.0186322 0)
(2.41287 0.0170822 0)
(2.41387 0.0170869 0)
(2.41522 0.0176217 0)
(2.41832 0.019991 0)
(2.42166 0.0243333 0)
(2.42293 0.0269478 0)
(2.42334 0.02807 0)
(2.42316 0.028213 0)
(2.42266 0.0261424 0)
(2.42195 0.021782 0)
(2.4211 0.016151 0)
(2.42079 0.0116521 0)
(2.42167 0.010319 0)
(2.4227 0.0113364 0)
(2.42322 0.0136073 0)
(2.42351 0.0165686 0)
(2.42392 0.0201558 0)
(2.42487 0.0237327 0)
(2.42637 0.0270452 0)
(2.42846 0.0290175 0)
(2.43072 0.0291469 0)
(2.43378 0.0274421 0)
(2.43698 0.0242622 0)
(2.43899 0.0215386 0)
(2.44106 0.0185136 0)
(2.44138 0.0140884 0)
(2.43848 0.00938081 0)
(2.43579 0.00845859 0)
(2.4369 0.0102902 0)
(2.4391 0.0130899 0)
(2.44117 0.0160102 0)
(2.44372 0.0187202 0)
(2.44858 0.0224684 0)
(2.45259 0.0240979 0)
(2.45418 0.0239125 0)
(2.45578 0.0227565 0)
(2.45669 0.0205737 0)
(2.45605 0.0170144 0)
(2.45443 0.012423 0)
(2.45498 0.00978198 0)
(2.45668 0.00915979 0)
(2.45847 0.00912305 0)
(2.46021 0.00930495 0)
(2.46158 0.0098216 0)
(2.46228 0.0108442 0)
(2.46239 0.011713 0)
(2.46323 0.011682 0)
(2.46469 0.0114945 0)
(2.46609 0.0114241 0)
(2.46801 0.0115772 0)
(2.47104 0.0121418 0)
(2.47366 0.0126012 0)
(2.47534 0.0126039 0)
(2.47736 0.0124031 0)
(2.47925 0.0117684 0)
(2.48055 0.0103472 0)
(2.48104 0.00781266 0)
(2.48076 0.00477548 0)
(2.48052 0.00276726 0)
(2.48116 0.00237256 0)
(2.51793 -0.219294 0)
(2.52988 -0.238282 0)
(2.53182 -0.251412 0)
(2.52978 -0.276676 0)
(2.54294 -0.305075 0)
(2.55129 -0.331243 0)
(2.56033 -0.351612 0)
(2.56945 -0.364603 0)
(2.57122 -0.378152 0)
(2.57574 -0.397939 0)
(2.58375 -0.415539 0)
(2.5895 -0.431584 0)
(2.59386 -0.443205 0)
(2.59416 -0.452414 0)
(2.58977 -0.453613 0)
(2.58934 -0.452254 0)
(2.59047 -0.450011 0)
(2.58992 -0.448896 0)
(2.5881 -0.441007 0)
(2.58352 -0.424118 0)
(2.56861 -0.389579 0)
(2.54349 -0.326195 0)
(2.51944 -0.272606 0)
(2.49469 -0.248416 0)
(2.46868 -0.208371 0)
(2.44536 -0.167425 0)
(2.42817 -0.135549 0)
(2.41912 -0.115425 0)
(2.42524 -0.100243 0)
(2.42739 -0.0801064 0)
(2.42025 -0.0621225 0)
(2.41239 -0.0489906 0)
(2.40653 -0.0469432 0)
(2.40288 -0.048897 0)
(2.40134 -0.0515198 0)
(2.39865 -0.050939 0)
(2.39254 -0.043383 0)
(2.38935 -0.036193 0)
(2.38864 -0.0323721 0)
(2.39425 -0.0274433 0)
(2.40551 -0.0229323 0)
(2.40815 -0.0202427 0)
(2.40662 -0.0185824 0)
(2.40133 -0.0154081 0)
(2.3952 -0.0135172 0)
(2.39304 -0.0134081 0)
(2.39096 -0.0127632 0)
(2.38969 -0.0105541 0)
(2.38721 -0.00424084 0)
(2.38631 0.00270162 0)
(2.38687 0.00716413 0)
(2.38963 0.0112442 0)
(2.39618 0.014171 0)
(2.4007 0.0151365 0)
(2.40166 0.0154035 0)
(2.40228 0.0157399 0)
(2.39967 0.0157367 0)
(2.39434 0.015322 0)
(2.39335 0.0161141 0)
(2.3951 0.0175741 0)
(2.39741 0.0203628 0)
(2.40121 0.0251898 0)
(2.4033 0.0286383 0)
(2.40482 0.0294068 0)
(2.40641 0.0288511 0)
(2.40767 0.0268749 0)
(2.40806 0.0235275 0)
(2.40696 0.0196652 0)
(2.40717 0.0178418 0)
(2.40849 0.0177893 0)
(2.40975 0.0181556 0)
(2.41266 0.0199508 0)
(2.41686 0.0231995 0)
(2.41933 0.0256736 0)
(2.41998 0.0266839 0)
(2.41992 0.0281358 0)
(2.41787 0.0281162 0)
(2.41423 0.0248882 0)
(2.41159 0.0196511 0)
(2.41128 0.015891 0)
(2.41214 0.013821 0)
(2.41549 0.012002 0)
(2.41975 0.0131984 0)
(2.42176 0.0164719 0)
(2.42243 0.0199855 0)
(2.42218 0.0242443 0)
(2.42171 0.0284523 0)
(2.42156 0.0307005 0)
(2.42235 0.0311324 0)
(2.42417 0.0307329 0)
(2.42648 0.0295532 0)
(2.42848 0.0271896 0)
(2.43002 0.0237135 0)
(2.43072 0.0190084 0)
(2.43004 0.0135014 0)
(2.43072 0.010364 0)
(2.43269 0.0101205 0)
(2.43495 0.0118949 0)
(2.43777 0.0154414 0)
(2.44076 0.019921 0)
(2.44328 0.0241935 0)
(2.44544 0.0264313 0)
(2.44696 0.026974 0)
(2.44818 0.0262963 0)
(2.44877 0.02407 0)
(2.4481 0.0195477 0)
(2.44685 0.0139826 0)
(2.44797 0.0110709 0)
(2.45 0.0104132 0)
(2.4526 0.00977981 0)
(2.45515 0.00957596 0)
(2.45669 0.00973814 0)
(2.45834 0.0104382 0)
(2.45938 0.0116586 0)
(2.45931 0.013561 0)
(2.45931 0.0150138 0)
(2.4606 0.0153533 0)
(2.46196 0.0156748 0)
(2.46408 0.0160066 0)
(2.46668 0.0159017 0)
(2.46832 0.0155722 0)
(2.47044 0.0150156 0)
(2.47232 0.0140656 0)
(2.47344 0.0121684 0)
(2.4733 0.00891973 0)
(2.47245 0.00507619 0)
(2.47275 0.00262319 0)
(2.47439 0.00197596 0)
(2.47614 0.00218652 0)
(2.49359 -0.167728 0)
(2.50307 -0.200447 0)
(2.51014 -0.221353 0)
(2.50824 -0.228462 0)
(2.50483 -0.244665 0)
(2.52265 -0.269763 0)
(2.53699 -0.298443 0)
(2.54737 -0.321891 0)
(2.55646 -0.334404 0)
(2.55871 -0.340648 0)
(2.55763 -0.357668 0)
(2.56608 -0.382411 0)
(2.57436 -0.404328 0)
(2.58002 -0.419746 0)
(2.58231 -0.427661 0)
(2.57931 -0.435431 0)
(2.57852 -0.439222 0)
(2.58093 -0.440373 0)
(2.5865 -0.441739 0)
(2.58866 -0.442334 0)
(2.58573 -0.439348 0)
(2.57402 -0.42592 0)
(2.55651 -0.39923 0)
(2.53094 -0.359714 0)
(2.50259 -0.315956 0)
(2.47172 -0.249404 0)
(2.45049 -0.18758 0)
(2.43973 -0.164995 0)
(2.44098 -0.144261 0)
(2.44466 -0.11143 0)
(2.43703 -0.0925098 0)
(2.42384 -0.0800872 0)
(2.40328 -0.0704787 0)
(2.39596 -0.0709384 0)
(2.3916 -0.0719195 0)
(2.39253 -0.0669685 0)
(2.39104 -0.0565891 0)
(2.38944 -0.0439747 0)
(2.38987 -0.0342194 0)
(2.39267 -0.0285886 0)
(2.39829 -0.0273859 0)
(2.40095 -0.0273647 0)
(2.40001 -0.0264581 0)
(2.39672 -0.023021 0)
(2.38984 -0.0176147 0)
(2.38604 -0.0157541 0)
(2.38339 -0.0149388 0)
(2.38298 -0.0119122 0)
(2.38296 -0.00592931 0)
(2.38302 0.00212612 0)
(2.38399 0.00976889 0)
(2.38569 0.0144597 0)
(2.388 0.0152212 0)
(2.39007 0.0133364 0)
(2.39102 0.0119168 0)
(2.39157 0.0108779 0)
(2.38997 0.00977082 0)
(2.38699 0.0104374 0)
(2.38745 0.0120049 0)
(2.3893 0.0144135 0)
(2.39368 0.0202597 0)
(2.39668 0.0260206 0)
(2.39787 0.028772 0)
(2.39842 0.0308685 0)
(2.3976 0.0302994 0)
(2.3963 0.0265052 0)
(2.39576 0.0216315 0)
(2.3971 0.0189659 0)
(2.39874 0.0181279 0)
(2.40117 0.0178648 0)
(2.4046 0.0195364 0)
(2.40875 0.0228134 0)
(2.41194 0.0251954 0)
(2.41284 0.0256877 0)
(2.41368 0.0257011 0)
(2.41325 0.025026 0)
(2.40942 0.0228435 0)
(2.40367 0.0198406 0)
(2.40145 0.0185368 0)
(2.40167 0.018415 0)
(2.40296 0.0183663 0)
(2.40745 0.0187214 0)
(2.41393 0.0198609 0)
(2.41692 0.0217333 0)
(2.41732 0.0234915 0)
(2.41734 0.025009 0)
(2.41597 0.0279107 0)
(2.41358 0.030265 0)
(2.41354 0.0305142 0)
(2.41512 0.0297506 0)
(2.41691 0.0281176 0)
(2.41818 0.0251213 0)
(2.41854 0.0210863 0)
(2.41883 0.0174483 0)
(2.42066 0.0159967 0)
(2.42254 0.0156445 0)
(2.42606 0.0155085 0)
(2.43064 0.0170168 0)
(2.4344 0.0199696 0)
(2.43669 0.0224676 0)
(2.4388 0.0242661 0)
(2.44021 0.0260338 0)
(2.44017 0.026532 0)
(2.43913 0.0241049 0)
(2.43738 0.0188139 0)
(2.43613 0.0131309 0)
(2.43761 0.0104839 0)
(2.43967 0.00984333 0)
(2.44244 0.00922993 0)
(2.4469 0.00992997 0)
(2.45036 0.0114004 0)
(2.4516 0.0122841 0)
(2.45285 0.0130498 0)
(2.45379 0.0139064 0)
(2.45381 0.0153407 0)
(2.45282 0.0170851 0)
(2.45376 0.0176271 0)
(2.45524 0.0176428 0)
(2.45718 0.0173945 0)
(2.45913 0.0168641 0)
(2.46115 0.0159437 0)
(2.46301 0.014722 0)
(2.46413 0.0127603 0)
(2.46371 0.00957575 0)
(2.46256 0.00618588 0)
(2.46319 0.00465674 0)
(2.46467 0.00445398 0)
(2.46617 0.00442524 0)
(2.46875 0.00465572 0)
(2.45604 -0.115062 0)
(2.47247 -0.149459 0)
(2.48212 -0.181599 0)
(2.48767 -0.205029 0)
(2.49136 -0.217435 0)
(2.49521 -0.230903 0)
(2.51118 -0.250938 0)
(2.52575 -0.274246 0)
(2.53424 -0.297089 0)
(2.54158 -0.314091 0)
(2.54393 -0.325442 0)
(2.54233 -0.342491 0)
(2.55256 -0.362925 0)
(2.56167 -0.38133 0)
(2.56724 -0.402308 0)
(2.57007 -0.418026 0)
(2.57118 -0.421605 0)
(2.57211 -0.424842 0)
(2.57736 -0.426951 0)
(2.57915 -0.430497 0)
(2.57667 -0.433331 0)
(2.57257 -0.434861 0)
(2.56063 -0.432196 0)
(2.55239 -0.423634 0)
(2.5393 -0.404687 0)
(2.52069 -0.368646 0)
(2.50185 -0.316509 0)
(2.47025 -0.224414 0)
(2.4539 -0.159976 0)
(2.44983 -0.13381 0)
(2.43456 -0.109383 0)
(2.42274 -0.100732 0)
(2.40312 -0.0821147 0)
(2.39031 -0.074801 0)
(2.38148 -0.0748887 0)
(2.38128 -0.0741289 0)
(2.39166 -0.0661049 0)
(2.39437 -0.052571 0)
(2.39219 -0.0413874 0)
(2.39015 -0.0347096 0)
(2.38784 -0.0332345 0)
(2.3875 -0.034042 0)
(2.38956 -0.0333287 0)
(2.38885 -0.0310017 0)
(2.38468 -0.0236461 0)
(2.38033 -0.0156473 0)
(2.37812 -0.0133914 0)
(2.3771 -0.0107372 0)
(2.37917 -0.00547794 0)
(2.38101 0.00273254 0)
(2.38044 0.00937924 0)
(2.37867 0.0124533 0)
(2.37716 0.0131683 0)
(2.37721 0.0129246 0)
(2.37785 0.0120253 0)
(2.37827 0.0113061 0)
(2.37814 0.0110136 0)
(2.37811 0.0111554 0)
(2.3792 0.0122113 0)
(2.38302 0.0159499 0)
(2.38821 0.0212203 0)
(2.39025 0.0236098 0)
(2.39191 0.0259809 0)
(2.39109 0.027636 0)
(2.38658 0.0267251 0)
(2.38255 0.0233624 0)
(2.38324 0.0212625 0)
(2.38476 0.0205385 0)
(2.38741 0.0195834 0)
(2.39262 0.0200601 0)
(2.39846 0.0228765 0)
(2.40186 0.0251847 0)
(2.40276 0.025658 0)
(2.4036 0.0255443 0)
(2.40345 0.0245612 0)
(2.40105 0.021961 0)
(2.39628 0.0189223 0)
(2.39289 0.0185669 0)
(2.39248 0.0198365 0)
(2.39286 0.0211877 0)
(2.39495 0.0242063 0)
(2.3997 0.0277467 0)
(2.4048 0.0295113 0)
(2.40698 0.0297288 0)
(2.40747 0.0293841 0)
(2.40735 0.0288298 0)
(2.40586 0.0275813 0)
(2.40358 0.0268356 0)
(2.4032 0.0270169 0)
(2.40444 0.0268997 0)
(2.40578 0.0259461 0)
(2.40635 0.0239664 0)
(2.40702 0.0221074 0)
(2.40881 0.0216184 0)
(2.41063 0.0216752 0)
(2.41289 0.0218471 0)
(2.41728 0.0222856 0)
(2.42278 0.0231569 0)
(2.427 0.0240299 0)
(2.42893 0.0243988 0)
(2.43164 0.0246393 0)
(2.4332 0.0245461 0)
(2.43103 0.0227392 0)
(2.42599 0.0180001 0)
(2.42342 0.0133357 0)
(2.42488 0.0116952 0)
(2.42694 0.0114257 0)
(2.42928 0.0110298 0)
(2.43414 0.011541 0)
(2.44024 0.0137348 0)
(2.44345 0.0154545 0)
(2.44459 0.0163066 0)
(2.44587 0.0170919 0)
(2.44673 0.0180163 0)
(2.4463 0.0191411 0)
(2.4443 0.0197565 0)
(2.44427 0.0193203 0)
(2.44586 0.0186004 0)
(2.44758 0.0177029 0)
(2.44941 0.0164436 0)
(2.45114 0.014946 0)
(2.45247 0.0130265 0)
(2.45271 0.0107869 0)
(2.45201 0.00924276 0)
(2.45252 0.00899055 0)
(2.45412 0.00915691 0)
(2.45562 0.0092604 0)
(2.45736 0.00944896 0)
(2.46022 0.00986922 0)
(2.42981 -0.0850951 0)
(2.42704 -0.103499 0)
(2.44328 -0.133929 0)
(2.45979 -0.162803 0)
(2.46929 -0.18739 0)
(2.47778 -0.200601 0)
(2.48302 -0.205559 0)
(2.48705 -0.221316 0)
(2.50291 -0.24713 0)
(2.5135 -0.271233 0)
(2.519 -0.290191 0)
(2.52051 -0.302313 0)
(2.51694 -0.311811 0)
(2.52018 -0.328689 0)
(2.53559 -0.348465 0)
(2.54705 -0.368767 0)
(2.55357 -0.386287 0)
(2.55967 -0.395493 0)
(2.5641 -0.398404 0)
(2.56309 -0.406492 0)
(2.55998 -0.416771 0)
(2.55679 -0.423161 0)
(2.55282 -0.430088 0)
(2.55029 -0.431888 0)
(2.54733 -0.426905 0)
(2.54472 -0.420803 0)
(2.53642 -0.402297 0)
(2.52544 -0.373169 0)
(2.50426 -0.315445 0)
(2.47491 -0.232606 0)
(2.45963 -0.199234 0)
(2.44857 -0.169283 0)
(2.41823 -0.134713 0)
(2.39583 -0.0996635 0)
(2.38498 -0.0868943 0)
(2.37947 -0.0828127 0)
(2.39189 -0.0758861 0)
(2.40085 -0.0629005 0)
(2.39803 -0.0544426 0)
(2.38854 -0.0456284 0)
(2.38012 -0.0413618 0)
(2.37672 -0.041369 0)
(2.37713 -0.0424337 0)
(2.38199 -0.0397375 0)
(2.38066 -0.0342066 0)
(2.37701 -0.024891 0)
(2.3758 -0.0175879 0)
(2.37486 -0.0107574 0)
(2.3764 -0.00215504 0)
(2.3768 0.00539452 0)
(2.37477 0.00819397 0)
(2.37109 0.00943104 0)
(2.3664 0.00863092 0)
(2.3648 0.00736685 0)
(2.3651 0.0070144 0)
(2.36589 0.00716132 0)
(2.36773 0.00842357 0)
(2.37014 0.0114916 0)
(2.37372 0.0164201 0)
(2.3782 0.0213118 0)
(2.38048 0.0236607 0)
(2.38231 0.0249825 0)
(2.38349 0.0263219 0)
(2.38173 0.0263793 0)
(2.37532 0.0247029 0)
(2.37094 0.022673 0)
(2.37195 0.0218715 0)
(2.37339 0.0214494 0)
(2.37659 0.0210244 0)
(2.38385 0.0219878 0)
(2.39026 0.0238906 0)
(2.39175 0.0243769 0)
(2.39284 0.0245747 0)
(2.39287 0.0244759 0)
(2.39052 0.0229479 0)
(2.38628 0.0199987 0)
(2.38362 0.0182988 0)
(2.38332 0.0184153 0)
(2.38378 0.0200596 0)
(2.38543 0.0240697 0)
(2.38835 0.0292132 0)
(2.39194 0.0333357 0)
(2.39439 0.0348084 0)
(2.39503 0.0343567 0)
(2.39501 0.0331928 0)
(2.39443 0.0295485 0)
(2.39313 0.0248671 0)
(2.39239 0.0221268 0)
(2.39331 0.0212928 0)
(2.39481 0.0212472 0)
(2.39577 0.0218596 0)
(2.39595 0.0232921 0)
(2.39735 0.0244209 0)
(2.39936 0.0247209 0)
(2.4014 0.025252 0)
(2.40411 0.0260268 0)
(2.40867 0.0269633 0)
(2.41396 0.0269484 0)
(2.41758 0.0256954 0)
(2.41985 0.0246941 0)
(2.42259 0.0237367 0)
(2.42338 0.0219536 0)
(2.4188 0.0182493 0)
(2.41293 0.0141394 0)
(2.41302 0.0128517 0)
(2.41487 0.0127757 0)
(2.41656 0.0127724 0)
(2.41954 0.0134001 0)
(2.42549 0.015533 0)
(2.43173 0.0176632 0)
(2.43438 0.0185028 0)
(2.43587 0.0189427 0)
(2.4374 0.0193078 0)
(2.43834 0.019693 0)
(2.43714 0.0198586 0)
(2.43407 0.0194782 0)
(2.43339 0.0187305 0)
(2.43489 0.0178208 0)
(2.43669 0.0166488 0)
(2.43847 0.0149746 0)
(2.43996 0.0128226 0)
(2.44093 0.0105279 0)
(2.44138 0.00863617 0)
(2.442 0.00816464 0)
(2.44312 0.00902039 0)
(2.44462 0.0103556 0)
(2.44644 0.0116732 0)
(2.44852 0.0127335 0)
(2.45081 0.0131903 0)
(2.40218 -0.0545364 0)
(2.40451 -0.0796751 0)
(2.4031 -0.097063 0)
(2.41537 -0.117557 0)
(2.43859 -0.138977 0)
(2.45481 -0.163473 0)
(2.46402 -0.182665 0)
(2.46943 -0.192597 0)
(2.46816 -0.203098 0)
(2.47241 -0.223908 0)
(2.48652 -0.245051 0)
(2.4957 -0.267574 0)
(2.4997 -0.287357 0)
(2.50067 -0.297663 0)
(2.50127 -0.307623 0)
(2.51425 -0.321762 0)
(2.52953 -0.337361 0)
(2.53925 -0.355398 0)
(2.54611 -0.371795 0)
(2.54994 -0.381193 0)
(2.54544 -0.387688 0)
(2.54103 -0.399232 0)
(2.54381 -0.409439 0)
(2.54362 -0.417556 0)
(2.54042 -0.421858 0)
(2.54321 -0.423208 0)
(2.54442 -0.420653 0)
(2.54501 -0.415344 0)
(2.54064 -0.404884 0)
(2.52922 -0.37791 0)
(2.50183 -0.309286 0)
(2.4765 -0.246282 0)
(2.45892 -0.205076 0)
(2.41762 -0.143292 0)
(2.39648 -0.095184 0)
(2.38719 -0.0835243 0)
(2.38932 -0.0751354 0)
(2.39852 -0.0680377 0)
(2.39627 -0.0654637 0)
(2.38855 -0.0589106 0)
(2.37772 -0.0475442 0)
(2.3736 -0.0417158 0)
(2.37039 -0.0381175 0)
(2.37368 -0.0375844 0)
(2.3784 -0.0370958 0)
(2.37664 -0.0318977 0)
(2.37477 -0.023787 0)
(2.37373 -0.0143028 0)
(2.37354 -0.00590818 0)
(2.37259 -0.000683404 0)
(2.37001 0.00309968 0)
(2.36434 0.00519912 0)
(2.35727 0.00411127 0)
(2.35455 0.00300693 0)
(2.35382 0.00289153 0)
(2.35465 0.00382345 0)
(2.35977 0.00774101 0)
(2.36741 0.0146353 0)
(2.37199 0.0197499 0)
(2.37312 0.0214774 0)
(2.37372 0.0225214 0)
(2.37417 0.0240536 0)
(2.37391 0.0249062 0)
(2.37142 0.0239879 0)
(2.36627 0.0217394 0)
(2.36354 0.02039 0)
(2.36435 0.0200444 0)
(2.36554 0.0200219 0)
(2.36899 0.0209332 0)
(2.37618 0.0228499 0)
(2.38106 0.0235671 0)
(2.38208 0.023516 0)
(2.38314 0.0233848 0)
(2.3826 0.0229082 0)
(2.37879 0.0217375 0)
(2.37512 0.0210335 0)
(2.3745 0.0212093 0)
(2.37459 0.0223812 0)
(2.37657 0.0251754 0)
(2.38 0.0293733 0)
(2.38278 0.0337348 0)
(2.38414 0.0366657 0)
(2.38445 0.0375644 0)
(2.38408 0.0370036 0)
(2.38258 0.0331824 0)
(2.381 0.0268815 0)
(2.38139 0.0222784 0)
(2.38296 0.020798 0)
(2.38546 0.0211789 0)
(2.38724 0.0220536 0)
(2.38902 0.0234983 0)
(2.38991 0.0253487 0)
(2.39027 0.0278697 0)
(2.39244 0.029112 0)
(2.39489 0.0293897 0)
(2.39758 0.0297139 0)
(2.40165 0.0296872 0)
(2.40579 0.0285081 0)
(2.40843 0.0266347 0)
(2.41098 0.024064 0)
(2.41276 0.0208849 0)
(2.41233 0.0173523 0)
(2.40767 0.0148564 0)
(2.4045 0.0149772 0)
(2.40569 0.0159418 0)
(2.40726 0.0168408 0)
(2.40924 0.0178678 0)
(2.41317 0.0195531 0)
(2.41876 0.0215776 0)
(2.42327 0.0224332 0)
(2.42523 0.022464 0)
(2.42699 0.0225207 0)
(2.42849 0.0225641 0)
(2.42872 0.0220137 0)
(2.42625 0.0202013 0)
(2.42339 0.0183661 0)
(2.42327 0.0174524 0)
(2.42464 0.0165892 0)
(2.42646 0.0153302 0)
(2.42841 0.0136263 0)
(2.43006 0.0118979 0)
(2.43156 0.0108469 0)
(2.43313 0.0109279 0)
(2.43495 0.0123028 0)
(2.43684 0.0143506 0)
(2.43838 0.0161815 0)
(2.4396 0.0176265 0)
(2.44056 0.0181215 0)
(2.44158 0.0172848 0)
(2.35955 -0.0210432 0)
(2.37314 -0.0509656 0)
(2.38438 -0.0785824 0)
(2.39571 -0.0903367 0)
(2.40617 -0.0967385 0)
(2.41755 -0.114261 0)
(2.43413 -0.138144 0)
(2.44661 -0.159059 0)
(2.45163 -0.177837 0)
(2.45076 -0.19264 0)
(2.44738 -0.20794 0)
(2.4578 -0.22715 0)
(2.47471 -0.245545 0)
(2.48309 -0.265613 0)
(2.4883 -0.279015 0)
(2.49361 -0.284895 0)
(2.49721 -0.292011 0)
(2.50402 -0.307433 0)
(2.51752 -0.328218 0)
(2.52512 -0.349157 0)
(2.52814 -0.362977 0)
(2.52635 -0.368216 0)
(2.52175 -0.376896 0)
(2.52784 -0.391592 0)
(2.53448 -0.401753 0)
(2.53494 -0.408663 0)
(2.54148 -0.412168 0)
(2.54532 -0.414568 0)
(2.54856 -0.413906 0)
(2.54878 -0.409533 0)
(2.54361 -0.399142 0)
(2.52522 -0.361931 0)
(2.49983 -0.302337 0)
(2.4764 -0.257833 0)
(2.44801 -0.196402 0)
(2.4181 -0.136215 0)
(2.40498 -0.11737 0)
(2.40115 -0.104338 0)
(2.39564 -0.0830748 0)
(2.3897 -0.0729418 0)
(2.38517 -0.064889 0)
(2.38061 -0.051248 0)
(2.37569 -0.044053 0)
(2.37107 -0.0424442 0)
(2.37307 -0.0422186 0)
(2.37959 -0.036526 0)
(2.37876 -0.027795 0)
(2.37451 -0.021714 0)
(2.37108 -0.0170086 0)
(2.36891 -0.0123301 0)
(2.36558 -0.0066777 0)
(2.35969 -0.00131792 0)
(2.35198 0.000269771 0)
(2.34842 0.000148934 0)
(2.34609 0.000390378 0)
(2.34701 0.00244686 0)
(2.35595 0.00869888 0)
(2.36713 0.0168074 0)
(2.37027 0.0205399 0)
(2.37036 0.0215081 0)
(2.36986 0.0226563 0)
(2.36823 0.0227204 0)
(2.3653 0.0216759 0)
(2.36196 0.020514 0)
(2.35979 0.0192091 0)
(2.3602 0.0184712 0)
(2.36094 0.0183213 0)
(2.36252 0.0192539 0)
(2.3663 0.021666 0)
(2.37121 0.0229302 0)
(2.37385 0.0221818 0)
(2.37471 0.0213932 0)
(2.37526 0.0198859 0)
(2.37425 0.0189075 0)
(2.37138 0.0201743 0)
(2.36947 0.0227931 0)
(2.36897 0.025065 0)
(2.36965 0.0285331 0)
(2.37221 0.0315093 0)
(2.37526 0.0330421 0)
(2.37687 0.0333476 0)
(2.37737 0.0328809 0)
(2.37702 0.0309155 0)
(2.37486 0.0274276 0)
(2.37242 0.0240927 0)
(2.37244 0.0231382 0)
(2.37345 0.0236788 0)
(2.37669 0.0250663 0)
(2.38129 0.0261693 0)
(2.38329 0.026772 0)
(2.38499 0.0273512 0)
(2.38648 0.028315 0)
(2.38624 0.0290365 0)
(2.38657 0.0287907 0)
(2.38941 0.0285125 0)
(2.39231 0.0283243 0)
(2.39593 0.0271861 0)
(2.39891 0.0255666 0)
(2.40146 0.0236274 0)
(2.40323 0.0210739 0)
(2.40398 0.0185045 0)
(2.40356 0.0171466 0)
(2.40141 0.0177503 0)
(2.39994 0.0194722 0)
(2.40101 0.0201437 0)
(2.40227 0.0209824 0)
(2.40453 0.0223245 0)
(2.40827 0.0238864 0)
(2.41269 0.0248494 0)
(2.41565 0.0247963 0)
(2.41729 0.0245286 0)
(2.41918 0.0239967 0)
(2.42012 0.0221169 0)
(2.41888 0.0182402 0)
(2.41634 0.0140874 0)
(2.41552 0.0120903 0)
(2.41654 0.0117186 0)
(2.41803 0.0119701 0)
(2.41969 0.0124874 0)
(2.42131 0.0131666 0)
(2.42353 0.0142251 0)
(2.4261 0.0157702 0)
(2.42872 0.0172742 0)
(2.43058 0.0182956 0)
(2.43229 0.0187291 0)
(2.434 0.0185053 0)
(2.43448 0.0167745 0)
(2.43417 0.0136334 0)
(2.43422 0.0101652 0)
(2.31314 0.00492142 0)
(2.32966 -0.0182305 0)
(2.35682 -0.0383805 0)
(2.3766 -0.0580913 0)
(2.39105 -0.0742659 0)
(2.40141 -0.0884992 0)
(2.40837 -0.0996466 0)
(2.41557 -0.114022 0)
(2.42436 -0.135977 0)
(2.42951 -0.162525 0)
(2.43017 -0.185788 0)
(2.43155 -0.196246 0)
(2.43667 -0.208368 0)
(2.45358 -0.222854 0)
(2.47024 -0.238802 0)
(2.48024 -0.255616 0)
(2.4863 -0.270476 0)
(2.49066 -0.276887 0)
(2.49236 -0.283675 0)
(2.49807 -0.302285 0)
(2.50543 -0.323526 0)
(2.50875 -0.342836 0)
(2.50824 -0.354452 0)
(2.50404 -0.36211 0)
(2.5129 -0.371167 0)
(2.5277 -0.381092 0)
(2.53794 -0.393716 0)
(2.54276 -0.398748 0)
(2.54793 -0.40214 0)
(2.55066 -0.406279 0)
(2.55154 -0.407354 0)
(2.54516 -0.400534 0)
(2.53605 -0.386118 0)
(2.51968 -0.356588 0)
(2.49818 -0.315765 0)
(2.47532 -0.267239 0)
(2.43553 -0.186851 0)
(2.41444 -0.133707 0)
(2.40761 -0.122324 0)
(2.41005 -0.106447 0)
(2.40535 -0.0818911 0)
(2.3964 -0.0710288 0)
(2.38339 -0.0541165 0)
(2.37769 -0.0430179 0)
(2.37514 -0.0372149 0)
(2.38078 -0.0286447 0)
(2.38019 -0.0239161 0)
(2.3735 -0.0240831 0)
(2.36787 -0.0238903 0)
(2.36442 -0.0224008 0)
(2.36169 -0.0187855 0)
(2.35631 -0.0106396 0)
(2.35121 -0.0028176 0)
(2.34831 1.04036e-05 0)
(2.34561 0.00323952 0)
(2.34759 0.00824586 0)
(2.35691 0.0151406 0)
(2.36645 0.0200241 0)
(2.36859 0.0208941 0)
(2.36899 0.0203911 0)
(2.36865 0.0183151 0)
(2.36558 0.0147535 0)
(2.36045 0.0121674 0)
(2.35825 0.0135384 0)
(2.35877 0.0162335 0)
(2.35968 0.0182154 0)
(2.36154 0.0201573 0)
(2.36428 0.0221623 0)
(2.36688 0.0231482 0)
(2.368 0.0229895 0)
(2.3689 0.0214644 0)
(2.36947 0.0193512 0)
(2.36975 0.018423 0)
(2.36948 0.0187835 0)
(2.36892 0.0218672 0)
(2.3686 0.0269411 0)
(2.36887 0.0317558 0)
(2.36924 0.0353762 0)
(2.36986 0.0366146 0)
(2.37039 0.0357032 0)
(2.3706 0.03263 0)
(2.37001 0.0276981 0)
(2.36831 0.023235 0)
(2.36748 0.0216465 0)
(2.3679 0.0222691 0)
(2.36951 0.025253 0)
(2.37208 0.0288918 0)
(2.37517 0.0312601 0)
(2.37866 0.0322819 0)
(2.38058 0.0324468 0)
(2.38234 0.0322524 0)
(2.38339 0.0306227 0)
(2.38245 0.027468 0)
(2.38248 0.0250372 0)
(2.38519 0.0240138 0)
(2.38827 0.0232729 0)
(2.39146 0.0228559 0)
(2.39396 0.0231525 0)
(2.39626 0.0234381 0)
(2.39826 0.0240066 0)
(2.39994 0.0246205 0)
(2.40076 0.0249915 0)
(2.39964 0.0253711 0)
(2.39847 0.0266595 0)
(2.39969 0.0276221 0)
(2.40105 0.0279596 0)
(2.40262 0.0284574 0)
(2.40534 0.0285919 0)
(2.40803 0.0276328 0)
(2.40963 0.0262202 0)
(2.4114 0.0237272 0)
(2.41251 0.0198028 0)
(2.41195 0.014881 0)
(2.41017 0.0111426 0)
(2.41013 0.010471 0)
(2.41143 0.0109894 0)
(2.41321 0.0126707 0)
(2.41547 0.0151648 0)
(2.4176 0.0176313 0)
(2.4197 0.0198193 0)
(2.42223 0.0217217 0)
(2.42471 0.0231467 0)
(2.42621 0.0236649 0)
(2.42815 0.0230245 0)
(2.42949 0.0200811 0)
(2.42971 0.0151952 0)
(2.42867 0.0101777 0)
(2.42809 0.00715133 0)
(2.42906 0.00643845 0)
(2.28758 0.0218989 0)
(2.30596 0.00685803 0)
(2.32404 -0.00328119 0)
(2.34021 -0.0151481 0)
(2.35836 -0.0308295 0)
(2.37782 -0.0499765 0)
(2.39062 -0.0703621 0)
(2.3984 -0.0886975 0)
(2.39827 -0.105798 0)
(2.39623 -0.131588 0)
(2.40859 -0.155223 0)
(2.4177 -0.173959 0)
(2.42534 -0.185885 0)
(2.43346 -0.191652 0)
(2.44056 -0.199102 0)
(2.45207 -0.212926 0)
(2.46781 -0.22906 0)
(2.47579 -0.245578 0)
(2.48188 -0.257397 0)
(2.48366 -0.267248 0)
(2.48037 -0.283953 0)
(2.48513 -0.306133 0)
(2.49082 -0.327237 0)
(2.49465 -0.340824 0)
(2.50099 -0.344803 0)
(2.5062 -0.349022 0)
(2.517 -0.359619 0)
(2.53191 -0.368909 0)
(2.54268 -0.383712 0)
(2.54755 -0.390796 0)
(2.55085 -0.394516 0)
(2.54925 -0.398644 0)
(2.54038 -0.399895 0)
(2.53226 -0.395657 0)
(2.52812 -0.389108 0)
(2.51683 -0.363375 0)
(2.50234 -0.330344 0)
(2.47721 -0.271194 0)
(2.43726 -0.171815 0)
(2.42516 -0.116646 0)
(2.42312 -0.111843 0)
(2.41496 -0.0978511 0)
(2.40281 -0.0827221 0)
(2.3916 -0.0635774 0)
(2.38727 -0.0559687 0)
(2.38293 -0.0409119 0)
(2.38058 -0.0332394 0)
(2.37358 -0.0352524 0)
(2.36799 -0.035768 0)
(2.36426 -0.0337531 0)
(2.3607 -0.0279843 0)
(2.35683 -0.018364 0)
(2.35524 -0.00781293 0)
(2.35266 -0.000221472 0)
(2.35089 0.00490963 0)
(2.35201 0.00944212 0)
(2.35836 0.0133174 0)
(2.36465 0.0157807 0)
(2.36619 0.0161247 0)
(2.36723 0.0150741 0)
(2.36614 0.0116747 0)
(2.36264 0.00852347 0)
(2.36016 0.00923911 0)
(2.36016 0.012311 0)
(2.36081 0.0168636 0)
(2.36258 0.0203759 0)
(2.36423 0.0226264 0)
(2.3654 0.0228178 0)
(2.36602 0.0219154 0)
(2.36622 0.0198269 0)
(2.36624 0.0185628 0)
(2.36652 0.0185488 0)
(2.36749 0.0200638 0)
(2.36921 0.0233421 0)
(2.37017 0.0268464 0)
(2.37029 0.0308942 0)
(2.36962 0.0346627 0)
(2.36826 0.0368491 0)
(2.36692 0.0359134 0)
(2.36523 0.0317852 0)
(2.36371 0.0257808 0)
(2.36373 0.0214299 0)
(2.36446 0.0204889 0)
(2.36615 0.0221386 0)
(2.3687 0.0262941 0)
(2.3713 0.0308616 0)
(2.37412 0.0352205 0)
(2.37608 0.0380955 0)
(2.3772 0.0387736 0)
(2.37848 0.0374919 0)
(2.37884 0.0332798 0)
(2.37782 0.0275675 0)
(2.37764 0.0236337 0)
(2.37973 0.0228173 0)
(2.38208 0.0230315 0)
(2.38594 0.024313 0)
(2.39038 0.026464 0)
(2.39249 0.0277137 0)
(2.39487 0.0285022 0)
(2.39726 0.0291959 0)
(2.39865 0.0291374 0)
(2.39837 0.0278388 0)
(2.39742 0.0267896 0)
(2.39753 0.0271675 0)
(2.39849 0.0280798 0)
(2.39987 0.0288396 0)
(2.40125 0.029031 0)
(2.40279 0.0288129 0)
(2.40431 0.0271175 0)
(2.40541 0.0232431 0)
(2.40574 0.0183217 0)
(2.40544 0.0139424 0)
(2.40593 0.0118603 0)
(2.40711 0.0117194 0)
(2.40899 0.0129714 0)
(2.41118 0.0151282 0)
(2.41343 0.0174728 0)
(2.41597 0.019909 0)
(2.4185 0.0226753 0)
(2.42061 0.0256378 0)
(2.42187 0.0274515 0)
(2.42354 0.0280558 0)
(2.4244 0.0259875 0)
(2.42424 0.0212387 0)
(2.42322 0.0147659 0)
(2.4232 0.00946314 0)
(2.42498 0.00742081 0)
(2.42689 0.00729047 0)
(2.42892 0.00853024 0)
(2.25284 0.0531396 0)
(2.27845 0.0397725 0)
(2.30333 0.0239695 0)
(2.32372 0.00894053 0)
(2.34083 -0.00139903 0)
(2.35611 -0.0102521 0)
(2.36821 -0.026215 0)
(2.37211 -0.0524544 0)
(2.3681 -0.0837178 0)
(2.36378 -0.106957 0)
(2.37224 -0.12363 0)
(2.39185 -0.136988 0)
(2.41073 -0.152109 0)
(2.42253 -0.168373 0)
(2.43115 -0.180177 0)
(2.44004 -0.182113 0)
(2.44396 -0.186273 0)
(2.45266 -0.204739 0)
(2.46162 -0.22517 0)
(2.46729 -0.244428 0)
(2.46638 -0.259001 0)
(2.46036 -0.271448 0)
(2.46987 -0.287305 0)
(2.48342 -0.302435 0)
(2.49181 -0.318082 0)
(2.49967 -0.329753 0)
(2.50857 -0.332722 0)
(2.51461 -0.335692 0)
(2.52406 -0.347969 0)
(2.53479 -0.363046 0)
(2.54095 -0.375231 0)
(2.54274 -0.384199 0)
(2.53609 -0.391192 0)
(2.53079 -0.392833 0)
(2.53147 -0.391613 0)
(2.53208 -0.389262 0)
(2.53091 -0.379386 0)
(2.5217 -0.354503 0)
(2.50909 -0.315616 0)
(2.48333 -0.245899 0)
(2.44894 -0.159109 0)
(2.4313 -0.127718 0)
(2.4177 -0.102149 0)
(2.39866 -0.07494 0)
(2.38846 -0.0628046 0)
(2.38169 -0.0493195 0)
(2.38188 -0.0417021 0)
(2.38148 -0.0466883 0)
(2.37735 -0.0443918 0)
(2.37265 -0.0414473 0)
(2.36815 -0.0370114 0)
(2.36457 -0.0250507 0)
(2.36239 -0.00927872 0)
(2.36147 0.000187465 0)
(2.35973 0.00427728 0)
(2.35874 0.00524 0)
(2.36009 0.0066313 0)
(2.36129 0.00751385 0)
(2.36354 0.0084382 0)
(2.36525 0.00957935 0)
(2.36518 0.00893557 0)
(2.36378 0.00881889 0)
(2.36287 0.0106799 0)
(2.36314 0.0140529 0)
(2.36373 0.018771 0)
(2.36489 0.0214099 0)
(2.36541 0.0214283 0)
(2.36551 0.0199227 0)
(2.36477 0.017371 0)
(2.36452 0.0162406 0)
(2.36494 0.0168407 0)
(2.36649 0.019673 0)
(2.36906 0.0244786 0)
(2.37084 0.028717 0)
(2.37119 0.031378 0)
(2.37112 0.0327946 0)
(2.37087 0.0336234 0)
(2.36857 0.0339145 0)
(2.36417 0.0311889 0)
(2.36106 0.0265764 0)
(2.36054 0.0241056 0)
(2.36129 0.0227187 0)
(2.36445 0.0225835 0)
(2.3687 0.0251332 0)
(2.37292 0.0304935 0)
(2.37578 0.0364421 0)
(2.37646 0.0392523 0)
(2.37685 0.039855 0)
(2.37632 0.0380013 0)
(2.37478 0.0335298 0)
(2.37286 0.0280029 0)
(2.37321 0.0249591 0)
(2.3748 0.0243669 0)
(2.37777 0.024335 0)
(2.38207 0.0251864 0)
(2.38671 0.0273062 0)
(2.39069 0.0297759 0)
(2.39265 0.0304762 0)
(2.3952 0.0309228 0)
(2.39678 0.0306015 0)
(2.39686 0.028884 0)
(2.39621 0.0273291 0)
(2.39653 0.0271646 0)
(2.39773 0.0275959 0)
(2.39901 0.0280241 0)
(2.39998 0.0284229 0)
(2.40051 0.0283601 0)
(2.40087 0.0267138 0)
(2.40074 0.0233444 0)
(2.40046 0.0192628 0)
(2.40114 0.0165796 0)
(2.40248 0.0155651 0)
(2.40425 0.0151225 0)
(2.40691 0.0151596 0)
(2.40981 0.0157366 0)
(2.41285 0.0175659 0)
(2.41588 0.0208125 0)
(2.41859 0.0246756 0)
(2.42014 0.0273219 0)
(2.42177 0.0284249 0)
(2.4227 0.0282081 0)
(2.42203 0.025543 0)
(2.41963 0.0198717 0)
(2.41757 0.0136511 0)
(2.41846 0.0106265 0)
(2.42036 0.00974164 0)
(2.42289 0.00910948 0)
(2.42716 0.00881289 0)
(2.4308 0.00996984 0)
(2.23137 0.0784958 0)
(2.25597 0.0672719 0)
(2.2783 0.0564982 0)
(2.29995 0.045505 0)
(2.31997 0.0337199 0)
(2.33661 0.0211164 0)
(2.34514 0.00281105 0)
(2.3383 -0.0311745 0)
(2.3342 -0.0626913 0)
(2.34434 -0.0882368 0)
(2.35909 -0.106815 0)
(2.37399 -0.111224 0)
(2.38877 -0.11545 0)
(2.40502 -0.127582 0)
(2.41877 -0.145628 0)
(2.42869 -0.158115 0)
(2.4368 -0.164032 0)
(2.4349 -0.174054 0)
(2.43531 -0.195683 0)
(2.44363 -0.218188 0)
(2.44935 -0.239042 0)
(2.45217 -0.25109 0)
(2.45472 -0.255227 0)
(2.46133 -0.264429 0)
(2.47651 -0.277565 0)
(2.4896 -0.294334 0)
(2.49933 -0.308333 0)
(2.50889 -0.316681 0)
(2.51699 -0.320202 0)
(2.52178 -0.328147 0)
(2.52614 -0.344527 0)
(2.52904 -0.363278 0)
(2.52604 -0.377798 0)
(2.52295 -0.382595 0)
(2.52843 -0.383126 0)
(2.53088 -0.38195 0)
(2.53506 -0.379626 0)
(2.5392 -0.378596 0)
(2.53772 -0.364505 0)
(2.52879 -0.342447 0)
(2.50913 -0.30211 0)
(2.47825 -0.235902 0)
(2.4578 -0.197866 0)
(2.42396 -0.13594 0)
(2.41315 -0.125907 0)
(2.40701 -0.107119 0)
(2.40313 -0.0774657 0)
(2.40596 -0.0604573 0)
(2.39705 -0.0493036 0)
(2.38527 -0.0410154 0)
(2.37695 -0.0342079 0)
(2.37208 -0.0269179 0)
(2.37127 -0.0126767 0)
(2.37242 -0.00141914 0)
(2.36976 0.000300016 0)
(2.36509 -0.00171701 0)
(2.36273 -0.0048013 0)
(2.36208 -0.00467274 0)
(2.36283 -0.00240091 0)
(2.36665 0.00343878 0)
(2.37019 0.00989534 0)
(2.36864 0.0117615 0)
(2.36761 0.0128437 0)
(2.3675 0.0152627 0)
(2.36717 0.0187972 0)
(2.36641 0.0221638 0)
(2.36494 0.0214753 0)
(2.36372 0.0179449 0)
(2.36359 0.0145477 0)
(2.36448 0.0132557 0)
(2.36702 0.0144926 0)
(2.37159 0.0198362 0)
(2.37494 0.0270794 0)
(2.37476 0.0312965 0)
(2.37345 0.0330542 0)
(2.37156 0.0338304 0)
(2.36899 0.0322342 0)
(2.36505 0.0286893 0)
(2.36133 0.0258504 0)
(2.36075 0.0254199 0)
(2.36132 0.0255137 0)
(2.36339 0.0258197 0)
(2.36775 0.027322 0)
(2.37401 0.0316689 0)
(2.37822 0.0364667 0)
(2.37927 0.0382544 0)
(2.37956 0.0394839 0)
(2.3777 0.0390431 0)
(2.37335 0.0344813 0)
(2.36998 0.0288426 0)
(2.37048 0.0267675 0)
(2.37204 0.0264847 0)
(2.37444 0.0263772 0)
(2.37887 0.0269731 0)
(2.38444 0.0293689 0)
(2.3888 0.0318684 0)
(2.39052 0.0324179 0)
(2.39278 0.0317898 0)
(2.39447 0.0303265 0)
(2.39522 0.0285672 0)
(2.39548 0.0276088 0)
(2.39625 0.027794 0)
(2.39737 0.0284319 0)
(2.3985 0.0291195 0)
(2.39944 0.029558 0)
(2.40018 0.0294563 0)
(2.40034 0.0285521 0)
(2.39921 0.0264402 0)
(2.39834 0.0235497 0)
(2.39897 0.0214268 0)
(2.40037 0.0203166 0)
(2.40201 0.0195435 0)
(2.40454 0.0189417 0)
(2.40785 0.0193759 0)
(2.41164 0.0217358 0)
(2.41565 0.0252502 0)
(2.41879 0.0280097 0)
(2.42022 0.0288276 0)
(2.42191 0.0286589 0)
(2.42227 0.0274094 0)
(2.42036 0.0244281 0)
(2.41641 0.0188357 0)
(2.41421 0.0145835 0)
(2.41558 0.0133627 0)
(2.41779 0.0131635 0)
(2.41986 0.0133139 0)
(2.42267 0.0135674 0)
(2.42772 0.0147018 0)
(2.43302 0.0173201 0)
(2.211 0.107303 0)
(2.23797 0.0946082 0)
(2.26179 0.0841082 0)
(2.28356 0.0757259 0)
(2.30287 0.065142 0)
(2.31513 0.0475345 0)
(2.31098 0.0179929 0)
(2.29862 -0.0155526 0)
(2.30028 -0.0384176 0)
(2.31908 -0.0542447 0)
(2.34154 -0.0699776 0)
(2.36218 -0.0898466 0)
(2.37898 -0.0970088 0)
(2.39501 -0.101027 0)
(2.4078 -0.111353 0)
(2.41687 -0.126276 0)
(2.42321 -0.137393 0)
(2.42113 -0.151561 0)
(2.41385 -0.170624 0)
(2.41577 -0.188817 0)
(2.42976 -0.207348 0)
(2.44055 -0.225643 0)
(2.44831 -0.239758 0)
(2.45717 -0.246004 0)
(2.46614 -0.250129 0)
(2.47675 -0.258856 0)
(2.48791 -0.270475 0)
(2.4983 -0.283684 0)
(2.50643 -0.294834 0)
(2.51255 -0.303024 0)
(2.51159 -0.310997 0)
(2.50474 -0.328308 0)
(2.50722 -0.353396 0)
(2.51452 -0.369571 0)
(2.52105 -0.373616 0)
(2.5313 -0.375526 0)
(2.53908 -0.374764 0)
(2.54345 -0.369662 0)
(2.54614 -0.369377 0)
(2.5433 -0.367984 0)
(2.53601 -0.359734 0)
(2.52433 -0.340374 0)
(2.50583 -0.310051 0)
(2.4719 -0.251617 0)
(2.45307 -0.210731 0)
(2.42808 -0.158542 0)
(2.4122 -0.0946948 0)
(2.41538 -0.0686936 0)
(2.41325 -0.0547002 0)
(2.39915 -0.0449051 0)
(2.38923 -0.0390075 0)
(2.38082 -0.0310545 0)
(2.37742 -0.0168718 0)
(2.37913 -0.00551687 0)
(2.37557 -0.00480814 0)
(2.36974 -0.00863359 0)
(2.36619 -0.0142901 0)
(2.36508 -0.0143721 0)
(2.36884 -0.00804516 0)
(2.37661 0.00337665 0)
(2.38003 0.0130017 0)
(2.37798 0.0161301 0)
(2.37506 0.0165229 0)
(2.37212 0.0158472 0)
(2.3697 0.0156846 0)
(2.36797 0.0160967 0)
(2.36496 0.0150921 0)
(2.3636 0.0136531 0)
(2.36379 0.0123517 0)
(2.367 0.0111221 0)
(2.37407 0.0141919 0)
(2.38044 0.0219734 0)
(2.38183 0.0279892 0)
(2.3806 0.0309594 0)
(2.37702 0.0330171 0)
(2.37108 0.0309783 0)
(2.36454 0.0259182 0)
(2.36164 0.0228884 0)
(2.36212 0.0228674 0)
(2.36347 0.0236524 0)
(2.36629 0.0249975 0)
(2.37062 0.0280319 0)
(2.3762 0.0332075 0)
(2.38019 0.0374893 0)
(2.38104 0.0385735 0)
(2.38116 0.0385886 0)
(2.38034 0.0376906 0)
(2.37635 0.0341135 0)
(2.37094 0.0300937 0)
(2.36994 0.028375 0)
(2.37093 0.0277466 0)
(2.37277 0.026999 0)
(2.37703 0.0276639 0)
(2.38327 0.0312899 0)
(2.38827 0.0349676 0)
(2.38999 0.0356637 0)
(2.39182 0.0352603 0)
(2.39238 0.0333416 0)
(2.39234 0.0297332 0)
(2.39341 0.0266808 0)
(2.39541 0.0253364 0)
(2.39767 0.0253937 0)
(2.39964 0.0263046 0)
(2.40101 0.0276112 0)
(2.40171 0.0290707 0)
(2.4016 0.0301208 0)
(2.40046 0.0298 0)
(2.39882 0.0279137 0)
(2.39845 0.0256207 0)
(2.39972 0.0242372 0)
(2.40119 0.0232044 0)
(2.4032 0.0223677 0)
(2.40641 0.0225581 0)
(2.41111 0.0247138 0)
(2.4163 0.0281702 0)
(2.41927 0.0304934 0)
(2.42031 0.0309678 0)
(2.42147 0.0307171 0)
(2.42147 0.0290885 0)
(2.41896 0.0246304 0)
(2.41457 0.0178179 0)
(2.41249 0.0136007 0)
(2.41395 0.0124934 0)
(2.41638 0.0125261 0)
(2.41874 0.0129124 0)
(2.42149 0.0139793 0)
(2.42631 0.0167668 0)
(2.43213 0.0207105 0)
(2.43632 0.022913 0)
(2.19669 0.134042 0)
(2.22343 0.122578 0)
(2.24765 0.11291 0)
(2.26997 0.102542 0)
(2.2868 0.0884159 0)
(2.28949 0.0663146 0)
(2.27478 0.0328452 0)
(2.26902 -0.000875699 0)
(2.28619 -0.0205914 0)
(2.30683 -0.0298305 0)
(2.32702 -0.04027 0)
(2.34788 -0.0545174 0)
(2.36665 -0.067227 0)
(2.38331 -0.0742976 0)
(2.39857 -0.0835857 0)
(2.40797 -0.0978406 0)
(2.40933 -0.109335 0)
(2.40468 -0.127505 0)
(2.40009 -0.153229 0)
(2.40182 -0.16677 0)
(2.4079 -0.176655 0)
(2.42163 -0.192322 0)
(2.43735 -0.210233 0)
(2.44885 -0.224471 0)
(2.45998 -0.232299 0)
(2.4713 -0.238443 0)
(2.48071 -0.243076 0)
(2.48866 -0.249202 0)
(2.49606 -0.260836 0)
(2.50028 -0.275153 0)
(2.49831 -0.289105 0)
(2.48879 -0.302954 0)
(2.48777 -0.318489 0)
(2.5003 -0.327706 0)
(2.51351 -0.340306 0)
(2.52432 -0.351007 0)
(2.53611 -0.359101 0)
(2.54544 -0.362175 0)
(2.54956 -0.362977 0)
(2.54878 -0.364601 0)
(2.54316 -0.366297 0)
(2.53327 -0.364462 0)
(2.52917 -0.360552 0)
(2.51959 -0.345718 0)
(2.50507 -0.31085 0)
(2.48415 -0.267403 0)
(2.45629 -0.18674 0)
(2.45232 -0.139178 0)
(2.45699 -0.108458 0)
(2.43053 -0.0761818 0)
(2.41171 -0.0625987 0)
(2.39679 -0.0513642 0)
(2.38861 -0.0396753 0)
(2.38288 -0.0283336 0)
(2.38037 -0.025291 0)
(2.37454 -0.022759 0)
(2.373 -0.0209556 0)
(2.37709 -0.0164507 0)
(2.3849 -0.00562042 0)
(2.39121 0.00903955 0)
(2.39072 0.017155 0)
(2.38662 0.0207657 0)
(2.38114 0.0194446 0)
(2.37481 0.0143457 0)
(2.36859 0.00836735 0)
(2.36616 0.00509706 0)
(2.36772 0.00700424 0)
(2.36918 0.00866534 0)
(2.37108 0.00981547 0)
(2.37651 0.0136441 0)
(2.38418 0.0209623 0)
(2.38807 0.0268957 0)
(2.38807 0.0292091 0)
(2.3862 0.0309097 0)
(2.37964 0.0297226 0)
(2.36915 0.0247358 0)
(2.36379 0.0207085 0)
(2.36451 0.020071 0)
(2.3661 0.0200319 0)
(2.36997 0.0213173 0)
(2.37642 0.0267412 0)
(2.38296 0.0354716 0)
(2.38548 0.0411403 0)
(2.38526 0.0422121 0)
(2.38418 0.0419583 0)
(2.3814 0.0395582 0)
(2.37702 0.034515 0)
(2.37272 0.0290107 0)
(2.37214 0.0263063 0)
(2.37308 0.0257931 0)
(2.3744 0.026073 0)
(2.37776 0.028264 0)
(2.38364 0.0331157 0)
(2.38947 0.0374311 0)
(2.39125 0.0382402 0)
(2.3929 0.0377134 0)
(2.39288 0.0354893 0)
(2.39148 0.0322844 0)
(2.39226 0.0301373 0)
(2.39477 0.0293486 0)
(2.39737 0.0293933 0)
(2.40004 0.0300245 0)
(2.40229 0.0306469 0)
(2.40379 0.0314996 0)
(2.40425 0.0324477 0)
(2.40319 0.0325908 0)
(2.40043 0.0304523 0)
(2.39879 0.0271355 0)
(2.40006 0.0255997 0)
(2.40161 0.0250145 0)
(2.40326 0.0245324 0)
(2.40598 0.02497 0)
(2.41056 0.0277919 0)
(2.4164 0.0325384 0)
(2.41976 0.035326 0)
(2.4209 0.0355373 0)
(2.42204 0.0348245 0)
(2.42163 0.0326931 0)
(2.41833 0.0274047 0)
(2.41311 0.0195193 0)
(2.41126 0.0143536 0)
(2.41298 0.0127352 0)
(2.41509 0.0126139 0)
(2.41763 0.0128887 0)
(2.42158 0.014504 0)
(2.42688 0.0186383 0)
(2.43266 0.0241312 0)
(2.4359 0.0271604 0)
(2.43776 0.0274334 0)
(2.18536 0.161473 0)
(2.21162 0.148321 0)
(2.23538 0.136744 0)
(2.25601 0.124527 0)
(2.26728 0.106809 0)
(2.26001 0.07811 0)
(2.24471 0.042522 0)
(2.25218 0.0185597 0)
(2.27205 0.0107763 0)
(2.29361 0.000490718 0)
(2.31705 -0.0140447 0)
(2.33758 -0.0269565 0)
(2.35606 -0.0375887 0)
(2.37348 -0.0483319 0)
(2.38913 -0.0607723 0)
(2.39795 -0.0739052 0)
(2.39485 -0.0831623 0)
(2.38368 -0.100558 0)
(2.38656 -0.132228 0)
(2.39313 -0.151713 0)
(2.40066 -0.161336 0)
(2.41057 -0.170984 0)
(2.42396 -0.181123 0)
(2.43763 -0.191866 0)
(2.45079 -0.202535 0)
(2.46356 -0.211886 0)
(2.47401 -0.219503 0)
(2.48278 -0.224591 0)
(2.48979 -0.231504 0)
(2.4906 -0.245096 0)
(2.48159 -0.265659 0)
(2.4738 -0.287944 0)
(2.48376 -0.29998 0)
(2.49412 -0.30381 0)
(2.50526 -0.308456 0)
(2.51723 -0.317011 0)
(2.52867 -0.326636 0)
(2.53921 -0.335018 0)
(2.54714 -0.341987 0)
(2.54999 -0.349956 0)
(2.54258 -0.36029 0)
(2.53435 -0.367272 0)
(2.53343 -0.366362 0)
(2.53424 -0.36429 0)
(2.53458 -0.358055 0)
(2.53141 -0.338408 0)
(2.52048 -0.299143 0)
(2.50414 -0.240084 0)
(2.48616 -0.173903 0)
(2.45787 -0.106999 0)
(2.43695 -0.0959471 0)
(2.42204 -0.0922436 0)
(2.40869 -0.0803359 0)
(2.3985 -0.0612419 0)
(2.39232 -0.0401685 0)
(2.39196 -0.0279486 0)
(2.39417 -0.0205356 0)
(2.39959 -0.0120942 0)
(2.40237 -0.00260787 0)
(2.40256 0.00544668 0)
(2.40033 0.0140764 0)
(2.39387 0.0219531 0)
(2.38442 0.0208033 0)
(2.37562 0.0116435 0)
(2.37124 0.000650981 0)
(2.37159 -0.0033424 0)
(2.37356 -0.00372688 0)
(2.37896 8.36648e-06 0)
(2.38686 0.00925101 0)
(2.39395 0.0205637 0)
(2.39604 0.0267765 0)
(2.39537 0.0285966 0)
(2.39396 0.0300798 0)
(2.38894 0.0295457 0)
(2.37875 0.0246312 0)
(2.37004 0.0181664 0)
(2.36924 0.0160897 0)
(2.37013 0.0157553 0)
(2.37296 0.0167011 0)
(2.38021 0.0219658 0)
(2.39086 0.0325647 0)
(2.39595 0.0399726 0)
(2.39558 0.041578 0)
(2.39351 0.0424365 0)
(2.38824 0.0407561 0)
(2.38005 0.0351379 0)
(2.37522 0.0297818 0)
(2.37516 0.0278066 0)
(2.37598 0.0272156 0)
(2.37819 0.0267241 0)
(2.38218 0.0284353 0)
(2.38799 0.0335266 0)
(2.39314 0.0385566 0)
(2.39466 0.0400978 0)
(2.39571 0.0403596 0)
(2.39423 0.0374083 0)
(2.39159 0.0318921 0)
(2.39253 0.0280095 0)
(2.39575 0.0268777 0)
(2.39904 0.0267109 0)
(2.40379 0.0284158 0)
(2.40642 0.0312541 0)
(2.40807 0.0338659 0)
(2.4088 0.0360039 0)
(2.40794 0.0367202 0)
(2.40426 0.0346818 0)
(2.39998 0.0302285 0)
(2.40041 0.0276055 0)
(2.40218 0.0265922 0)
(2.40415 0.025362 0)
(2.40732 0.0248999 0)
(2.41236 0.0268947 0)
(2.41898 0.0316577 0)
(2.42313 0.0348401 0)
(2.42432 0.0353692 0)
(2.42538 0.0355569 0)
(2.42501 0.034491 0)
(2.42134 0.0304253 0)
(2.41447 0.0236985 0)
(2.41115 0.0185672 0)
(2.41225 0.0168856 0)
(2.414 0.0164436 0)
(2.41709 0.0158214 0)
(2.42185 0.0165598 0)
(2.42812 0.0197386 0)
(2.4344 0.0237897 0)
(2.43761 0.0256173 0)
(2.43979 0.0259506 0)
(2.44172 0.0258559 0)
(2.17655 0.186448 0)
(2.20091 0.17163 0)
(2.22299 0.156949 0)
(2.24035 0.14141 0)
(2.24438 0.119486 0)
(2.23009 0.0869207 0)
(2.22417 0.0559419 0)
(2.24255 0.0446098 0)
(2.26273 0.0365935 0)
(2.28601 0.0252621 0)
(2.30942 0.0116455 0)
(2.3282 0.000746594 0)
(2.34695 -0.00916785 0)
(2.36527 -0.0222243 0)
(2.37962 -0.0372771 0)
(2.38664 -0.0525323 0)
(2.38446 -0.0686084 0)
(2.37283 -0.0839237 0)
(2.36856 -0.105226 0)
(2.37949 -0.123289 0)
(2.38906 -0.13607 0)
(2.4034 -0.150829 0)
(2.41953 -0.161955 0)
(2.43154 -0.169842 0)
(2.44388 -0.175785 0)
(2.45653 -0.182163 0)
(2.46839 -0.190088 0)
(2.4774 -0.198992 0)
(2.48224 -0.208773 0)
(2.47662 -0.220711 0)
(2.46137 -0.240281 0)
(2.46391 -0.25872 0)
(2.4763 -0.264798 0)
(2.48934 -0.274737 0)
(2.49956 -0.282368 0)
(2.51076 -0.287711 0)
(2.52321 -0.295814 0)
(2.53438 -0.306935 0)
(2.5418 -0.317571 0)
(2.54276 -0.330579 0)
(2.53244 -0.346154 0)
(2.52949 -0.355588 0)
(2.53656 -0.356846 0)
(2.54005 -0.357944 0)
(2.54578 -0.358303 0)
(2.55253 -0.353498 0)
(2.55378 -0.344713 0)
(2.54755 -0.325954 0)
(2.53315 -0.294697 0)
(2.51109 -0.249791 0)
(2.48714 -0.207659 0)
(2.44989 -0.150797 0)
(2.42319 -0.115215 0)
(2.41569 -0.0962355 0)
(2.41155 -0.0606883 0)
(2.41649 -0.0352404 0)
(2.42344 -0.0149963 0)
(2.42177 -0.00615261 0)
(2.41524 -0.00405044 0)
(2.41214 -0.000994413 0)
(2.40909 0.00468346 0)
(2.40233 0.0113242 0)
(2.38941 0.0104524 0)
(2.37807 0.0018687 0)
(2.37561 -0.00305337 0)
(2.37625 -0.00711153 0)
(2.38232 -0.00643384 0)
(2.39426 0.00341203 0)
(2.4073 0.0192064 0)
(2.41093 0.0273367 0)
(2.40928 0.0285329 0)
(2.40697 0.0292029 0)
(2.40041 0.0280603 0)
(2.3893 0.0235939 0)
(2.38023 0.0182181 0)
(2.37813 0.0161333 0)
(2.37814 0.015532 0)
(2.37901 0.0151027 0)
(2.38381 0.0181867 0)
(2.39543 0.0282359 0)
(2.4062 0.039131 0)
(2.40783 0.0426507 0)
(2.40673 0.0437113 0)
(2.40186 0.0422796 0)
(2.39056 0.0351299 0)
(2.38116 0.0281627 0)
(2.37987 0.0264804 0)
(2.38064 0.0267152 0)
(2.38282 0.0279082 0)
(2.38789 0.0313204 0)
(2.39532 0.0368881 0)
(2.40036 0.0408748 0)
(2.40139 0.0417602 0)
(2.40168 0.0417894 0)
(2.39928 0.0391078 0)
(2.3945 0.0343252 0)
(2.39433 0.0315107 0)
(2.39742 0.0308851 0)
(2.40041 0.0304497 0)
(2.40556 0.0307608 0)
(2.4126 0.0338188 0)
(2.41556 0.036476 0)
(2.41666 0.0382132 0)
(2.41673 0.0401524 0)
(2.41327 0.0397774 0)
(2.40538 0.0350212 0)
(2.40215 0.0308902 0)
(2.40408 0.0298944 0)
(2.40612 0.0291879 0)
(2.40877 0.028632 0)
(2.41416 0.0294832 0)
(2.42227 0.0331119 0)
(2.42819 0.0361646 0)
(2.4296 0.0365874 0)
(2.43075 0.0366011 0)
(2.43068 0.0359101 0)
(2.4274 0.0326007 0)
(2.42039 0.0260203 0)
(2.41504 0.020327 0)
(2.41526 0.0188389 0)
(2.41677 0.0189195 0)
(2.41914 0.0193502 0)
(2.42378 0.0213339 0)
(2.43049 0.0250213 0)
(2.43711 0.0277666 0)
(2.44054 0.0278829 0)
(2.44229 0.0270045 0)
(2.444 0.0251519 0)
(2.44362 0.0215751 0)
(2.17039 0.208888 0)
(2.19307 0.190382 0)
(2.21228 0.17237 0)
(2.22467 0.155045 0)
(2.22099 0.129436 0)
(2.20653 0.0973768 0)
(2.21517 0.0805208 0)
(2.23545 0.0736718 0)
(2.25675 0.0645947 0)
(2.2798 0.0523503 0)
(2.30184 0.038669 0)
(2.32185 0.0255062 0)
(2.34052 0.0132045 0)
(2.35732 0.00069974 0)
(2.36982 -0.0129568 0)
(2.37566 -0.0285769 0)
(2.37396 -0.048496 0)
(2.36398 -0.0733444 0)
(2.36142 -0.0959366 0)
(2.37061 -0.105261 0)
(2.38214 -0.113584 0)
(2.39744 -0.122798 0)
(2.41333 -0.131658 0)
(2.42716 -0.141888 0)
(2.43932 -0.148216 0)
(2.45291 -0.154324 0)
(2.46501 -0.161508 0)
(2.47351 -0.170395 0)
(2.47408 -0.186674 0)
(2.46176 -0.211795 0)
(2.45253 -0.235022 0)
(2.46377 -0.241276 0)
(2.47503 -0.243003 0)
(2.48613 -0.245982 0)
(2.49731 -0.25185 0)
(2.50797 -0.258164 0)
(2.51871 -0.264506 0)
(2.52778 -0.272728 0)
(2.53172 -0.284457 0)
(2.52797 -0.308238 0)
(2.52012 -0.336117 0)
(2.5283 -0.348039 0)
(2.53887 -0.350073 0)
(2.54961 -0.350947 0)
(2.5571 -0.349886 0)
(2.56353 -0.349223 0)
(2.56469 -0.347204 0)
(2.56361 -0.346782 0)
(2.55427 -0.342238 0)
(2.54592 -0.333066 0)
(2.53269 -0.315665 0)
(2.5092 -0.278394 0)
(2.48057 -0.218248 0)
(2.46389 -0.169263 0)
(2.44896 -0.11088 0)
(2.45049 -0.0653734 0)
(2.46031 -0.0274348 0)
(2.44612 -0.0103213 0)
(2.43272 -0.0100765 0)
(2.42399 -0.0116457 0)
(2.41745 -0.0104397 0)
(2.40981 -0.00461145 0)
(2.39761 -0.00100769 0)
(2.39004 -0.00221655 0)
(2.38725 -0.00482494 0)
(2.38732 -0.00699006 0)
(2.39642 -0.000316684 0)
(2.41477 0.0170235 0)
(2.42641 0.0302947 0)
(2.42682 0.032562 0)
(2.42512 0.032013 0)
(2.41855 0.0277211 0)
(2.40457 0.0197809 0)
(2.391 0.0125378 0)
(2.38831 0.010955 0)
(2.38881 0.0113398 0)
(2.38935 0.0119195 0)
(2.39249 0.0146156 0)
(2.40183 0.0229503 0)
(2.41445 0.0346896 0)
(2.41926 0.040437 0)
(2.41959 0.0424153 0)
(2.41746 0.0432122 0)
(2.4083 0.0379989 0)
(2.39488 0.0294905 0)
(2.38933 0.0253066 0)
(2.389 0.0249739 0)
(2.38994 0.0262446 0)
(2.39484 0.0309756 0)
(2.40441 0.0390355 0)
(2.4113 0.044113 0)
(2.4121 0.0443902 0)
(2.41153 0.0434564 0)
(2.40807 0.0399936 0)
(2.4008 0.0339652 0)
(2.39866 0.0307353 0)
(2.40165 0.0305021 0)
(2.40456 0.0307163 0)
(2.40865 0.031532 0)
(2.41701 0.0352735 0)
(2.42429 0.0402575 0)
(2.4262 0.0420589 0)
(2.42731 0.0431955 0)
(2.42574 0.0428506 0)
(2.41744 0.0372502 0)
(2.40848 0.0303245 0)
(2.40871 0.0282788 0)
(2.41092 0.028066 0)
(2.41316 0.0279735 0)
(2.41719 0.0287798 0)
(2.42554 0.0324905 0)
(2.43417 0.0370074 0)
(2.43682 0.0380358 0)
(2.43785 0.0379788 0)
(2.43851 0.0375913 0)
(2.43662 0.0355962 0)
(2.43001 0.0302919 0)
(2.42304 0.0245893 0)
(2.42238 0.0227306 0)
(2.42352 0.022739 0)
(2.42533 0.0229479 0)
(2.42925 0.0244655 0)
(2.43563 0.0280343 0)
(2.44221 0.0308527 0)
(2.44553 0.0308929 0)
(2.4473 0.0297134 0)
(2.4489 0.0267106 0)
(2.44856 0.0223192 0)
(2.44587 0.0165906 0)
(2.16814 0.22838 0)
(2.18848 0.208153 0)
(2.20486 0.186528 0)
(2.21133 0.165779 0)
(2.20255 0.136357 0)
(2.19973 0.113393 0)
(2.21415 0.105466 0)
(2.23425 0.0986921 0)
(2.25564 0.0893434 0)
(2.27683 0.0762083 0)
(2.29675 0.06232 0)
(2.31619 0.0485319 0)
(2.33472 0.0337513 0)
(2.35077 0.0184936 0)
(2.36258 0.00412962 0)
(2.3683 -0.010075 0)
(2.36458 -0.0280829 0)
(2.35109 -0.0528419 0)
(2.35185 -0.0730923 0)
(2.36527 -0.0835228 0)
(2.3799 -0.0928855 0)
(2.39634 -0.100734 0)
(2.41269 -0.107524 0)
(2.42608 -0.114227 0)
(2.43913 -0.119849 0)
(2.4527 -0.126208 0)
(2.46406 -0.134924 0)
(2.46842 -0.148622 0)
(2.45818 -0.167314 0)
(2.44202 -0.191105 0)
(2.44975 -0.206977 0)
(2.46226 -0.212632 0)
(2.47687 -0.220427 0)
(2.48813 -0.225594 0)
(2.49863 -0.2279 0)
(2.50936 -0.231589 0)
(2.51913 -0.237589 0)
(2.52532 -0.248734 0)
(2.52232 -0.267561 0)
(2.51079 -0.290342 0)
(2.51396 -0.305356 0)
(2.52508 -0.310267 0)
(2.53819 -0.317548 0)
(2.55173 -0.3234 0)
(2.56269 -0.327769 0)
(2.56978 -0.332233 0)
(2.57371 -0.336279 0)
(2.57142 -0.342211 0)
(2.5594 -0.350496 0)
(2.55154 -0.353395 0)
(2.55027 -0.3518 0)
(2.54702 -0.344591 0)
(2.53794 -0.314244 0)
(2.53031 -0.269029 0)
(2.50875 -0.198075 0)
(2.50032 -0.135454 0)
(2.51265 -0.0834332 0)
(2.49073 -0.0353039 0)
(2.45777 -0.0215545 0)
(2.43527 -0.0200303 0)
(2.41967 -0.0204323 0)
(2.40894 -0.0183007 0)
(2.40805 -0.0103023 0)
(2.40759 -0.00858372 0)
(2.40632 -0.0090463 0)
(2.41012 -0.00514454 0)
(2.42221 0.00809302 0)
(2.43678 0.0228204 0)
(2.44122 0.0285156 0)
(2.44156 0.0307087 0)
(2.43885 0.030225 0)
(2.42801 0.0230731 0)
(2.40974 0.0109408 0)
(2.39958 0.00514697 0)
(2.39922 0.00613696 0)
(2.40014 0.00860796 0)
(2.40364 0.0133639 0)
(2.41233 0.0216024 0)
(2.42465 0.0315564 0)
(2.43046 0.0364454 0)
(2.43097 0.0374892 0)
(2.43066 0.0391092 0)
(2.42523 0.0378831 0)
(2.41336 0.032349 0)
(2.40492 0.027407 0)
(2.40314 0.0264423 0)
(2.40184 0.0265937 0)
(2.40423 0.0296452 0)
(2.41322 0.0378035 0)
(2.42313 0.0459266 0)
(2.42534 0.0477325 0)
(2.42493 0.0470764 0)
(2.42157 0.043233 0)
(2.41257 0.0351524 0)
(2.40617 0.0299842 0)
(2.40801 0.0296489 0)
(2.41092 0.030319 0)
(2.41451 0.0318362 0)
(2.4226 0.0364527 0)
(2.43251 0.0433297 0)
(2.43697 0.0463662 0)
(2.43831 0.0470299 0)
(2.43867 0.0469898 0)
(2.43313 0.0423286 0)
(2.42102 0.0331448 0)
(2.41682 0.0284098 0)
(2.41864 0.0278907 0)
(2.42064 0.0278591 0)
(2.42324 0.0283637 0)
(2.42981 0.0311651 0)
(2.43998 0.0370423 0)
(2.44556 0.0401103 0)
(2.44671 0.0403529 0)
(2.44772 0.0400817 0)
(2.44707 0.0383923 0)
(2.44225 0.0335707 0)
(2.4349 0.0279612 0)
(2.43302 0.0262712 0)
(2.43405 0.0266004 0)
(2.43535 0.0272737 0)
(2.43835 0.028835 0)
(2.44355 0.0316573 0)
(2.44948 0.0336102 0)
(2.45264 0.0333187 0)
(2.45434 0.0320434 0)
(2.45579 0.0285515 0)
(2.45552 0.0229474 0)
(2.45341 0.0171068 0)
(2.45166 0.0131731 0)
(2.16884 0.248553 0)
(2.18661 0.224122 0)
(2.19837 0.199536 0)
(2.19811 0.178763 0)
(2.19275 0.15327 0)
(2.20309 0.137144 0)
(2.21939 0.131076 0)
(2.237 0.124764 0)
(2.25536 0.11424 0)
(2.27426 0.100708 0)
(2.29338 0.0851071 0)
(2.31215 0.069081 0)
(2.32943 0.0537553 0)
(2.34463 0.039068 0)
(2.35678 0.0241143 0)
(2.36302 0.00652537 0)
(2.3567 -0.0174474 0)
(2.34301 -0.0430108 0)
(2.34983 -0.0554331 0)
(2.36433 -0.0612604 0)
(2.38023 -0.0674187 0)
(2.39731 -0.0738761 0)
(2.41451 -0.0810523 0)
(2.42782 -0.0869112 0)
(2.44134 -0.0917105 0)
(2.45454 -0.0980697 0)
(2.46353 -0.109009 0)
(2.45895 -0.129856 0)
(2.43995 -0.161313 0)
(2.43917 -0.180118 0)
(2.45137 -0.18365 0)
(2.46459 -0.18862 0)
(2.48024 -0.19435 0)
(2.49167 -0.199298 0)
(2.50229 -0.202769 0)
(2.51248 -0.206148 0)
(2.52023 -0.211381 0)
(2.51895 -0.223316 0)
(2.50467 -0.248088 0)
(2.50154 -0.271056 0)
(2.51202 -0.277201 0)
(2.52559 -0.284585 0)
(2.54113 -0.293273 0)
(2.55368 -0.299543 0)
(2.565 -0.305077 0)
(2.57335 -0.31045 0)
(2.57778 -0.317034 0)
(2.57152 -0.327862 0)
(2.55336 -0.343584 0)
(2.55301 -0.350023 0)
(2.55609 -0.349847 0)
(2.55953 -0.351247 0)
(2.56774 -0.347413 0)
(2.57551 -0.330157 0)
(2.57668 -0.296991 0)
(2.56693 -0.242651 0)
(2.56103 -0.184137 0)
(2.53101 -0.108801 0)
(2.51384 -0.085877 0)
(2.4703 -0.0731329 0)
(2.43998 -0.055305 0)
(2.42627 -0.0464558 0)
(2.41949 -0.0317412 0)
(2.4205 -0.0142863 0)
(2.42777 0.00106769 0)
(2.4414 0.00958173 0)
(2.45061 0.0138211 0)
(2.45198 0.0159933 0)
(2.45262 0.0175129 0)
(2.4537 0.0219291 0)
(2.45019 0.0245861 0)
(2.4369 0.0180991 0)
(2.41841 0.00594879 0)
(2.41213 0.00181609 0)
(2.41171 0.0027286 0)
(2.41371 0.00740829 0)
(2.42187 0.017295 0)
(2.43635 0.0299632 0)
(2.4439 0.0350936 0)
(2.44364 0.034496 0)
(2.44277 0.0334994 0)
(2.43926 0.0313847 0)
(2.43082 0.0289962 0)
(2.42274 0.0284024 0)
(2.42024 0.029194 0)
(2.41898 0.0300218 0)
(2.41892 0.0321362 0)
(2.42409 0.0378263 0)
(2.43353 0.0452742 0)
(2.43784 0.0482624 0)
(2.43843 0.0486409 0)
(2.4366 0.0466867 0)
(2.42832 0.039165 0)
(2.41832 0.0308364 0)
(2.41708 0.0283015 0)
(2.41926 0.028504 0)
(2.42247 0.029963 0)
(2.43027 0.0349069 0)
(2.4416 0.0439556 0)
(2.44855 0.0491968 0)
(2.45009 0.0499326 0)
(2.45121 0.0498834 0)
(2.44755 0.0459359 0)
(2.43583 0.0363555 0)
(2.42801 0.029253 0)
(2.42874 0.0274925 0)
(2.43044 0.0269513 0)
(2.43247 0.0266246 0)
(2.43695 0.0280014 0)
(2.44608 0.0336488 0)
(2.4549 0.0398749 0)
(2.45706 0.0416106 0)
(2.45842 0.0424372 0)
(2.45837 0.0419529 0)
(2.45478 0.03789 0)
(2.44784 0.0315463 0)
(2.44509 0.0288827 0)
(2.44613 0.0291217 0)
(2.44737 0.0299843 0)
(2.44998 0.031448 0)
(2.45413 0.0338905 0)
(2.45894 0.0356452 0)
(2.46151 0.0355185 0)
(2.46333 0.0342688 0)
(2.46456 0.030952 0)
(2.46415 0.0255743 0)
(2.46258 0.0198244 0)
(2.46135 0.0159505 0)
(2.4631 0.0149329 0)
)
;

boundaryField
{
    inlet
    {
        type            fixedValue;
        value           nonuniform 0();
    }
    outlet
    {
        type            inletOutlet;
        inletValue      nonuniform 0();
        value           nonuniform 0();
    }
    bottom
    {
        type            slip;
    }
    top
    {
        type            slip;
    }
    obstacle
    {
        type            slip;
    }
    defaultFaces
    {
        type            empty;
    }
    procBoundary2to1
    {
        type            processor;
        value           nonuniform List<vector> 
23
(
(2.39581 -0.0334989 0)
(2.41097 -0.0280175 0)
(2.46071 -0.0862673 0)
(2.51177 -0.101517 0)
(2.53751 -0.121094 0)
(2.54399 -0.174929 0)
(2.55762 -0.231303 0)
(2.58291 -0.301488 0)
(2.61891 -0.402678 0)
(2.62817 -0.442113 0)
(2.60945 -0.428077 0)
(2.60011 -0.397451 0)
(2.57589 -0.320143 0)
(2.56278 -0.283463 0)
(2.53364 -0.244487 0)
(2.50863 -0.189969 0)
(2.47789 -0.131694 0)
(2.451 -0.0892777 0)
(2.42373 -0.0708811 0)
(2.39071 -0.0235616 0)
(2.35421 0.0116298 0)
(2.31312 0.0330766 0)
(2.27147 0.0482635 0)
)
;
    }
    procBoundary2to3
    {
        type            processor;
        value           nonuniform List<vector> 
32
(
(2.39899 0.00111041 0)
(2.40287 -0.00385222 0)
(2.4115 -0.00067387 0)
(2.4277 0.0060607 0)
(2.44869 0.00167317 0)
(2.46735 0.00561331 0)
(2.4797 0.00382442 0)
(2.48346 -0.00459117 0)
(2.48556 -0.00136087 0)
(2.48891 0.00671123 0)
(2.49117 0.00936746 0)
(2.49088 0.00808227 0)
(2.48899 0.00771266 0)
(2.4859 0.00558618 0)
(2.48241 0.00287178 0)
(2.47809 0.00339989 0)
(2.47167 0.00561086 0)
(2.46322 0.0103534 0)
(2.45301 0.0127215 0)
(2.4428 0.0153089 0)
(2.43486 0.00743605 0)
(2.43044 0.00660897 0)
(2.43061 0.0106356 0)
(2.43349 0.0127711 0)
(2.43667 0.019918 0)
(2.43763 0.0231065 0)
(2.43892 0.0264109 0)
(2.44094 0.0240046 0)
(2.44054 0.0161218 0)
(2.44368 0.0125172 0)
(2.45254 0.0126062 0)
(2.46407 0.0162623 0)
)
;
    }
    procBoundary2to5
    {
        type            processor;
        value           nonuniform List<vector> 9((2.22977 0.0692567 0) (2.20491 0.0898919 0) (2.18351 0.118521 0) (2.16758 0.146403 0) (2.15642 0.174288 0) (2.15018 0.198618 0) (2.14614 0.222414 0) (2.14699 0.24229 0) (2.14967 0.264897 0));
    }
    procBoundary2to6
    {
        type            processor;
        value           nonuniform List<vector> 
129
(
(2.17037 0.267218 0)
(2.18464 0.238348 0)
(2.19114 0.211652 0)
(2.18899 0.192825 0)
(2.19535 0.17284 0)
(2.21245 0.15859 0)
(2.22942 0.150335 0)
(2.24545 0.144403 0)
(2.25874 0.134602 0)
(2.27443 0.120299 0)
(2.29168 0.105202 0)
(2.30975 0.0889973 0)
(2.32667 0.0723733 0)
(2.34145 0.0569731 0)
(2.35328 0.0417683 0)
(2.35716 0.023129 0)
(2.34539 -0.00271765 0)
(2.33803 -0.0248196 0)
(2.35134 -0.032646 0)
(2.36665 -0.0377088 0)
(2.38379 -0.0435648 0)
(2.40203 -0.0494607 0)
(2.41798 -0.055427 0)
(2.43166 -0.0607287 0)
(2.44514 -0.0664638 0)
(2.4566 -0.0752279 0)
(2.45829 -0.091702 0)
(2.44118 -0.120348 0)
(2.42915 -0.144004 0)
(2.43937 -0.149999 0)
(2.45231 -0.155954 0)
(2.46909 -0.163385 0)
(2.4853 -0.170216 0)
(2.4951 -0.173992 0)
(2.50658 -0.177397 0)
(2.51641 -0.181976 0)
(2.52051 -0.191888 0)
(2.5094 -0.212137 0)
(2.49454 -0.235989 0)
(2.50079 -0.24506 0)
(2.51159 -0.250298 0)
(2.52768 -0.257617 0)
(2.54332 -0.265288 0)
(2.55481 -0.271276 0)
(2.56626 -0.277285 0)
(2.5756 -0.285253 0)
(2.5791 -0.297362 0)
(2.56722 -0.318881 0)
(2.54961 -0.342221 0)
(2.55506 -0.350255 0)
(2.56324 -0.352192 0)
(2.57103 -0.349166 0)
(2.58252 -0.348043 0)
(2.59408 -0.342422 0)
(2.60712 -0.328288 0)
(2.6114 -0.316215 0)
(2.60769 -0.295416 0)
(2.58511 -0.250209 0)
(2.56031 -0.20396 0)
(2.52215 -0.164437 0)
(2.47359 -0.109717 0)
(2.4518 -0.0898031 0)
(2.44178 -0.0620247 0)
(2.43995 -0.029499 0)
(2.44946 -0.00445692 0)
(2.46606 0.0100454 0)
(2.47165 0.011811 0)
(2.46725 0.00980699 0)
(2.46621 0.00875797 0)
(2.46626 0.0114996 0)
(2.46163 0.0158207 0)
(2.44601 0.0128103 0)
(2.4305 0.00452378 0)
(2.42706 0.00237916 0)
(2.42564 0.00227512 0)
(2.42998 0.00743875 0)
(2.44349 0.0197853 0)
(2.45721 0.031181 0)
(2.45831 0.032912 0)
(2.45686 0.0317728 0)
(2.45304 0.0282166 0)
(2.44533 0.0231703 0)
(2.4379 0.0224656 0)
(2.43574 0.0267178 0)
(2.43572 0.0299336 0)
(2.43677 0.0334078 0)
(2.44038 0.0386759 0)
(2.44637 0.0432871 0)
(2.4492 0.0453828 0)
(2.44956 0.0460231 0)
(2.44928 0.046325 0)
(2.444 0.04309 0)
(2.43398 0.0357921 0)
(2.42907 0.0301764 0)
(2.42944 0.0289729 0)
(2.43187 0.0288651 0)
(2.43868 0.0327173 0)
(2.45053 0.0424709 0)
(2.46013 0.0508866 0)
(2.46236 0.0526684 0)
(2.46399 0.0528523 0)
(2.46135 0.04928 0)
(2.45031 0.0400257 0)
(2.43978 0.0309387 0)
(2.43932 0.0280882 0)
(2.4411 0.0273801 0)
(2.44285 0.0267276 0)
(2.44612 0.0274827 0)
(2.45349 0.0324708 0)
(2.46332 0.0402193 0)
(2.46788 0.043866 0)
(2.46937 0.0449979 0)
(2.4703 0.0458177 0)
(2.46781 0.0432486 0)
(2.4608 0.0370812 0)
(2.45681 0.0331205 0)
(2.45767 0.0329032 0)
(2.4588 0.0332767 0)
(2.46113 0.0343357 0)
(2.46489 0.0362617 0)
(2.46904 0.0372915 0)
(2.47118 0.0368258 0)
(2.47312 0.0351431 0)
(2.47412 0.0316962 0)
(2.4737 0.027001 0)
(2.47271 0.0234869 0)
(2.47264 0.0210498 0)
(2.47346 0.0204847 0)
(2.47371 0.0209154 0)
)
;
    }
}


// ************************************************************************* //
