/*--------------------------------*- C++ -*----------------------------------*\
  =========                 |
  \\      /  F ield         | OpenFOAM: The Open Source CFD Toolbox
   \\    /   O peration     | Website:  https://openfoam.org
    \\  /    A nd           | Version:  7
     \\/     M anipulation  |
\*---------------------------------------------------------------------------*/
FoamFile
{
    version     2.0;
    format      ascii;
    class       volScalarField;
    location    "1.3";
    object      p;
}
// * * * * * * * * * * * * * * * * * * * * * * * * * * * * * * * * * * * * * //

dimensions      [1 -1 -2 0 0 0 0];

internalField   nonuniform List<scalar> 
16192
(
1
1
1
1
1
1
1
1
1
1
1
1
1
1
1
1
1
1
1
1
1
1
1
1
1
1
1
1
1
1
1
1
1
1
1
1
1
1
1
1
1
1
1
1
1
1
1
1
1
1
1
1
1
1
1
1
1
1
1
1
1
1
1
1
1
1
1
1
1
1
1
1
1
1
1
1
1
1
1
1
1
1
1
1
1
1
1
1
1
1
1
1
1
1
1
1
1
1
1
1
1
1
1
1
1
1
1
1
1
1
1
1
1
1
1
1
1
1
1
1
1
1
1
1
1
1
1
1
1
1
1
1
1
1
1
1
1
1
1
1
1
1
1
1
1
1
1
1
1
1
1
1
1
1
1
1
1
1
1
1
1
1
1
1
1
1
1
1
1
1
1
1
1
1
1
1
1
1
1
1
1
1
1
1
1
1
1
1
1
1
1
1
1
1
1
1
1
1
1
1
1
1
1
1
1
1
1
1
1
1
1
1
1
1
1
1
1
1
1
1
1
1
1
1
1
1
1
1
1
1
1
1
1
1
1
1
1
1
1
1
1
1
1
1
1
1
1
1
1
1
1
1
1
1
1
1
1
1
1
1
1
1
1
1
1
1
1
1
1
1
1
1
1
1
1
1
1
1
1
1
1
1
1
1
1
1
1
1
1
1
1
1
1
1
1
1
1
1
1
1
1
1
1
1
1
1
1
1
1
1
1
1
1
1
1
1
1
1
1
1
1
1
1
1
1
1
1
1
1
1
1
1
1
1
1
1
1
1
1
1
1
1
1
1
1
1
1
1
1
1
1
1
1
1
1
1
1
1
1
1
1
1
1
1
1
1
1
1
1
1
1
1
1
1
1
1
1
1
1
1
1
1
1
1
1
1
1
1
1
1
1
1
1
1
1
1
1
1
1
1
1
1
1
1
1
1
1
1
1
1
1
1
1
1
1
1
1
1
1
1
1
1
1
1
1
1
1
1
1
1
1
1
1
1
1
1
1
1
1
1
1
1
1
1
1
1
1
1
1
1
1
1
1
1
1
1
1
1
1
1
1
1
1
1
1
1
1
1
1
1
1
1
1
1
1
1
1
1
1
1
1
1
1
1
1
1
1
1
1
1
1
1
1
1
1
1
1
1
1
1
1
1
1
1
1
1
1
1
1
1
1
1
1
1
1
1
1
1
1
1
1
1
1
1
1
1
1
1
1
1
1
1
1
1
1
1
1
1
1
1
1
1
1
1
1
1
1
1
1
1
1
1
1
1
1
1
1
1
1
1
1
1
1
1
1
1
1
1
1
1
1
1
1
1
1
1
1
1
1
1
1
1
1
1
1
1
1
1
1
1
1
1
1
1
1
1
1
1
1
1
1
1
1
1
1
1
1
1
1
1
1
1
1
1
1
1
1
1
1
1
1
1
1
1
1
1
1
1
1
1
1
1
1
1
1
1
1
1
1
1
1
1
1
1
1
1
1
1
1
1
1
1
1
1
1
1
1
1
1
1
1
1
1
1
1
1
1
1
1
1
1
1
1
1
1
1
1
1
1
1
1
1
1
1
1
1
1
1
1
1
1
1
1
1
1
1
1
1
1
1
1
1
1
1
1
1
1
1
1
1
1
1
1
1
1
1
1
1
1
1
1
1
1
1
1
1
1
1
1
1
1
1
1
1
1
1
1
1
1
1
1
1
1
1
1
1
1
1
1
1
1
1
1
1
1
1
1
1
1
1
1
1
1
1
1
1
1
1
1
1
1
1
1
1
1
1
1
1
1
1
1
1
1
1
1
1
1
1
1
1
1
1
1
1
1
1
1
1
1
1
1
1
1
1
1
1
1
1
1
1
1
1
1
1
1
1
1
1
1
1
1
1
1
1
1
1
1
1
1
1
1
1
1
1
1
1
1
1
1
1
1
1
1
1
1
1
1
1
1
1
1
1
1
1
1
1
1
1
1
1
1
1
1
1
1
1
1
1
1
1
1
1
1
1
1
1
1
1
1
1
1
1
1
1
1
1
1
1
1
1
1
1
1
1
1
1
1
1
1
1
1
1
1
1
1
1
1
1
1
1
1
1
1
1
1
1
1
1
1
1
1
1
1
1
1
1
1
1
1
1
1
1
1
1
1
1
1
1
1
1
1
1
1
1
1
1
1
1
1
1
1
1
1
1
1
1
1
1
1
1
1
1
1
1
1
1
1
1
1
1
1
1
1
1
1
1
1
1
1
1
1
1
1
1
1
1
1
1
1
1
1
1
1
1
1
1
1
1
1
1
1
1
1
1
1
1
1
1
1
1
1
1
1
1
1
1
1
1
1
1
1
1
1
1
1
1
1
1
1
1
1
1
1
1
1
1
1
1
1
1
1
1
1
1
1
1
1
1
1
1
1
1
1
1
1
1
1
1
1
1
1
1
1
1
1
1
1
1
1
1
1
1
1
1
1
1
1
1
1
1
1
1
1
1
1
1
1
1
1
1
1
1
1
1
1
1
1
1
1
1
1
1
1
1
1
1
1
1
1
1
1
1
1
1
1
1
1
1
1
1
1
1
1
1
1
1
1
1
1
1
1
1
1
1
1
1
1
1
1
1
1
1
1
1
1
1
1
1
1
1
1
1
1
1
1
1
1
1
1
1
1
1
1
1
1
1
1
1
1
1
1
1
1
1
1
1
1
1
1
1
1
1
1
1
1
1
1
1
1
1
1
1
1
1
1
1
1
1
1
1
1
1
1
1
1
1
1
1
1
1
1
1
1
1
1
1
1
1
1
1
1
1
1
1
1
1
1
1
1
1
1
1
1
1
1
1
1
1
1
1
1
1
1
1
1
1
1
1
1
1
1
1
1
1
1
1
1
1
1
1
1
1
1
1
1
1
1
1
1
1
1
1
1
1
1
1
1
1
1
1
1
1
1
1
1
1
1
1
1
1
1
1
1
1
1
1
1
1
1
1
1
1.00003
1.00323
1.05413
1.33322
2.62579
4.12009
4.33755
4.45468
4.4884
4.4497
4.45394
4.47093
4.47162
4.44946
4.38186
4.33166
4.32023
4.31415
4.29614
4.28394
4.28445
4.27223
4.24519
4.23138
4.22612
4.20431
4.17153
4.15149
4.13164
4.10948
4.1002
4.08594
4.05966
4.03447
4.01119
3.9922
3.99088
4.00004
4.01972
4.05367
4.10946
4.20878
4.25887
4.29111
4.31178
4.31697
4.30837
4.29249
4.26695
4.23462
4.20048
4.16533
4.12897
4.08749
4.04218
3.99767
3.96411
3.94535
3.9333
3.92629
3.91307
3.89851
3.86876
3.82149
3.76514
3.72781
3.70626
3.68603
3.66037
3.63088
3.59746
3.56858
3.5612
3.55393
3.54063
3.51925
3.49153
3.46125
3.42733
3.39313
3.37347
3.37061
3.38424
3.38013
3.35863
3.32773
3.30376
3.2821
3.2537
3.21163
3.16421
3.13377
3.1235
3.12764
3.14815
3.14689
3.13163
3.09432
3.034
2.9852
2.96971
2.96878
2.99284
3.02622
3.02658
3.00521
2.96784
2.90757
2.8456
2.81117
2.80262
2.80709
2.83355
2.86062
2.86274
2.84759
2.80919
2.74049
2.68589
2.66738
2.66403
2.67863
2.72176
2.77883
2.79979
2.79786
2.77881
2.73024
2.64734
2.56964
2.535
2.52516
2.52668
2.52972
2.53959
2.55446
2.57081
2.58876
2.59805
2.59113
2.57412
2.54728
2.50712
2.45365
2.418
2.40652
2.40521
2.40996
2.41233
2.41137
2.4043
2.38003
2.34242
2.3145
2.30391
2.30413
2.31353
2.3319
2.33073
2.31796
2.29753
2.25802
2.19718
2.16457
2.15593
2.15384
2.16342
2.18046
2.18086
2.176
2.17092
1
1
1
1
1
1
1
1
1
1
1
1
1
1
1
1
1
1
1
1
1
1
1
1
1
1
1
1
1
1
1
1
1
1
1
1
1
1
1
1
1
1
1
1
1
1
1
1
1
1
1
1
1
1
1
1
1
1
1
1
1.00001
1.00064
1.01579
1.27038
2.59733
3.72035
4.27736
4.51886
4.50837
4.49959
4.47893
4.45403
4.39689
4.35976
4.3303
4.30643
4.31066
4.31516
4.31956
4.30142
4.26934
4.25248
4.24932
4.23379
4.20196
4.17719
4.15956
4.13581
4.12307
4.11665
4.0978
4.07166
4.05178
4.02637
4.0009
3.99618
3.98789
3.98154
3.98958
4.02605
4.11022
4.20658
4.26119
4.29724
4.32192
4.32422
4.31723
4.29961
4.26943
4.2314
4.18897
4.14433
4.09479
4.04497
4.01131
3.99623
3.98745
3.98082
3.96512
3.94789
3.91556
3.87092
3.81751
3.77149
3.74445
3.7267
3.70476
3.67819
3.65181
3.62769
3.61295
3.60077
3.58152
3.55649
3.53005
3.50145
3.46962
3.44058
3.42305
3.42087
3.43672
3.43119
3.40646
3.36752
3.33518
3.3121
3.28796
3.25378
3.21039
3.17634
3.16349
3.16368
3.187
3.19333
3.17596
3.13762
3.07831
3.03132
3.01549
3.01467
3.03661
3.06361
3.05918
3.03463
2.99385
2.93232
2.87772
2.84802
2.84093
2.84655
2.87784
2.90144
2.89969
2.88049
2.83782
2.76371
2.71116
2.69366
2.6915
2.7086
2.75599
2.81418
2.83493
2.8332
2.81318
2.76406
2.67827
2.60035
2.56571
2.55602
2.55861
2.56428
2.5786
2.59539
2.60974
2.62283
2.62814
2.61967
2.60123
2.57341
2.53158
2.4781
2.44515
2.43475
2.43422
2.44073
2.44223
2.44035
2.42996
2.40219
2.3623
2.33566
2.32604
2.32653
2.3351
2.35236
2.35147
2.3388
2.31836
2.28117
2.2208
2.18555
2.17618
2.17367
2.18178
2.19921
2.20021
2.19555
2.19034
2.18615
1
1
1
1
1
1
1
1
1
1
1
1
1
1
1
1
1
1
1
1
1
1
1
1
1
1
1
1
1
1
1
1
1
1
1
1
1
1
1
1
1
1
1
1
1
1
1
1
1
1
1
1
1
1
1
1
1
1
1
1
1
1
1.00019
1.01188
1.28133
2.33016
3.34612
4.29897
4.55237
4.50359
4.44086
4.4009
4.38145
4.34454
4.30148
4.3173
4.3384
4.34715
4.32943
4.29248
4.27364
4.27256
4.25965
4.22918
4.20257
4.19133
4.17064
4.14411
4.13791
4.12636
4.10296
4.08438
4.06784
4.03903
4.01506
4.00059
3.9765
3.95678
3.95417
3.97215
4.02626
4.12921
4.20902
4.26511
4.31229
4.32965
4.32625
4.31427
4.28948
4.25165
4.20792
4.15754
4.1014
4.05937
4.04315
4.03659
4.03232
4.01342
3.99165
3.95761
3.9112
3.86305
3.82313
3.78859
3.76799
3.74801
3.72543
3.70409
3.68621
3.67088
3.64993
3.62169
3.59427
3.56822
3.54105
3.51176
3.48798
3.47267
3.47039
3.48617
3.4795
3.45371
3.41068
3.36858
3.34337
3.32166
3.29369
3.25614
3.22026
3.20588
3.20313
3.22582
3.23668
3.21804
3.17947
3.12177
3.07658
3.06121
3.06091
3.08096
3.10194
3.09481
3.06703
3.0221
2.9583
2.90976
2.8845
2.87871
2.88701
2.92276
2.94133
2.9343
2.91084
2.86358
2.78698
2.73875
2.72209
2.72079
2.73972
2.79062
2.84797
2.86717
2.865
2.8442
2.796
2.71006
2.63269
2.59808
2.58926
2.59279
2.60204
2.6204
2.63638
2.64685
2.65457
2.6564
2.6475
2.62789
2.59862
2.55429
2.50074
2.47058
2.462
2.46267
2.47157
2.47274
2.46961
2.45583
2.42468
2.38222
2.35634
2.3474
2.34796
2.3553
2.37193
2.37219
2.35991
2.33944
2.30372
2.244
2.20633
2.19566
2.19272
2.19971
2.21865
2.2218
2.21759
2.21301
2.20926
2.19724
1
1
1
1
1
1
1
1
1
1
1
1
1
1
1
1
1
1
1
1
1
1
1
1
1
1
1
1
1
1
1
1
1
1
1
1
1
1
1
1
1
1
1
1
1
1
1
1
1
1
1
1
1
1
1
1
1
1
1
1
1
1
1
1.00016
1.01289
1.20016
1.76172
3.13396
4.38228
4.38699
4.41802
4.41549
4.36253
4.30329
4.32863
4.35856
4.38246
4.36952
4.31922
4.2939
4.29609
4.28215
4.24853
4.23054
4.22403
4.20555
4.17252
4.1594
4.15285
4.13001
4.10876
4.09658
4.07366
4.04455
4.02415
4.00079
3.97281
3.94869
3.93473
3.94266
3.97087
4.03956
4.13261
4.20586
4.2858
4.32008
4.32126
4.31653
4.30126
4.26687
4.22536
4.17377
4.11885
4.09577
4.08386
4.07925
4.06209
4.03539
4.00026
3.95035
3.89844
3.86658
3.83845
3.81478
3.79341
3.77415
3.75687
3.74159
3.72657
3.69985
3.66394
3.63303
3.60639
3.57974
3.55311
3.53469
3.52199
3.51954
3.53254
3.52361
3.49772
3.45548
3.40464
3.37548
3.35535
3.33238
3.30058
3.26583
3.25054
3.24648
3.26611
3.2767
3.25673
3.21881
3.16342
3.12054
3.10562
3.1057
3.12509
3.14157
3.13192
3.1021
3.05365
2.9882
2.94374
2.92163
2.91683
2.9282
2.96641
2.98061
2.96842
2.94006
2.88712
2.8103
2.76771
2.75302
2.75171
2.77119
2.82447
2.87934
2.89602
2.89324
2.87205
2.82547
2.74045
2.6661
2.63283
2.62517
2.62929
2.64218
2.6633
2.67577
2.68096
2.68446
2.68371
2.67465
2.65442
2.62336
2.57597
2.52226
2.4942
2.48723
2.4896
2.50181
2.50377
2.49949
2.48276
2.44862
2.40293
2.37644
2.3681
2.36899
2.3753
2.39148
2.39327
2.38125
2.36076
2.32593
2.26696
2.22733
2.21514
2.21162
2.21778
2.23897
2.24628
2.24333
2.23992
2.23514
2.21937
2.19102
1
1
1
1
1
1
1
1
1
1
1
1
1
1
1
1
1
1
1
1
1
1
1
1
1
1
1
1
1
1
1
1
1
1
1
1
1
1
1
1
1
1
1
1
1
1
1
1
1
1
1
1
1
1
1
1
1
1
1
1
1
1
1
1
1.00013
1.00549
1.06356
1.53669
3.15915
4.00866
4.31096
4.43609
4.38517
4.37579
4.39301
4.43306
4.41807
4.34961
4.30662
4.31311
4.30739
4.2685
4.25562
4.25221
4.23734
4.20212
4.18186
4.18034
4.16089
4.13191
4.11783
4.0991
4.07174
4.05058
4.03115
4.00317
3.97286
3.94958
3.92796
3.92505
3.93477
3.96856
4.04312
4.12134
4.22543
4.2921
4.31024
4.31623
4.30677
4.27887
4.2433
4.20087
4.16329
4.14135
4.12706
4.10921
4.08096
4.04203
3.99525
3.9361
3.89896
3.87995
3.86338
3.84278
3.82395
3.80858
3.79485
3.77753
3.74615
3.70706
3.67177
3.64409
3.61784
3.59385
3.57967
3.5697
3.56825
3.57764
3.56502
3.53839
3.49867
3.44277
3.40762
3.38789
3.36891
3.34301
3.31267
3.29706
3.29223
3.30755
3.31472
3.29249
3.25476
3.20166
3.16143
3.14733
3.1483
3.16763
3.18159
3.17055
3.13938
3.08792
3.02131
2.97916
2.95996
2.95625
2.97049
3.00833
3.01789
3.00232
2.97049
2.91101
2.83505
2.79837
2.78586
2.78437
2.80344
2.8572
2.90787
2.92157
2.91771
2.89683
2.85285
2.76959
2.69839
2.66805
2.66215
2.66683
2.68363
2.70544
2.71295
2.71342
2.71404
2.71097
2.70092
2.67992
2.64768
2.59736
2.54264
2.51601
2.51001
2.51443
2.53086
2.53451
2.52966
2.51105
2.474
2.4244
2.39629
2.38846
2.39006
2.39604
2.41183
2.41509
2.4031
2.38224
2.34755
2.28959
2.249
2.23539
2.23137
2.23758
2.26124
2.27407
2.27328
2.2705
2.26182
2.24106
2.20935
2.16453
1
1
1
1
1
1
1
1
1
1
1
1
1
1
1
1
1
1
1
1
1
1
1
1
1
1
1
1
1
1
1
1
1
1
1
1
1
1
1
1
1
1
1
1
1
1
1
1
1
1
1
1
1
1
1
1
1
1
1
1
1
1
1
1
1
1.00002
1.00116
1.03715
1.5237
2.93938
3.81806
4.28271
4.4739
4.48077
4.47601
4.44427
4.36982
4.30918
4.31233
4.33153
4.29098
4.27628
4.27722
4.26935
4.23393
4.20513
4.20298
4.1907
4.15717
4.13696
4.12396
4.10118
4.07504
4.05847
4.03704
4.00475
3.97978
3.95532
3.93088
3.92289
3.9239
3.93346
3.96645
4.0305
4.12851
4.24243
4.28501
4.30445
4.30461
4.2867
4.26801
4.24629
4.21746
4.18713
4.1605
4.12872
4.08715
4.03899
3.98086
3.93429
3.91276
3.90465
3.8917
3.87407
3.858
3.84321
3.8244
3.78927
3.74705
3.70941
3.68073
3.6544
3.6344
3.62353
3.61567
3.61456
3.61996
3.60552
3.57792
3.53986
3.48273
3.43963
3.41855
3.40223
3.38188
3.35881
3.34576
3.34123
3.35146
3.35018
3.32533
3.28744
3.23683
3.20008
3.18618
3.18726
3.20697
3.22028
3.20822
3.17629
3.12243
3.05586
3.01638
2.99943
2.99656
3.01282
3.04881
3.05384
3.03556
3.00174
2.93727
2.86212
2.82997
2.8193
2.81783
2.83725
2.89062
2.93444
2.94448
2.93936
2.91942
2.87767
2.79707
2.72906
2.70175
2.69728
2.70264
2.72414
2.74584
2.74819
2.74597
2.74464
2.73862
2.72576
2.70357
2.67108
2.61886
2.56309
2.53661
2.53069
2.5369
2.55775
2.56448
2.55927
2.54008
2.50112
2.44725
2.41647
2.40889
2.41147
2.4183
2.4339
2.4372
2.42526
2.4042
2.36841
2.31111
2.27132
2.25676
2.25295
2.26076
2.28702
2.30501
2.30656
2.30347
2.28815
2.26208
2.22539
2.18174
2.15453
1
1
1
1
1
1
1
1
1
1
1
1
1
1
1
1
1
1
1
1
1
1
1
1
1
1
1
1
1
1
1
1
1
1
1
1
1
1
1
1
1
1
1
1
1
1
1
1
1
1
1
1
1
1
1
1
1
1
1
1
1
1
1
1
1
1
1.00001
1.00072
1.03666
1.49767
2.48189
3.51733
4.40919
4.51406
4.45431
4.37494
4.33156
4.31161
4.31919
4.31623
4.30241
4.30712
4.30475
4.26504
4.22533
4.21808
4.21852
4.18287
4.15043
4.14449
4.13283
4.10316
4.08191
4.06673
4.03989
4.01207
3.99206
3.9636
3.94103
3.93237
3.924
3.92155
3.92748
3.96187
4.03514
4.15547
4.2376
4.27406
4.29682
4.29917
4.2973
4.28508
4.259
4.22236
4.18399
4.13933
4.08826
4.02944
3.97558
3.94723
3.93848
3.9346
3.9216
3.90473
3.88821
3.86728
3.83161
3.78484
3.74321
3.71579
3.68989
3.67312
3.66523
3.66092
3.65943
3.65935
3.64456
3.61863
3.58018
3.52264
3.47357
3.44896
3.43263
3.41727
3.40282
3.39392
3.39157
3.39754
3.38722
3.35865
3.31807
3.26972
3.23652
3.2228
3.22347
3.24307
3.25594
3.24315
3.21107
3.15587
3.09014
3.05355
3.03951
3.03775
3.05554
3.08727
3.08861
3.06859
3.03329
2.96649
2.89318
2.86241
2.85311
2.85181
2.87178
2.92375
2.96025
2.9656
2.95875
2.9402
2.90089
2.82275
2.75738
2.73295
2.72937
2.73455
2.76044
2.78427
2.78297
2.7786
2.77536
2.76688
2.74944
2.72552
2.69316
2.64039
2.58407
2.55711
2.55109
2.55773
2.58188
2.59341
2.5878
2.56855
2.52918
2.47203
2.43816
2.43012
2.43355
2.44201
2.45794
2.46043
2.44777
2.4262
2.38829
2.33073
2.29344
2.27912
2.27624
2.28748
2.31784
2.33889
2.34108
2.33515
2.31294
2.28177
2.23978
2.19828
2.17491
2.16584
1
1
1
1
1
1
1
1
1
1
1
1
1
1
1
1
1
1
1
1
1
1
1
1
1
1
1
1
1
1
1
1
1
1
1
1
1
1
1
1
1
1
1
1
1
1
1
1
1
1
1
1
1
1
1
1
1
1
1
1
1
1
1
1
1
1
1
1
1.00071
1.02998
1.24763
1.92575
3.59069
4.3216
4.32417
4.36481
4.34518
4.31448
4.33325
4.33094
4.34461
4.34555
4.29641
4.24013
4.22495
4.23842
4.20529
4.16793
4.16015
4.15353
4.12971
4.10466
4.09398
4.07437
4.04431
4.025
4.00538
3.97555
3.95875
3.94492
3.92795
3.91562
3.91293
3.92442
3.96554
4.05296
4.16011
4.22681
4.28209
4.30869
4.31095
4.30167
4.27914
4.24221
4.19698
4.14618
4.08765
4.02568
3.98603
3.97391
3.97
3.96517
3.94918
3.93129
3.9087
3.8724
3.8226
3.77382
3.74725
3.72524
3.7103
3.70413
3.70187
3.70163
3.69794
3.683
3.66007
3.62199
3.56271
3.50806
3.48051
3.46278
3.45131
3.44379
3.43951
3.44109
3.442
3.42534
3.39313
3.34884
3.30148
3.27139
3.25831
3.25803
3.27645
3.28882
3.27465
3.2423
3.18679
3.12366
3.08946
3.07774
3.07758
3.09786
3.12477
3.12165
3.10049
3.06454
2.99688
2.92717
2.89725
2.88882
2.88695
2.90657
2.95556
2.9843
2.98515
2.97644
2.95937
2.92281
2.84764
2.78376
2.76135
2.75839
2.76274
2.79049
2.82043
2.81793
2.81141
2.80596
2.79419
2.77298
2.74762
2.71374
2.66056
2.60626
2.57884
2.57199
2.57847
2.60455
2.62129
2.61587
2.59565
2.5562
2.49802
2.46228
2.45327
2.45683
2.46717
2.48317
2.48425
2.47135
2.44849
2.40679
2.34918
2.31554
2.30218
2.3008
2.31678
2.35193
2.37463
2.37643
2.36542
2.33761
2.29979
2.25361
2.21572
2.19507
2.18695
2.1873
1
1
1
1
1
1
1
1
1
1
1
1
1
1
1
1
1
1
1
1
1
1
1
1
1
1
1
1
1
1
1
1
1
1
1
1
1
1
1
1
1
1
1
1
1
1
1
1
1
1
1
1
1
1
1
1
1
1
1
1
1
1
1
1
1
1
1
1
1
1.00031
1.00793
1.09989
1.84415
3.4179
4.02792
4.29716
4.3747
4.37733
4.36369
4.36554
4.37088
4.31697
4.25675
4.22954
4.23957
4.21799
4.19063
4.18154
4.1724
4.1466
4.12418
4.11656
4.10842
4.07932
4.05322
4.03719
4.01661
3.99198
3.97882
3.9597
3.93456
3.91511
3.90775
3.90955
3.92252
3.97164
4.07432
4.16765
4.25127
4.30026
4.30626
4.30101
4.28376
4.25014
4.20403
4.15183
4.09076
4.03483
4.01439
4.00586
4.00291
3.99175
3.9739
3.95061
3.91373
3.86087
3.80449
3.77556
3.75783
3.74615
3.7407
3.73882
3.73893
3.73598
3.72236
3.70194
3.6653
3.60414
3.54243
3.51218
3.4943
3.48546
3.48239
3.48228
3.48559
3.48161
3.46234
3.42793
3.3793
3.33246
3.3047
3.29323
3.29227
3.30875
3.31961
3.3046
3.27254
3.21602
3.1551
3.12294
3.11326
3.11488
3.13655
3.15814
3.15167
3.12975
3.09379
3.02672
2.96199
2.93373
2.92581
2.92386
2.94279
2.98679
3.00753
3.00441
2.99422
2.97754
2.9423
2.87035
2.80877
2.78785
2.78521
2.78871
2.81482
2.85299
2.85445
2.84565
2.83669
2.82072
2.79727
2.77026
2.73337
2.67887
2.6294
2.60314
2.59535
2.60054
2.62667
2.648
2.6435
2.62313
2.58275
2.52417
2.4885
2.47891
2.48203
2.49389
2.50885
2.50822
2.49548
2.47136
2.42456
2.36728
2.33832
2.32633
2.32656
2.34799
2.38835
2.41037
2.41059
2.39474
2.36124
2.31586
2.2682
2.23408
2.21474
2.20859
2.20947
2.21399
1
1
1
1
1
1
1
1
1
1
1
1
1
1
1
1
1
1
1
1
1
1
1
1
1
1
1
1
1
1
1
1
1
1
1
1
1
1
1
1
1
1
1
1
1
1
1
1
1
1
1
1
1
1
1
1
1
1
1
1
1
1
1
1
1
1
1
1
1
1
1.00004
1.00273
1.07823
1.7812
3.09288
3.86475
4.31096
4.4086
4.38704
4.35463
4.30514
4.27674
4.25433
4.22494
4.22263
4.21351
4.20775
4.19884
4.16718
4.14165
4.13427
4.13601
4.11174
4.07918
4.06435
4.05242
4.02815
4.00998
3.99744
3.97355
3.94646
3.92199
3.90839
3.90972
3.91867
3.94047
4.00488
4.09551
4.19151
4.2727
4.29528
4.2946
4.28315
4.2547
4.20688
4.1539
4.09987
4.06522
4.05021
4.04019
4.03181
4.01604
3.99257
3.95575
3.9016
3.83726
3.80412
3.78821
3.77885
3.77369
3.77356
3.7745
3.77172
3.76144
3.74308
3.70792
3.64613
3.5776
3.54475
3.528
3.52057
3.51929
3.52155
3.52323
3.51633
3.49644
3.46055
3.40842
3.36277
3.33772
3.32757
3.32608
3.34113
3.35038
3.33435
3.30271
3.24684
3.18738
3.15628
3.14801
3.14986
3.17093
3.18644
3.17751
3.15543
3.11863
3.05318
2.99551
2.97013
2.9628
2.96125
2.98013
3.01935
3.0328
3.02594
3.01349
2.99555
2.95949
2.8897
2.83171
2.81235
2.81032
2.8141
2.83787
2.88112
2.8907
2.88091
2.86716
2.84675
2.82219
2.79241
2.75043
2.69574
2.6535
2.62967
2.6216
2.62532
2.65022
2.67335
2.67011
2.65055
2.61061
2.55117
2.5165
2.50706
2.5093
2.52171
2.53481
2.5327
2.5199
2.49492
2.44266
2.38563
2.3606
2.35117
2.35393
2.38109
2.42578
2.4459
2.44412
2.42288
2.38402
2.33133
2.28433
2.25351
2.23466
2.23056
2.23229
2.23727
2.26319
1
1
1
1
1
1
1
1
1
1
1
1
1
1
1
1
1
1
1
1
1
1
1
1
1
1
1
1
1
1
1
1
1
1
1
1
1
1
1
1
1
1
1
1
1
1
1
1
1
1
1
1
1
1
1
1
1
1
1
1
1
1
1
1
1
1
1
1
1
1
1
1.00002
1.002
1.07286
1.60233
2.52506
3.75275
4.38756
4.36767
4.30027
4.29261
4.2811
4.22826
4.22075
4.2296
4.2296
4.23249
4.199
4.16386
4.15307
4.15938
4.13806
4.10178
4.08802
4.08281
4.06081
4.03513
4.02618
4.01098
3.98298
3.96023
3.93611
3.91972
3.92049
3.9231
3.92932
3.95469
4.01715
4.10191
4.21016
4.26828
4.28078
4.27512
4.2474
4.19634
4.15675
4.12911
4.10683
4.0868
4.07246
4.05705
4.03407
3.99778
3.94534
3.87468
3.83421
3.818
3.80946
3.8045
3.80632
3.81196
3.80839
3.7991
3.7822
3.74775
3.68507
3.6122
3.57791
3.56286
3.55614
3.55502
3.55714
3.55588
3.54723
3.52694
3.49042
3.43607
3.39155
3.36926
3.36082
3.35967
3.37379
3.3815
3.36522
3.33343
3.27838
3.22093
3.19098
3.18333
3.18505
3.20284
3.21166
3.20045
3.17761
3.13815
3.07496
3.02643
3.00448
2.99829
2.99788
3.01816
3.05312
3.06093
3.05108
3.03584
3.01489
2.97571
2.90666
2.85296
2.83495
2.83344
2.83855
2.86129
2.90609
2.92367
2.91473
2.89695
2.87338
2.84669
2.81255
2.7646
2.71276
2.67939
2.65847
2.65017
2.6528
2.67625
2.69885
2.69598
2.67754
2.63902
2.58027
2.54577
2.5368
2.5384
2.55159
2.56062
2.55741
2.54477
2.51814
2.46107
2.40636
2.38421
2.37667
2.38251
2.41493
2.46249
2.48009
2.47513
2.44978
2.40614
2.347
2.30155
2.27309
2.25514
2.25273
2.25565
2.26177
2.29034
2.33082
1
1
1
1
1
1
1
1
1
1
1
1
1
1
1
1
1
1
1
1
1
1
1
1
1
1
1
1
1
1
1
1
1
1
1
1
1
1
1
1
1
1
1
1
1
1
1
1
1
1
1
1
1
1
1
1
1
1
1
1
1
1
1
1
1
1
1
1
1
1
1
1
1.00001
1.0016
1.03898
1.27891
2.17307
3.82253
4.17319
4.25291
4.30327
4.27082
4.23585
4.2403
4.24423
4.2657
4.23404
4.19143
4.17651
4.18225
4.15724
4.1242
4.11394
4.10911
4.08645
4.06013
4.04707
4.04164
4.01721
3.99326
3.97902
3.96106
3.94757
3.94035
3.9278
3.91819
3.92355
3.9526
4.01321
4.11272
4.20889
4.24945
4.25136
4.22097
4.18603
4.17214
4.16394
4.14332
4.11971
4.09872
4.07439
4.03927
3.99007
3.91844
3.8682
3.84887
3.84027
3.83572
3.83951
3.85112
3.8483
3.83798
3.81985
3.78419
3.71924
3.64399
3.60981
3.59632
3.59057
3.58958
3.59044
3.58661
3.5767
3.55564
3.51797
3.46269
3.42019
3.3993
3.39235
3.39243
3.40647
3.41256
3.3963
3.36523
3.31134
3.25485
3.22661
3.21915
3.22095
3.2349
3.23722
3.22317
3.19785
3.15381
3.09368
3.05442
3.03583
3.03075
3.03249
3.05625
3.08731
3.09039
3.07854
3.06049
3.03606
2.99231
2.92314
2.87445
2.85745
2.85599
2.86217
2.88478
2.92944
2.95231
2.94529
2.92568
2.90035
2.86987
2.82879
2.77735
2.73297
2.70666
2.68877
2.68069
2.68254
2.70443
2.72482
2.7214
2.70381
2.66726
2.61052
2.57652
2.56755
2.56829
2.58179
2.58771
2.58243
2.56859
2.53995
2.48074
2.42887
2.40935
2.40404
2.41273
2.45007
2.49801
2.51272
2.50401
2.47649
2.42824
2.36394
2.31955
2.29326
2.27597
2.27477
2.27915
2.28781
2.31942
2.35992
2.36765
1
1
1
1
1
1
1
1
1
1
1
1
1
1
1
1
1
1
1
1
1
1
1
1
1
1
1
1
1
1
1
1
1
1
1
1
1
1
1
1
1
1
1
1
1
1
1
1
1
1
1
1
1
1
1
1
1
1
1
1
1
1
1
1
1
1
1
1
1
1
1
1
1
1.00001
1.00043
1.01154
1.1611
2.12661
3.52564
4.05061
4.26278
4.32072
4.28589
4.27529
4.2952
4.26259
4.21905
4.20447
4.21213
4.1788
4.14503
4.13734
4.13217
4.10857
4.08605
4.07113
4.06817
4.05588
4.0285
4.01721
4.00469
3.98876
3.97336
3.95249
3.92925
3.90964
3.9026
3.91437
3.94621
4.0138
4.11505
4.18427
4.20555
4.19126
4.1855
4.19017
4.18948
4.16913
4.14257
4.11469
4.08062
4.03495
3.96636
3.90853
3.88356
3.87427
3.86996
3.87561
3.89138
3.88978
3.87825
3.85727
3.81851
3.74953
3.67301
3.64037
3.6273
3.62259
3.62275
3.62286
3.61759
3.60703
3.58485
3.54508
3.48865
3.44837
3.42905
3.42281
3.42399
3.43802
3.44254
3.42665
3.39685
3.34542
3.28971
3.26206
3.25505
3.25652
3.26742
3.26469
3.24777
3.21866
3.16959
3.11255
3.07976
3.06437
3.06028
3.06499
3.09281
3.1202
3.11926
3.10566
3.08537
3.05792
3.00908
2.93988
2.89724
2.88173
2.88018
2.88653
2.90918
2.95278
2.97778
2.97267
2.95286
2.92553
2.88888
2.84146
2.79175
2.75654
2.73431
2.71954
2.71216
2.71419
2.73475
2.75136
2.74644
2.7292
2.69437
2.64065
2.60791
2.59891
2.59858
2.61143
2.61612
2.60824
2.59209
2.56045
2.50057
2.45407
2.43678
2.43357
2.44501
2.48654
2.53185
2.5424
2.5304
2.50195
2.45036
2.38116
2.33748
2.31401
2.29776
2.29727
2.30324
2.31544
2.35235
2.3888
2.39228
2.37809
1
1
1
1
1
1
1
1
1
1
1
1
1
1
1
1
1
1
1
1
1
1
1
1
1
1
1
1
1
1
1
1
1
1
1
1
1
1
1
1
1
1
1
1
1
1
1
1
1
1
1
1
1
1
1
1
1
1
1
1
1
1
1
1
1
1
1
1
1
1
1
1
1
1
1
1.00011
1.00594
1.13805
2.02823
3.21317
3.90302
4.29429
4.37723
4.34308
4.28631
4.24656
4.23349
4.2457
4.20876
4.16767
4.16046
4.16136
4.1414
4.11385
4.09986
4.09875
4.09906
4.07149
4.05513
4.0457
4.02484
4.00503
3.9865
3.95887
3.92908
3.90578
3.89076
3.89252
3.90516
3.93328
4.00494
4.08708
4.13929
4.16353
4.18398
4.20569
4.20152
4.18237
4.15468
4.12193
4.07973
4.01624
3.95557
3.92423
3.91361
3.91023
3.91807
3.93259
3.93032
3.91771
3.893
3.85156
3.77834
3.70097
3.66982
3.65723
3.65243
3.65547
3.65631
3.64992
3.6388
3.61534
3.57327
3.51546
3.47709
3.45892
3.45293
3.45435
3.46767
3.4708
3.45585
3.42759
3.37934
3.32468
3.29712
3.29009
3.29151
3.30038
3.2943
3.27488
3.24187
3.18783
3.13335
3.10485
3.09165
3.08833
3.09618
3.12763
3.15044
3.14615
3.13095
3.10908
3.07826
3.02476
2.95818
2.92122
2.90733
2.90632
2.91276
2.93582
2.9779
3.00166
2.99773
2.97823
2.94727
2.90235
2.85274
2.81148
2.78273
2.76178
2.75009
2.74377
2.74599
2.76577
2.77924
2.77254
2.75457
2.7202
2.66969
2.63914
2.63007
2.62926
2.64047
2.645
2.63481
2.61587
2.58076
2.52194
2.48182
2.46678
2.46524
2.48012
2.52393
2.56301
2.56895
2.55442
2.52564
2.47188
2.39894
2.35637
2.33523
2.32064
2.32113
2.32852
2.34627
2.38808
2.41834
2.41557
2.40091
2.37305
1
1
1
1
1
1
1
1
1
1
1
1
1
1
1
1
1
1
1
1
1
1
1
1
1
1
1
1
1
1
1
1
1
1
1
1
1
1
1
1
1
1
1
1
1
1
1
1
1
1
1
1
1
1
1
1
1
1
1
1
1
1
1
1
1
1
1
1
1
1
1
1
1
1
1
1
1.00006
1.00492
1.12644
1.7295
2.66719
3.91333
4.38425
4.31999
4.25499
4.27189
4.28811
4.2372
4.19091
4.18318
4.19595
4.20108
4.16078
4.1341
4.1308
4.13778
4.11303
4.08694
4.07822
4.06312
4.03337
4.01644
3.9977
3.96462
3.9323
3.90592
3.8877
3.8816
3.87727
3.88386
3.92051
3.99122
4.06724
4.13002
4.17925
4.20686
4.20346
4.18659
4.15947
4.12221
4.06463
4.00538
3.97143
3.9589
3.95673
3.96725
3.97576
3.96922
3.95359
3.92569
3.88239
3.8061
3.73005
3.69899
3.68681
3.68182
3.68694
3.69215
3.68443
3.67208
3.64662
3.60245
3.54314
3.50674
3.48946
3.4835
3.48413
3.49545
3.49725
3.48348
3.457
3.41164
3.35861
3.33081
3.32361
3.32504
3.33344
3.32604
3.30413
3.26798
3.20962
3.15644
3.13087
3.11952
3.11694
3.12786
3.16116
3.17889
3.17212
3.1539
3.12948
3.09417
3.03859
2.97816
2.94635
2.93377
2.93335
2.94002
2.96478
3.00575
3.02642
3.02264
3.00255
2.96617
2.9129
2.86657
2.83578
2.81108
2.79066
2.78116
2.77569
2.77853
2.79758
2.80799
2.79933
2.78021
2.74541
2.69773
2.66954
2.6607
2.65965
2.66974
2.67411
2.66188
2.64035
2.602
2.54482
2.51138
2.49905
2.49903
2.51784
2.56169
2.59163
2.59231
2.57621
2.54802
2.49275
2.41774
2.37662
2.35743
2.34541
2.34726
2.35579
2.3819
2.42636
2.44568
2.44007
2.42288
2.39722
2.32387
1
1
1
1
1
1
1
1
1
1
1
1
1
1
1
1
1
1
1
1
1
1
1
1
1
1
1
1
1
1
1
1
1
1
1
1
1
1
1
1
1
1
1
1
1
1
1
1
1
1
1
1
1
1
1
1
1
1
1
1
1
1
1
1
1
1
1
1
1
1
1
1
1
1
1
1
1
1.00005
1.00349
1.05678
1.36136
2.44707
3.99392
4.15243
4.2174
4.30757
4.3144
4.22171
4.20368
4.22031
4.24866
4.20632
4.169
4.1573
4.16709
4.14397
4.1115
4.10283
4.09611
4.06662
4.03962
4.03022
4.00668
3.96912
3.93671
3.90893
3.88966
3.87637
3.86777
3.8693
3.88347
3.93044
4.00236
4.08971
4.1663
4.19833
4.19811
4.1844
4.15422
4.10312
4.05057
4.01989
4.00763
4.00897
4.01771
4.01785
4.00739
3.98631
3.95599
3.91105
3.83308
3.7609
3.73002
3.71781
3.7127
3.7182
3.72774
3.71984
3.70571
3.67797
3.63192
3.57213
3.53669
3.52084
3.51491
3.5147
3.52318
3.52296
3.51021
3.48516
3.44223
3.39115
3.36261
3.35498
3.35653
3.36547
3.35822
3.33541
3.29673
3.23501
3.18302
3.15846
3.14903
3.14732
3.16185
3.19581
3.20814
3.19809
3.17553
3.14546
3.10362
3.05019
3.00059
2.97217
2.96048
2.96037
2.96782
2.9946
3.03555
3.05331
3.04909
3.02745
2.98488
2.92535
2.88518
2.86204
2.84032
2.82052
2.81238
2.80769
2.81185
2.83095
2.83788
2.82752
2.80669
2.77049
2.72539
2.69929
2.69094
2.68978
2.6991
2.70368
2.69036
2.66617
2.62458
2.5705
2.5423
2.5323
2.53415
2.55721
2.59796
2.61716
2.61321
2.59659
2.56882
2.51316
2.4385
2.39866
2.38129
2.37311
2.37559
2.38744
2.42184
2.46341
2.47157
2.46308
2.44699
2.41866
2.34779
2.40564
1
1
1
1
1
1
1
1
1
1
1
1
1
1
1
1
1
1
1
1
1
1
1
1
1
1
1
1
1
1
1
1
1
1
1
1
1
1
1
1
1
1
1
1
1
1
1
1
1
1
1
1
1
1
1
1
1
1
1
1
1
1
1
1
1
1
1
1
1
1
1
1
1
1
1
1
1
1
1.00002
1.00078
1.01938
1.24686
2.38298
3.63575
4.04321
4.27698
4.31574
4.26002
4.25934
4.27856
4.2328
4.19489
4.1801
4.19626
4.17424
4.13152
4.12011
4.12237
4.09697
4.06143
4.04998
4.03745
4.00377
3.96977
3.94145
3.91347
3.89628
3.87897
3.8658
3.86417
3.87137
3.8987
3.95585
4.04331
4.1357
4.17467
4.17903
4.16297
4.12041
4.08154
4.06057
4.05197
4.06191
4.06598
4.05685
4.04307
4.01907
3.98626
3.93785
3.85999
3.79263
3.76316
3.75183
3.74686
3.75286
3.76251
3.7544
3.73828
3.70911
3.66088
3.60085
3.56761
3.55297
3.5472
3.54715
3.55352
3.55072
3.53853
3.51415
3.47165
3.42183
3.39303
3.38491
3.38607
3.3957
3.38865
3.3659
3.32721
3.26398
3.21224
3.18867
3.18044
3.17985
3.19969
3.23417
3.241
3.22747
3.19859
3.15772
3.10872
3.06247
3.0254
2.99918
2.98763
2.98729
2.99515
3.0248
3.06563
3.08111
3.07693
3.0538
3.0057
2.9415
2.90615
2.88726
2.86831
2.85057
2.84359
2.84018
2.84705
2.86598
2.86918
2.85679
2.83345
2.79469
2.75203
2.72842
2.72109
2.71989
2.72838
2.73291
2.71957
2.69365
2.64972
2.59837
2.57316
2.56599
2.56998
2.59619
2.63117
2.63992
2.63246
2.61561
2.58809
2.53315
2.46155
2.42359
2.4081
2.4033
2.40624
2.42321
2.46527
2.49554
2.49595
2.48444
2.47302
2.42013
2.42661
2.67129
3.45472
1
1
1
1
1
1
1
1
1
1
1
1
1
1
1
1
1
1
1
1
1
1
1
1
1
1
1
1
1
1
1
1
1
1
1
1
1
1
1
1
1
1
1
1
1
1
1
1
1
1
1
1
1
1
1
1
1
1
1
1
1
1
1
1
1
1
1
1
1
1
1
1
1
1
1
1
1
1
1
1
1.00025
1.01115
1.20583
2.21144
3.29408
3.98042
4.28344
4.33238
4.28836
4.23445
4.21624
4.21081
4.23428
4.20285
4.14579
4.13414
4.1394
4.12056
4.08096
4.06163
4.05904
4.03325
3.99693
3.9723
3.94806
3.92095
3.90641
3.88742
3.8697
3.86437
3.86715
3.88817
3.92996
3.9927
4.07486
4.12192
4.13026
4.10979
4.09027
4.08256
4.08296
4.10486
4.10844
4.09398
4.07637
4.05128
4.01815
3.96712
3.88764
3.82534
3.79783
3.78793
3.7844
3.79208
3.79852
3.7889
3.77013
3.7387
3.68837
3.62963
3.59809
3.58493
3.57982
3.58146
3.58833
3.58335
3.57078
3.54591
3.50173
3.45172
3.42318
3.41432
3.4144
3.42319
3.41632
3.39379
3.35639
3.295
3.2436
3.21963
3.21232
3.21435
3.24076
3.27644
3.2799
3.26236
3.22497
3.17033
3.11715
3.0812
3.05282
3.02686
3.0157
3.01497
3.02311
3.05497
3.09482
3.10738
3.10285
3.08011
3.02884
2.95897
2.92532
2.9094
2.89376
2.87999
2.87448
2.87321
2.88518
2.90304
2.90185
2.88702
2.85994
2.81849
2.77842
2.75734
2.75126
2.75002
2.7577
2.76107
2.74832
2.72241
2.67755
2.62854
2.60524
2.60024
2.60558
2.63378
2.6602
2.66114
2.65178
2.63435
2.60548
2.55233
2.48747
2.45134
2.43816
2.43506
2.4392
2.46391
2.50571
2.525
2.51823
2.50956
2.47829
2.46097
2.60626
3.19414
4.28773
5.22272
1
1
1
1
1
1
1
1
1
1
1
1
1
1
1
1
1
1
1
1
1
1
1
1
1
1
1
1
1
1
1
1
1
1
1
1
1
1
1
1
1
1
1
1
1
1
1
1
1
1
1
1
1
1
1
1
1
1
1
1
1
1
1
1
1
1
1
1
1
1
1
1
1
1
1
1
1
1
1
1
1
1.00013
1.00863
1.17346
1.83514
2.80522
3.98747
4.33318
4.25062
4.21314
4.23264
4.27352
4.24175
4.15669
4.14324
4.15224
4.14313
4.09977
4.07144
4.07137
4.05871
4.02292
3.99714
3.98152
3.95916
3.9347
3.92237
3.90102
3.88276
3.87702
3.87647
3.88937
3.91222
3.94184
3.98741
4.03822
4.0649
4.07576
4.08496
4.09762
4.12706
4.13943
4.12578
4.1067
4.08226
4.05006
3.99835
3.91905
3.85945
3.83377
3.82564
3.82427
3.83326
3.83498
3.82304
3.80138
3.76765
3.71491
3.6592
3.62904
3.61694
3.61242
3.61655
3.62673
3.62133
3.60826
3.58134
3.53399
3.48212
3.45378
3.44462
3.44351
3.44896
3.44033
3.41832
3.3826
3.3249
3.27599
3.25096
3.24384
3.24882
3.28275
3.3216
3.32273
3.3017
3.25722
3.19011
3.13423
3.10509
3.08098
3.05655
3.04555
3.04419
3.05335
3.08735
3.12291
3.13167
3.1258
3.10279
3.05012
2.97696
2.94193
2.92784
2.9162
2.90793
2.90444
2.90831
2.9269
2.94147
2.93646
2.91805
2.8863
2.84166
2.80432
2.78571
2.78061
2.78006
2.78698
2.78834
2.77602
2.75117
2.70771
2.66078
2.63884
2.63492
2.64197
2.66963
2.68639
2.68252
2.67096
2.65231
2.62141
2.57067
2.51448
2.48177
2.4699
2.46818
2.47504
2.50623
2.54441
2.55173
2.54341
2.53102
2.5021
2.57747
2.98251
3.98638
5.01338
5.73763
6.24383
1
1
1
1
1
1
1
1
1
1
1
1
1
1
1
1
1
1
1
1
1
1
1
1
1
1
1
1
1
1
1
1
1
1
1
1
1
1
1
1
1
1
1
1
1
1
1
1
1
1
1
1
1
1
1
1
1
1
1
1
1
1
1
1
1
1
1
1
1
1
1
1
1
1
1
1
1
1
1
1
1
1
1.0001
1.00543
1.07494
1.42827
2.59704
3.99048
4.09502
4.16853
4.26345
4.29612
4.19179
4.1453
4.15886
4.16851
4.12318
4.08984
4.08144
4.08431
4.05332
4.02427
4.0136
4.00197
3.976
3.95872
3.94608
3.91874
3.90354
3.89549
3.88903
3.89258
3.89389
3.90163
3.92672
3.97332
4.02376
4.0615
4.09102
4.12306
4.14909
4.14557
4.13115
4.10945
4.07971
4.02914
3.95259
3.89699
3.87184
3.86466
3.86546
3.87266
3.86933
3.85494
3.83051
3.79505
3.74107
3.6896
3.66168
3.65063
3.64668
3.65324
3.66683
3.66247
3.64898
3.61991
3.56919
3.51369
3.48564
3.47655
3.4745
3.4758
3.46474
3.44207
3.40651
3.35316
3.30787
3.28216
3.27497
3.28331
3.3232
3.3658
3.36614
3.34259
3.29422
3.21692
3.15589
3.1289
3.10726
3.08657
3.07706
3.07545
3.08742
3.1232
3.15125
3.15416
3.14616
3.12203
3.06681
2.99286
2.95807
2.94459
2.93698
2.93321
2.93356
2.94681
2.97083
2.98034
2.9722
2.9498
2.91274
2.86411
2.83022
2.81401
2.8097
2.80981
2.81596
2.8151
2.80314
2.77896
2.73772
2.69429
2.67348
2.67027
2.67923
2.70363
2.71129
2.70438
2.69024
2.66833
2.63438
2.58852
2.54371
2.51377
2.50302
2.50201
2.51332
2.54895
2.58034
2.57794
2.57365
2.54076
2.56904
2.8378
3.67054
4.81502
5.62615
6.13088
6.45487
6.54195
1
1
1
1
1
1
1
1
1
1
1
1
1
1
1
1
1
1
1
1
1
1
1
1
1
1
1
1
1
1
1
1
1
1
1
1
1
1
1
1
1
1
1
1
1
1
1
1
1
1
1
1
1
1
1
1
1
1
1
1
1
1
1
1
1
1
1
1
1
1
1
1
1
1
1
1
1
1
1
1
1
1
1
1.00003
1.00119
1.02594
1.29918
2.47002
3.63916
4.0094
4.23109
4.2647
4.19635
4.18158
4.19099
4.14864
4.11455
4.09969
4.11827
4.09367
4.05771
4.04793
4.04904
4.02529
3.99775
3.9881
3.96801
3.93632
3.92102
3.90957
3.89764
3.88907
3.88266
3.88829
3.90742
3.9437
3.99599
4.04472
4.08994
4.13092
4.14729
4.14281
4.12845
4.10329
4.05517
3.98395
3.93548
3.91182
3.90485
3.90558
3.90877
3.9015
3.88457
3.85777
3.81994
3.7663
3.72022
3.69497
3.68568
3.68295
3.69296
3.70774
3.70376
3.68969
3.6585
3.6057
3.5477
3.51909
3.50994
3.50719
3.50509
3.49285
3.46842
3.43156
3.38204
3.33997
3.3137
3.30632
3.31738
3.36236
3.40664
3.406
3.3809
3.33089
3.24706
3.17987
3.15213
3.13249
3.11691
3.1097
3.10924
3.12743
3.16212
3.17981
3.17746
3.16551
3.13831
3.07919
3.00701
2.97492
2.96242
2.95772
2.95679
2.96431
2.98703
3.01445
3.01888
3.00779
2.98114
2.93891
2.88758
2.85628
2.84204
2.83869
2.83968
2.8453
2.84232
2.83051
2.80654
2.76689
2.72666
2.70783
2.70548
2.71623
2.73584
2.73642
2.72667
2.70869
2.68213
2.64577
2.60675
2.57316
2.54701
2.53716
2.53731
2.55241
2.59149
2.61071
2.60995
2.58624
2.58847
2.73804
3.34105
4.55543
5.49381
6.01309
6.3918
6.59617
6.61833
6.57554
1
1
1
1
1
1
1
1
1
1
1
1
1
1
1
1
1
1
1
1
1
1
1
1
1
1
1
1
1
1
1
1
1
1
1
1
1
1
1
1
1
1
1
1
1
1
1
1
1
1
1
1
1
1
1
1
1
1
1
1
1
1
1
1
1
1
1
1
1
1
1
1
1
1
1
1
1
1
1
1
1
1
1
1
1
1.00037
1.01499
1.24329
2.27746
3.33185
3.96554
4.22202
4.25138
4.20206
4.15452
4.13712
4.13376
4.15901
4.13723
4.09268
4.07583
4.08415
4.06604
4.03402
4.01884
4.01145
3.97912
3.95048
3.93422
3.92027
3.9015
3.88719
3.8803
3.88205
3.89688
3.92791
3.97439
4.02604
4.08097
4.12475
4.13368
4.12993
4.1123
4.06937
4.00699
3.96985
3.95084
3.94382
3.9422
3.93988
3.93037
3.91212
3.88404
3.84484
3.792
3.75123
3.72908
3.72135
3.72077
3.73443
3.74742
3.74186
3.72697
3.69474
3.63994
3.58205
3.55375
3.54424
3.54088
3.53624
3.52333
3.49816
3.46034
3.41352
3.37405
3.34751
3.3398
3.35267
3.40081
3.44278
3.44033
3.41458
3.36377
3.2745
3.20398
3.1761
3.15878
3.14792
3.14312
3.14881
3.17401
3.20312
3.20907
3.20186
3.18469
3.15275
3.08861
3.02086
2.99324
2.98206
2.97912
2.9814
2.99658
3.02828
3.05575
3.05664
3.04269
3.01189
2.96438
2.91277
2.88309
2.87062
2.8678
2.8693
2.87464
2.87073
2.85875
2.83474
2.79639
2.75879
2.7414
2.73974
2.75113
2.76586
2.76225
2.74889
2.72663
2.69417
2.65722
2.62724
2.60212
2.58021
2.57216
2.57322
2.59262
2.63008
2.64368
2.6367
2.62088
2.695
3.13361
4.18889
5.34576
5.93892
6.28457
6.55469
6.68983
6.68601
6.63531
6.50224
1
1
1
1
1
1
1
1
1
1
1
1
1
1
1
1
1
1
1
1
1
1
1
1
1
1
1
1
1
1
1
1
1
1
1
1
1
1
1
1
1
1
1
1
1
1
1
1
1
1
1
1
1
1
1
1
1
1
1
1
1
1
1
1
1
1
1
1
1
1
1
1
1
1
1
1
1
1
1
1
1
1
1
1
1
1
1.0002
1.01158
1.19857
1.90835
2.89123
3.96091
4.26287
4.17395
4.14149
4.16874
4.20218
4.19242
4.122
4.09703
4.10931
4.10089
4.06658
4.04432
4.03874
4.02162
3.98639
3.96382
3.94767
3.92986
3.90744
3.89354
3.88352
3.88355
3.89705
3.9242
3.96043
4.00609
4.06378
4.09777
4.1005
4.09389
4.06424
4.01814
3.99346
3.98353
3.97879
3.97437
3.96701
3.95593
3.93697
3.90903
3.86979
3.81965
3.78372
3.7646
3.7587
3.76084
3.77631
3.78365
3.77576
3.75925
3.7264
3.6695
3.61324
3.58731
3.57803
3.57388
3.5677
3.55422
3.52913
3.49207
3.44717
3.41039
3.38502
3.37724
3.39076
3.43909
3.47509
3.46926
3.44351
3.39227
3.29965
3.22779
3.20064
3.18636
3.17909
3.17941
3.19624
3.22545
3.24296
3.23991
3.22702
3.2046
3.16681
3.09774
3.03613
3.01258
3.00329
3.0017
3.00786
3.03086
3.0689
3.09343
3.09212
3.0759
3.04151
2.98779
2.93868
2.91202
2.90088
2.89798
2.89932
2.90349
2.9
2.88907
2.86505
2.82671
2.79064
2.77454
2.77335
2.78431
2.79414
2.7881
2.77159
2.7444
2.7061
2.67129
2.64857
2.62902
2.61224
2.60682
2.60894
2.63408
2.6628
2.67706
2.65881
2.69264
2.97834
3.82604
5.04469
5.94345
6.40741
6.6168
6.72561
6.76921
6.75702
6.71697
6.6077
6.3785
1
1
1
1
1
1
1
1
1
1
1
1
1
1
1
1
1
1
1
1
1
1
1
1
1
1
1
1
1
1
1
1
1
1
1
1
1
1
1
1
1
1
1
1
1
1
1
1
1
1
1
1
1
1
1
1
1
1
1
1
1
1
1
1
1
1
1
1
1
1
1
1
1
1
1
1
1
1
1
1
1
1
1
1
1
1
1
1.00015
1.00691
1.09119
1.49482
2.66724
3.97349
4.04322
4.11064
4.20653
4.24683
4.17326
4.11847
4.12728
4.14157
4.10359
4.07354
4.06352
4.06301
4.02997
4.00066
3.98067
3.96279
3.93935
3.91961
3.90886
3.89961
3.89616
3.90572
3.92439
3.94877
3.98247
4.02944
4.04574
4.04944
4.03913
4.01878
4.00302
4.00186
4.00366
3.99983
3.99084
3.97941
3.96023
3.93283
3.8943
3.84817
3.81664
3.80119
3.79746
3.80321
3.81742
3.81813
3.80783
3.78817
3.75307
3.69364
3.64015
3.61737
3.60909
3.60494
3.59732
3.58382
3.55956
3.52386
3.48187
3.4471
3.4249
3.41773
3.43168
3.47667
3.50316
3.49373
3.46901
3.41854
3.3258
3.25325
3.22515
3.21359
3.2098
3.21993
3.24906
3.27545
3.27879
3.27
3.25141
3.22601
3.18283
3.11024
3.05423
3.03367
3.02636
3.02605
3.03603
3.06639
3.10736
3.12628
3.12328
3.10618
3.07086
3.01104
2.9628
2.94129
2.93277
2.92939
2.93027
2.93237
2.92883
2.91962
2.89666
2.85857
2.82344
2.80817
2.80713
2.81655
2.82223
2.81448
2.79486
2.76226
2.71916
2.68768
2.66895
2.65305
2.64265
2.6389
2.64568
2.67131
2.70234
2.69762
2.71231
2.86927
3.50882
4.75609
5.8931
6.4031
6.65594
6.81139
6.86255
6.84579
6.8108
6.7631
6.63842
6.46227
6.39462
1
1
1
1
1
1
1
1
1
1
1
1
1
1
1
1
1
1
1
1
1
1
1
1
1
1
1
1
1
1
1
1
1
1
1
1
1
1
1
1
1
1
1
1
1
1
1
1
1
1
1
1
1
1
1
1
1
1
1
1
1
1
1
1
1
1
1
1
1
1
1
1
1
1
1
1
1
1
1
1
1
1
1
1
1
1
1
1
1.00004
1.00167
1.03381
1.34251
2.5286
3.6584
3.98145
4.17742
4.22996
4.17853
4.16269
4.18628
4.14631
4.10406
4.08883
4.10183
4.07812
4.04246
4.02113
4.00352
3.98011
3.95748
3.94554
3.93776
3.9209
3.91453
3.91591
3.9241
3.9365
3.95464
3.98011
3.99582
4.00325
4.00113
3.99644
4.00147
4.00871
4.01425
4.00826
3.9972
3.9801
3.95598
3.91993
3.87791
3.84931
3.8374
3.83597
3.84476
3.85527
3.85097
3.83857
3.81579
3.7782
3.71566
3.66437
3.64417
3.63664
3.63266
3.62453
3.61111
3.58816
3.55463
3.51509
3.48362
3.46595
3.4598
3.47307
3.51181
3.52932
3.51562
3.49122
3.443
3.3533
3.28167
3.25158
3.24056
3.24048
3.26149
3.30036
3.31718
3.31081
3.29527
3.27434
3.24815
3.20173
3.12823
3.07655
3.05754
3.05213
3.05305
3.06708
3.10262
3.1406
3.15295
3.14852
3.13216
3.09898
3.03718
2.98712
2.96869
2.96311
2.96175
2.96244
2.9617
2.95726
2.94899
2.92753
2.89048
2.85659
2.84232
2.84135
2.84897
2.85043
2.84109
2.81908
2.78106
2.73414
2.70533
2.68887
2.67657
2.67055
2.66896
2.68213
2.71171
2.73303
2.73774
2.82227
3.29578
4.36277
5.76672
6.34873
6.58265
6.74587
6.9027
6.97605
6.96249
6.92448
6.84056
6.68207
6.5646
6.51977
6.50028
1
1
1
1
1
1
1
1
1
1
1
1
1
1
1
1
1
1
1
1
1
1
1
1
1
1
1
1
1
1
1
1
1
1
1
1
1
1
1
1
1
1
1
1
1
1
1
1
1
1
1
1
1
1
1
1
1
1
1
1
1
1
1
1
1
1
1
1
1
1
1
1
1
1
1
1
1
1
1
1
1
1
1
1
1
1
1
1
1
1.00001
1.00055
1.01915
1.27243
2.35793
3.39047
3.94452
4.19399
4.23862
4.21746
4.16519
4.13013
4.1207
4.14096
4.12256
4.07729
4.05372
4.05102
4.03042
4.00306
3.98997
3.98565
3.9635
3.94349
3.92921
3.91757
3.91838
3.92396
3.93543
3.95041
3.96647
3.97603
3.98015
3.98964
4.00257
4.01247
4.01414
4.00656
3.99285
3.97368
3.94364
3.9091
3.88379
3.87425
3.87406
3.88237
3.88741
3.88043
3.86622
3.84208
3.80374
3.73896
3.68892
3.66995
3.66247
3.65807
3.6502
3.6376
3.61553
3.58338
3.54677
3.51862
3.50548
3.50166
3.51585
3.54628
3.5542
3.5391
3.51472
3.46704
3.38206
3.31253
3.28068
3.26932
3.27187
3.30113
3.34319
3.35092
3.33753
3.31722
3.29593
3.26967
3.22295
3.15167
3.10297
3.08449
3.08056
3.08264
3.10044
3.13801
3.16867
3.1746
3.16961
3.15514
3.12494
3.06458
3.01277
2.99488
2.99072
2.99256
2.9961
2.99185
2.9863
2.97786
2.9573
2.9209
2.88797
2.87532
2.87465
2.88012
2.87849
2.86749
2.84365
2.80154
2.75162
2.72421
2.70923
2.70121
2.69683
2.70048
2.71717
2.75239
2.76352
2.81468
3.15223
4.0769
5.44529
6.27036
6.71205
6.9124
7.00647
7.07903
7.12494
7.10293
7.04444
6.96844
6.83893
6.70786
6.65475
6.6439
6.67004
1
1
1
1
1
1
1
1
1
1
1
1
1
1
1
1
1
1
1
1
1
1
1
1
1
1
1
1
1
1
1
1
1
1
1
1
1
1
1
1
1
1
1
1
1
1
1
1
1
1
1
1
1
1
1
1
1
1
1
1
1
1
1
1
1
1
1
1
1
1
1
1
1
1
1
1
1
1
1
1
1
1
1
1
1
1
1
1
1
1
1
1.00029
1.01432
1.23128
2.01222
2.95048
3.93085
4.26033
4.2001
4.13616
4.1545
4.1816
4.17952
4.11388
4.07335
4.08112
4.07849
4.04711
4.02964
4.02535
4.01202
3.97632
3.95299
3.93248
3.92103
3.91818
3.92067
3.92796
3.93776
3.94846
3.95711
3.96657
3.98248
3.99983
4.00835
4.00602
3.99701
3.98253
3.9604
3.936
3.91716
3.91035
3.91117
3.91519
3.9144
3.90592
3.88989
3.86608
3.82861
3.76396
3.71481
3.69639
3.68868
3.68338
3.67547
3.66339
3.6422
3.61128
3.57752
3.55257
3.54305
3.5411
3.55726
3.58101
3.58057
3.56377
3.53938
3.49303
3.41229
3.34539
3.31253
3.30086
3.30555
3.33925
3.37767
3.37817
3.36073
3.33894
3.31666
3.29
3.24568
3.17949
3.13269
3.1144
3.11131
3.11459
3.13476
3.16984
3.19116
3.19236
3.18776
3.17587
3.14949
3.09256
3.03888
3.02025
3.01663
3.01895
3.02882
3.02418
3.01745
3.00888
2.98884
2.95168
2.91761
2.90538
2.90509
2.90842
2.9043
2.8919
2.86778
2.82363
2.77196
2.74505
2.73205
2.72628
2.72421
2.73132
2.7601
2.78442
2.81913
3.03257
3.77073
5.18079
6.31842
6.91522
7.02264
7.12879
7.21275
7.2359
7.22565
7.20807
7.17104
7.06945
6.90179
6.79208
6.75276
6.73678
6.76355
6.81888
1
1
1
1
1
1
1
1
1
1
1
1
1
1
1
1
1
1
1
1
1
1
1
1
1
1
1
1
1
1
1
1
1
1
1
1
1
1
1
1
1
1
1
1
1
1
1
1
1
1
1
1
1
1
1
1
1
1
1
1
1
1
1
1
1
1
1
1
1
1
1
1
1
1
1
1
1
1
1
1
1
1
1
1
1
1
1
1
1
1
1
1
1.0002
1.00918
1.11346
1.54741
2.65745
3.99086
4.07224
4.10054
4.17737
4.22855
4.17187
4.10101
4.09964
4.11965
4.08501
4.05805
4.05132
4.05074
4.01186
3.97788
3.95754
3.94076
3.92789
3.92366
3.92316
3.92091
3.92611
3.93253
3.94116
3.9547
3.97251
3.98928
3.9975
3.99176
3.98208
3.97095
3.95611
3.94523
3.9431
3.94466
3.94269
3.93686
3.92693
3.91
3.88698
3.85067
3.78876
3.74217
3.72431
3.71638
3.71013
3.70127
3.68922
3.66805
3.63838
3.60795
3.58676
3.57913
3.57926
3.59672
3.61249
3.60756
3.59103
3.5648
3.51613
3.43996
3.3798
3.34684
3.3348
3.34022
3.37459
3.40806
3.40217
3.38262
3.36012
3.33637
3.30878
3.26761
3.20952
3.16523
3.14631
3.14361
3.14759
3.16842
3.19781
3.20938
3.20763
3.20402
3.19442
3.17165
3.11974
3.0651
3.04499
3.04122
3.04292
3.05735
3.05711
3.04981
3.04108
3.02359
2.986
2.94753
2.93342
2.93245
2.93303
2.92726
2.91387
2.8904
2.84648
2.79512
2.76782
2.75733
2.75243
2.75279
2.76753
2.79626
2.82716
2.95593
3.51654
4.81013
6.1416
7.06231
7.12676
7.15121
7.17639
7.26473
7.32139
7.30683
7.27106
7.21999
7.12292
6.9899
6.88739
6.83191
6.80771
6.81593
6.85905
6.86111
1
1
1
1
1
1
1
1
1
1
1
1
1
1
1
1
1
1
1
1
1
1
1
1
1
1
1
1
1
1
1
1
1
1
1
1
1
1
1
1
1
1
1
1
1
1
1
1
1
1
1
1
1
1
1
1
1
1
1
1
1
1
1
1
1
1
1
1
1
1
1
1
1
1
1
1
1
1
1
1
1
1
1
1
1
1
1
1
1
1
1
1
1
1.00007
1.00228
1.0388
1.34689
2.51707
3.66792
3.95504
4.14618
4.21536
4.16048
4.13009
4.15126
4.11922
4.07976
4.06869
4.08018
4.05047
4.01179
3.98832
3.97184
3.94854
3.93417
3.93173
3.92329
3.91763
3.91951
3.92352
3.93026
3.94482
3.96125
3.97645
3.98289
3.97916
3.97557
3.97074
3.96612
3.96637
3.96707
3.96288
3.9553
3.944
3.92662
3.90501
3.87009
3.8109
3.76831
3.75217
3.74502
3.73839
3.72846
3.71543
3.69392
3.66522
3.63763
3.62041
3.61428
3.61697
3.63301
3.64059
3.6333
3.61741
3.59036
3.53832
3.46369
3.41304
3.38406
3.37149
3.37507
3.4064
3.43522
3.42643
3.40472
3.37912
3.35372
3.32673
3.28986
3.23978
3.19839
3.17893
3.1762
3.18027
3.19972
3.22213
3.22655
3.22321
3.21925
3.21103
3.19113
3.14403
3.09041
3.0688
3.06484
3.06603
3.08256
3.08863
3.08177
3.07418
3.06018
3.02549
2.9806
2.96133
2.95791
2.95494
2.94772
2.93405
2.91176
2.87061
2.82058
2.79357
2.7834
2.78018
2.78277
2.80571
2.83263
2.90983
3.29773
4.42775
5.91221
7.08455
7.32708
7.20476
7.18051
7.25135
7.36861
7.44503
7.42253
7.36375
7.28431
7.16613
7.05561
6.98934
6.95269
6.92916
6.92187
6.92175
6.89913
6.86505
1
1
1
1
1
1
1
1
1
1
1
1
1
1
1
1
1
1
1
1
1
1
1
1
1
1
1
1
1
1
1
1
1
1
1
1
1
1
1
1
1
1
1
1
1
1
1
1
1
1
1
1
1
1
1
1
1
1
1
1
1
1
1
1
1
1
1
1
1
1
1
1
1
1
1
1
1
1
1
1
1
1
1
1
1
1
1
1
1
1
1
1
1
1
1.00001
1.0006
1.01932
1.25953
2.3136
3.36403
3.9046
4.16276
4.19527
4.17469
4.12827
4.09688
4.09128
4.10511
4.08694
4.04037
4.01257
4.01082
3.99081
3.96094
3.94835
3.93745
3.91841
3.91786
3.924
3.92844
3.93226
3.94084
3.95139
3.96383
3.96934
3.97398
3.98209
3.98598
3.98646
3.9829
3.97553
3.96694
3.9549
3.93865
3.9199
3.88756
3.83194
3.79279
3.77808
3.77175
3.76538
3.75518
3.74123
3.72034
3.69254
3.66699
3.65338
3.64876
3.65339
3.66581
3.66561
3.65714
3.64109
3.61325
3.55777
3.48542
3.44357
3.41994
3.40915
3.41185
3.4387
3.45849
3.44737
3.42689
3.39756
3.36924
3.34435
3.31488
3.27382
3.23332
3.21271
3.20927
3.21181
3.22791
3.24378
3.24414
3.24036
3.23606
3.22806
3.20937
3.16621
3.11373
3.09076
3.0868
3.0881
3.10584
3.11929
3.11322
3.10589
3.09521
3.0681
3.01842
2.98773
2.98125
2.97509
2.96667
2.95364
2.93279
2.89547
2.84917
2.821
2.81192
2.80807
2.81672
2.84148
2.89122
3.14663
4.02975
5.54979
6.99401
7.56052
7.4401
7.34277
7.31378
7.36328
7.51598
7.57793
7.54763
7.4816
7.38544
7.2562
7.13892
7.07754
7.05248
7.03545
7.02212
6.99679
6.95277
6.90355
6.85086
1
1
1
1
1
1
1
1
1
1
1
1
1
1
1
1
1
1
1
1
1
1
1
1
1
1
1
1
1
1
1
1
1
1
1
1
1
1
1
1
1
1
1
1
1
1
1
1
1
1
1
1
1
1
1
1
1
1
1
1
1
1
1
1
1
1
1
1
1
1
1
1
1
1
1
1
1
1
1
1
1
1
1
1
1
1
1
1
1
1
1
1
1
1
1
1
1.00027
1.01279
1.21256
1.98917
2.92178
3.85661
4.20679
4.14796
4.09936
4.12415
4.14482
4.14233
4.07236
4.02451
4.02678
4.02526
3.99855
3.98053
3.97313
3.94474
3.92162
3.91251
3.91464
3.92709
3.93633
3.94344
3.9517
3.95832
3.96643
3.97958
3.99212
3.99643
3.99603
3.99092
3.98103
3.96569
3.94754
3.92973
3.90033
3.8505
3.81567
3.80271
3.79728
3.79133
3.78087
3.76637
3.74643
3.72034
3.69715
3.68667
3.68368
3.68959
3.69648
3.69064
3.67978
3.66156
3.63192
3.57379
3.50606
3.47077
3.45178
3.44331
3.44699
3.47286
3.48685
3.46853
3.44206
3.41458
3.38964
3.36724
3.34254
3.31003
3.27134
3.24793
3.24345
3.24381
3.25412
3.26408
3.26272
3.25881
3.25422
3.24632
3.22834
3.18791
3.13608
3.11225
3.10763
3.10895
3.12654
3.14854
3.14527
3.13748
3.12796
3.10631
3.06119
3.01575
3.00142
2.99333
2.98447
2.97279
2.95454
2.92171
2.87956
2.85112
2.84114
2.83927
2.85076
2.88696
3.05109
3.71243
5.14415
6.67601
7.68498
7.80117
7.55782
7.45189
7.45201
7.57043
7.70415
7.70299
7.65285
7.57014
7.45439
7.33494
7.23362
7.17407
7.14249
7.11032
7.07154
7.03406
6.99233
6.94354
6.89108
6.83808
1
1
1
1
1
1
1
1
1
1
1
1
1
1
1
1
1
1
1
1
1
1
1
1
1
1
1
1
1
1
1
1
1
1
1
1
1
1
1
1
1
1
1
1
1
1
1
1
1
1
1
1
1
1
1
1
1
1
1
1
1
1
1
1
1
1
1
1
1
1
1
1
1
1
1
1
1
1
1
1
1
1
1
1
1
1
1
1
1
1
1
1
1
1
1
1
1
1.00017
1.00825
1.11045
1.53402
2.57549
3.89896
4.03136
4.05208
4.12493
4.18543
4.14393
4.05585
4.03807
4.05274
4.02437
3.99867
3.99129
3.98518
3.95567
3.93737
3.92836
3.92625
3.92973
3.93231
3.93922
3.95109
3.96603
3.98021
3.98943
3.99481
3.99655
3.9953
3.99033
3.97831
3.95998
3.93952
3.90968
3.86504
3.83578
3.8244
3.82
3.81572
3.80606
3.79215
3.77403
3.75047
3.72948
3.72202
3.7214
3.72684
3.72733
3.71762
3.70243
3.68031
3.64708
3.58697
3.52563
3.49657
3.48127
3.47448
3.47839
3.50342
3.51911
3.50341
3.46507
3.42275
3.40628
3.39222
3.37095
3.34355
3.30958
3.28325
3.27678
3.27564
3.28124
3.28475
3.28168
3.27808
3.27362
3.26586
3.24842
3.21066
3.15864
3.13326
3.12827
3.13019
3.14651
3.1741
3.17631
3.16923
3.15985
3.14112
3.10083
3.04581
3.02041
3.01092
3.0013
2.99092
2.97544
2.94954
2.91189
2.8822
2.87248
2.87327
2.89074
2.99265
3.47887
4.74928
6.35218
7.63574
8.02443
7.95098
7.68438
7.57535
7.58058
7.72273
7.85366
7.82135
7.74502
7.62497
7.48373
7.38686
7.32111
7.27435
7.23486
7.18951
7.13173
7.06879
7.0198
6.97519
6.92857
6.88052
6.83322
1
1
1
1
1
1
1
1
1
1
1
1
1
1
1
1
1
1
1
1
1
1
1
1
1
1
1
1
1
1
1
1
1
1
1
1
1
1
1
1
1
1
1
1
1
1
1
1
1
1
1
1
1
1
1
1
1
1
1
1
1
1
1
1
1
1
1
1
1
1
1
1
1
1
1
1
1
1
1
1
1
1
1
1
1
1
1
1
1
1
1
1
1
1
1
1
1
1
1.00006
1.00223
1.03677
1.31748
2.4168
3.60224
3.90092
4.09466
4.16942
4.1278
4.08657
4.09653
4.06987
4.02982
4.01405
4.01886
3.99063
3.96744
3.96726
3.97231
3.96155
3.95378
3.95043
3.95294
3.9682
3.98202
3.99119
3.99291
3.99222
3.99186
3.99043
3.98307
3.97035
3.9524
3.92321
3.88319
3.85676
3.84573
3.84054
3.83676
3.82913
3.81733
3.80221
3.78294
3.76602
3.76109
3.76227
3.76481
3.75911
3.74568
3.72488
3.69903
3.66126
3.59961
3.54564
3.5213
3.50972
3.50488
3.50999
3.53414
3.54885
3.53696
3.5052
3.45099
3.41512
3.40403
3.39625
3.37658
3.34575
3.31719
3.3096
3.30519
3.30733
3.30815
3.3023
3.29773
3.29294
3.28544
3.26935
3.2348
3.18232
3.1545
3.14897
3.15081
3.16633
3.19732
3.20509
3.1986
3.19056
3.17462
3.13919
3.0794
3.04005
3.02854
3.01941
3.00881
2.99581
2.97536
2.94466
2.91448
2.90639
2.91109
2.96569
3.31283
4.38157
6.01092
7.41747
8.19608
8.25147
8.05215
7.79895
7.72777
7.74569
7.87841
7.95545
7.91175
7.82957
7.67927
7.52245
7.44438
7.40454
7.38023
7.34646
7.29457
7.2042
7.10661
7.04957
7.01131
6.9748
6.93656
6.89526
6.85242
1
1
1
1
1
1
1
1
1
1
1
1
1
1
1
1
1
1
1
1
1
1
1
1
1
1
1
1
1
1
1
1
1
1
1
1
1
1
1
1
1
1
1
1
1
1
1
1
1
1
1
1
1
1
1
1
1
1
1
1
1
1
1
1
1
1
1
1
1
1
1
1
1
1
1
1
1
1
1
1
1
1
1
1
1
1
1
1
1
1
1
1
1
1
1
1
1
1
1
1.00001
1.00054
1.01689
1.23078
2.22269
3.2962
3.84819
4.11363
4.14436
4.1016
4.07719
4.0844
4.08908
4.09821
4.05633
4.00602
3.99005
3.98713
3.97741
3.97092
3.97115
3.97457
3.9845
3.99112
3.99537
3.99426
3.98755
3.98021
3.97804
3.97552
3.96805
3.9575
3.93798
3.90507
3.87659
3.86574
3.86149
3.85692
3.85297
3.84451
3.83217
3.81673
3.80474
3.80199
3.80266
3.79962
3.78978
3.77305
3.74823
3.71925
3.67787
3.61564
3.56763
3.54626
3.53767
3.53464
3.54244
3.56662
3.57779
3.56695
3.54082
3.49035
3.4406
3.41944
3.40862
3.4012
3.38325
3.35535
3.34295
3.33504
3.33043
3.33075
3.32449
3.31832
3.31259
3.30504
3.29095
3.26057
3.20845
3.17636
3.16955
3.17106
3.18456
3.21618
3.23193
3.22693
3.21809
3.20438
3.17508
3.1184
3.06416
3.04636
3.03863
3.02933
3.01704
3.00009
2.9743
2.94816
2.94402
2.96952
3.20055
4.06153
5.66774
7.14291
8.19482
8.43036
8.39182
8.14933
7.92424
7.86936
7.90931
8.04256
8.06184
7.99371
7.88802
7.72626
7.58703
7.52162
7.49388
7.48855
7.46021
7.40294
7.28874
7.16144
7.08198
7.04147
7.01435
7.00251
6.97492
6.9362
6.89084
1
1
1
1
1
1
1
1
1
1
1
1
1
1
1
1
1
1
1
1
1
1
1
1
1
1
1
1
1
1
1
1
1
1
1
1
1
1
1
1
1
1
1
1
1
1
1
1
1
1
1
1
1
1
1
1
1
1
1
1
1
1
1
1
1
1
1
1
1
1
1
1
1
1
1
1
1
1
1
1
1
1
1
1
1
1
1
1
1
1
1
1
1
1
1
1
1
1
1
1
1
1.00023
1.01088
1.18551
1.91534
2.84663
3.80296
4.15786
4.10068
4.03821
4.05617
4.09128
4.11169
4.05738
4.0326
4.043
4.03334
4.00543
3.99438
3.9893
3.99081
3.99202
3.99454
3.99969
3.99717
3.98038
3.96679
3.95993
3.95353
3.94727
3.93828
3.92326
3.89904
3.88119
3.87664
3.87176
3.86749
3.86859
3.86424
3.8546
3.84586
3.84268
3.83789
3.82941
3.81685
3.79843
3.77225
3.74213
3.69868
3.63756
3.59382
3.57368
3.56692
3.56468
3.57525
3.59892
3.60501
3.59374
3.57179
3.52723
3.46871
3.44043
3.42674
3.41681
3.40968
3.3984
3.38711
3.37545
3.35609
3.34674
3.34367
3.34022
3.33295
3.32474
3.31314
3.28801
3.23831
3.19929
3.18989
3.19071
3.20212
3.23223
3.25312
3.25154
3.24525
3.23271
3.20607
3.1554
3.0939
3.06745
3.05919
3.05066
3.04056
3.02482
3.0019
2.98418
2.99318
3.13388
3.81089
5.32723
6.92321
8.01542
8.56943
8.6055
8.49018
8.23066
8.06001
8.01182
8.06326
8.17273
8.15863
8.0801
7.94392
7.76963
7.65745
7.60838
7.59823
7.60152
7.5695
7.49772
7.36539
7.2185
7.13231
7.0886
7.06554
7.07063
7.05666
7.02126
6.9734
6.89477
1
1
1
1
1
1
1
1
1
1
1
1
1
1
1
1
1
1
1
1
1
1
1
1
1
1
1
1
1
1
1
1
1
1
1
1
1
1
1
1
1
1
1
1
1
1
1
1
1
1
1
1
1
1
1
1
1
1
1
1
1
1
1
1
1
1
1
1
1
1
1
1
1
1
1
1
1
1
1
1
1
1
1
1
1
1
1
1
1
1
1
1
1
1
1
1
1
1
1
1
1
1
1.00014
1.00674
1.09827
1.48722
2.49315
3.79411
3.99001
4.01635
4.10127
4.13521
4.09658
4.04167
4.02544
4.04715
4.054
4.04895
4.04848
4.02708
3.99571
3.97808
3.97697
3.99079
3.99494
3.98985
3.97557
3.9563
3.94154
3.93016
3.92104
3.91243
3.90051
3.895
3.88906
3.88182
3.88322
3.88908
3.88787
3.88545
3.88122
3.87096
3.85687
3.84178
3.82259
3.79662
3.76673
3.72427
3.666
3.6238
3.60443
3.59843
3.59694
3.60957
3.63023
3.63083
3.6191
3.59844
3.55896
3.4978
3.46203
3.44665
3.43659
3.4307
3.43142
3.43051
3.42104
3.39115
3.36505
3.35583
3.3541
3.35573
3.34742
3.33579
3.31566
3.27243
3.22522
3.21036
3.21014
3.21846
3.246
3.27162
3.27281
3.26836
3.2603
3.23802
3.18842
3.12541
3.0907
3.07933
3.07254
3.06323
3.04994
3.03219
3.02975
3.10525
3.61958
4.96381
6.71669
7.85277
8.5735
8.767
8.73331
8.56825
8.31244
8.17646
8.14339
8.208
8.27834
8.23577
8.14661
7.99659
7.82754
7.73093
7.68901
7.69598
7.70464
7.66459
7.57341
7.42312
7.26683
7.1841
7.14035
7.12204
7.14131
7.13572
7.0994
7.04287
6.95605
6.87849
1
1
1
1
1
1
1
1
1
1
1
1
1
1
1
1
1
1
1
1
1
1
1
1
1
1
1
1
1
1
1
1
1
1
1
1
1
1
1
1
1
1
1
1
1
1
1
1
1
1
1
1
1
1
1
1
1
1
1
1
1
1
1
1
1
1
1
1
1
1
1
1
1
1
1
1
1
1
1
1
1
1
1
1
1
1
1
1
1
1
1
1
1
1
1
1
1
1
1
1
1
1
1
1.00005
1.00191
1.0316
1.28408
2.31184
3.49418
3.81755
4.02056
4.15937
4.14449
4.07905
4.05073
4.03172
4.02808
4.03788
4.06041
4.03732
4.01304
3.99047
3.97241
3.97679
3.98079
3.9856
3.97296
3.95625
3.94161
3.92788
3.91806
3.91282
3.90881
3.90672
3.90455
3.90277
3.90644
3.90809
3.9095
3.90657
3.89622
3.88268
3.86676
3.84697
3.82109
3.79173
3.7519
3.69829
3.6581
3.63898
3.63352
3.63278
3.64583
3.66064
3.65684
3.64421
3.62336
3.58552
3.52624
3.48613
3.46877
3.45943
3.45422
3.46173
3.47077
3.4638
3.43312
3.38992
3.37161
3.36435
3.36726
3.37189
3.36258
3.34561
3.30922
3.25558
3.23103
3.22919
3.23325
3.25628
3.28736
3.29407
3.29096
3.28542
3.26933
3.22669
3.15201
3.11666
3.10254
3.09391
3.0848
3.07572
3.072
3.11377
3.47744
4.61465
6.48208
7.75295
8.47161
8.85428
8.90458
8.84226
8.64599
8.39917
8.27774
8.24979
8.31545
8.36486
8.30313
8.1934
8.03316
7.88701
7.80962
7.77685
7.79671
7.79634
7.74538
7.64046
7.47243
7.31298
7.23499
7.19621
7.18943
7.22327
7.22038
7.18017
7.1126
7.01725
6.93383
6.89361
1
1
1
1
1
1
1
1
1
1
1
1
1
1
1
1
1
1
1
1
1
1
1
1
1
1
1
1
1
1
1
1
1
1
1
1
1
1
1
1
1
1
1
1
1
1
1
1
1
1
1
1
1
1
1
1
1
1
1
1
1
1
1
1
1
1
1
1
1
1
1
1
1
1
1
1
1
1
1
1
1
1
1
1
1
1
1
1
1
1
1
1
1
1
1
1
1
1
1
1
1
1
1
1
1.00001
1.00045
1.01386
1.19796
2.10469
3.14072
3.74753
4.08757
4.15949
4.16427
4.12456
4.06539
4.03686
4.03124
4.04098
4.02746
4.02022
4.00973
3.98286
3.97907
3.98103
3.98258
3.96793
3.95723
3.94553
3.93348
3.92891
3.92685
3.92417
3.92734
3.92978
3.92694
3.92261
3.91794
3.91832
3.91224
3.90187
3.88854
3.87001
3.84472
3.81626
3.7795
3.73174
3.6946
3.67688
3.67219
3.6721
3.68391
3.69072
3.68347
3.66894
3.64681
3.60971
3.55411
3.51346
3.49448
3.48581
3.48168
3.49361
3.50906
3.50429
3.47533
3.42411
3.39071
3.38009
3.37666
3.38658
3.38981
3.37746
3.34794
3.29227
3.25321
3.24795
3.24826
3.26304
3.29734
3.31513
3.31426
3.31096
3.29964
3.26367
3.1892
3.13756
3.12577
3.11811
3.10991
3.10739
3.1347
3.36934
4.34299
6.13234
7.75305
8.41085
8.78618
9.01639
9.01407
8.92078
8.72096
8.49205
8.37883
8.34901
8.40203
8.42556
8.34809
8.2272
8.06328
7.94133
7.88171
7.86591
7.9019
7.89119
7.82548
7.70285
7.518
7.36444
7.296
7.26314
7.26868
7.31387
7.3071
7.26115
7.18096
7.07925
6.99499
6.9543
6.92344
1
1
1
1
1
1
1
1
1
1
1
1
1
1
1
1
1
1
1
1
1
1
1
1
1
1
1
1
1
1
1
1
1
1
1
1
1
1
1
1
1
1
1
1
1
1
1
1
1
1
1
1
1
1
1
1
1
1
1
1
1
1
1
1
1
1
1
1
1
1
1
1
1
1
1
1
1
1
1
1
1
1
1
1
1
1
1
1
1
1
1
1
1
1
1
1
1
1
1
1
1
1
1
1
1
1
1.00017
1.00809
1.15184
1.77195
2.70906
3.72893
4.03928
4.02206
4.06069
4.06959
4.07193
4.08936
4.06226
4.0332
4.02152
4.004
3.98429
3.98185
3.98649
3.9831
3.9741
3.96827
3.95753
3.95015
3.95116
3.94848
3.94954
3.95422
3.94891
3.94164
3.92797
3.92065
3.91936
3.91295
3.90327
3.88822
3.86557
3.83866
3.80502
3.76379
3.73165
3.71665
3.71297
3.7144
3.72311
3.7213
3.71029
3.69278
3.66938
3.63252
3.5824
3.54491
3.5257
3.51734
3.51518
3.52955
3.54465
3.53899
3.51188
3.46061
3.41445
3.3978
3.39156
3.39806
3.41263
3.40889
3.38739
3.33641
3.28106
3.26597
3.26437
3.27033
3.30028
3.3329
3.33835
3.33653
3.32865
3.29819
3.22802
3.16462
3.14685
3.14141
3.13951
3.15506
3.31122
4.09574
5.71125
7.70645
8.47819
8.779
8.99483
9.1357
9.10214
8.98195
8.77826
8.57859
8.47655
8.44955
8.4896
8.4727
8.38141
8.24759
8.09301
7.99134
7.94002
7.94204
7.99468
7.98027
7.90391
7.76459
7.56883
7.42587
7.36422
7.33742
7.35769
7.40581
7.38852
7.33523
7.24545
7.13906
7.05627
7.01593
6.98524
6.94755
1
1
1
1
1
1
1
1
1
1
1
1
1
1
1
1
1
1
1
1
1
1
1
1
1
1
1
1
1
1
1
1
1
1
1
1
1
1
1
1
1
1
1
1
1
1
1
1
1
1
1
1
1
1
1
1
1
1
1
1
1
1
1
1
1
1
1
1
1
1
1
1
1
1
1
1
1
1
1
1
1
1
1
1
1
1
1
1
1
1
1
1
1
1
1
1
1
1
1
1
1
1
1
1
1
1
1
1.00008
1.00493
1.0721
1.39465
2.32605
3.56936
4.02706
3.98471
3.99077
4.0153
4.06397
4.06965
4.06075
4.05158
4.01712
3.99425
3.98881
3.98638
3.98584
3.98236
3.98352
3.98087
3.9791
3.97689
3.97301
3.97638
3.96793
3.9601
3.94808
3.93017
3.91985
3.91645
3.91076
3.89957
3.88168
3.85863
3.82808
3.79188
3.7654
3.75434
3.75226
3.75615
3.76191
3.75328
3.73747
3.71613
3.69033
3.6538
3.61098
3.57841
3.56135
3.55421
3.55585
3.57091
3.57972
3.56998
3.54432
3.49467
3.43998
3.41614
3.40915
3.41216
3.43087
3.43924
3.42544
3.38375
3.31673
3.28483
3.28106
3.28159
3.30119
3.34342
3.36301
3.36312
3.35754
3.33018
3.2628
3.19357
3.16899
3.16646
3.1723
3.27091
3.83829
5.38489
7.42358
8.70449
8.90939
8.99689
9.13785
9.24898
9.19275
9.05103
8.8372
8.65549
8.56332
8.54195
8.57506
8.53397
8.42817
8.27206
8.12796
8.03858
7.99387
8.00962
8.06993
8.05096
7.96805
7.82031
7.62583
7.49623
7.44115
7.4215
7.4568
7.49623
7.46734
7.40607
7.30573
7.19405
7.11366
7.07279
7.04206
7.00528
6.96168
1
1
1
1
1
1
1
1
1
1
1
1
1
1
1
1
1
1
1
1
1
1
1
1
1
1
1
1
1
1
1
1
1
1
1
1
1
1
1
1
1
1
1
1
1
1
1
1
1
1
1
1
1
1
1
1
1
1
1
1
1
1
1
1
1
1
1
1
1
1
1
1
1
1
1
1
1
1
1
1
1
1
1
1
1
1
1
1
1
1
1
1
1
1
1
1
1
1
1
1
1
1
1
1
1
1
1
1
1.00003
1.00114
1.02256
1.21529
2.13413
3.19168
3.83948
4.0802
4.07887
4.07151
4.06933
4.05771
4.03652
4.01458
4.0027
3.99888
4.00917
4.0091
4.00642
4.01342
4.00879
4.00109
3.99447
3.99204
3.98443
3.9739
3.96424
3.95113
3.9291
3.92035
3.91613
3.90759
3.8936
3.8757
3.85112
3.81845
3.79422
3.78699
3.78644
3.79161
3.79581
3.78446
3.76452
3.7405
3.71146
3.67479
3.63916
3.61152
3.59827
3.59361
3.60079
3.61605
3.61568
3.60184
3.57544
3.52666
3.46759
3.43755
3.42873
3.42958
3.44766
3.4664
3.45996
3.42801
3.36139
3.3095
3.29893
3.29647
3.30627
3.34745
3.38551
3.39064
3.38677
3.3608
3.29671
3.21993
3.19451
3.19461
3.24395
3.63462
4.99954
6.90171
8.76054
9.22598
9.13784
9.15616
9.25815
9.34384
9.27519
9.12998
8.91563
8.73609
8.64534
8.62468
8.64955
8.59036
8.47693
8.31761
8.17484
8.09056
8.05425
8.07892
8.13642
8.10276
8.01107
7.85574
7.6745
7.56599
7.51963
7.51093
7.55955
7.58357
7.54636
7.47744
7.36937
7.25152
7.17038
7.12865
7.09667
7.06006
7.01848
6.95264
1
1
1
1
1
1
1
1
1
1
1
1
1
1
1
1
1
1
1
1
1
1
1
1
1
1
1
1
1
1
1
1
1
1
1
1
1
1
1
1
1
1
1
1
1
1
1
1
1
1
1
1
1
1
1
1
1
1
1
1
1
1
1
1
1
1
1
1
1
1
1
1
1
1
1
1
1
1
1
1
1
1
1
1
1
1
1
1
1
1
1
1
1
1
1
1
1
1
1
1
1
1
1
1
1
1
1
1
1
1
1.00032
1.00781
1.15538
1.79699
2.93635
3.63726
3.8873
4.06423
4.10671
4.10237
4.07268
4.04125
4.02821
4.02632
4.03798
4.03026
4.02397
4.02769
4.02126
4.01607
4.01164
4.00629
3.98975
3.97563
3.96317
3.94662
3.92573
3.91971
3.91361
3.90182
3.88597
3.86831
3.84372
3.82001
3.81442
3.81531
3.81895
3.82161
3.80999
3.78873
3.7645
3.73466
3.69937
3.66845
3.64508
3.63518
3.63286
3.64487
3.65678
3.65064
3.63411
3.60583
3.55681
3.49682
3.46304
3.45156
3.45132
3.467
3.49073
3.49234
3.46801
3.40953
3.3419
3.31796
3.31392
3.31743
3.35046
3.40334
3.41866
3.4159
3.3911
3.32773
3.24599
3.22134
3.23969
3.49193
4.55249
6.49749
8.65397
9.37306
9.31728
9.25376
9.2394
9.36463
9.43742
9.35817
9.21027
9.00531
8.82851
8.73861
8.71543
8.7067
8.63128
8.51823
8.36711
8.23551
8.16152
8.13011
8.16203
8.2003
8.15229
8.04988
7.88316
7.71703
7.62427
7.58602
7.59113
7.64872
7.66197
7.6191
7.5431
7.43122
7.31461
7.23713
7.19557
7.16119
7.12133
7.07509
7.00526
6.92837
1
1
1
1
1
1
1
1
1
1
1
1
1
1
1
1
1
1
1
1
1
1
1
1
1
1
1
1
1
1
1
1
1
1
1
1
1
1
1
1
1
1
1
1
1
1
1
1
1
1
1
1
1
1
1
1
1
1
1
1
1
1
1
1
1
1
1
1
1
1
1
1
1
1
1
1
1
1
1
1
1
1
1
1
1
1
1
1
1
1
1
1
1
1
1
1
1
1
1
1
1
1
1
1
1
1
1
1
1
1
1
1.00007
1.00544
1.07735
1.51638
2.46069
3.59452
3.98439
3.98132
4.00856
4.02445
4.04068
4.06647
4.07573
4.07532
4.04608
4.04043
4.03868
4.02763
4.02076
4.01773
4.00918
3.99292
3.97953
3.96933
3.95147
3.92941
3.91873
3.90703
3.89259
3.87868
3.86182
3.84285
3.83789
3.8405
3.84273
3.8424
3.83078
3.80906
3.78544
3.75716
3.72609
3.69938
3.68039
3.67315
3.67318
3.68587
3.69043
3.68057
3.66216
3.63384
3.58455
3.52623
3.49182
3.47836
3.47751
3.49108
3.51537
3.52176
3.50349
3.45542
3.38149
3.34165
3.33396
3.3336
3.35748
3.41602
3.44598
3.4439
3.42193
3.35793
3.27133
3.25662
3.37219
4.14042
6.00315
8.16778
9.50439
9.7637
9.66673
9.50183
9.42776
9.49169
9.54154
9.45256
9.29985
9.09894
8.93433
8.85063
8.81889
8.76788
8.67619
8.55127
8.41325
8.30263
8.23963
8.21873
8.26024
8.2739
8.21399
8.09821
7.91774
7.76346
7.67894
7.64552
7.65761
7.71905
7.72656
7.67436
7.59165
7.48074
7.37616
7.30841
7.27018
7.23718
7.19497
7.1418
7.06285
6.98251
6.9157
1
1
1
1
1
1
1
1
1
1
1
1
1
1
1
1
1
1
1
1
1
1
1
1
1
1
1
1
1
1
1
1
1
1
1
1
1
1
1
1
1
1
1
1
1
1
1
1
1
1
1
1
1
1
1
1
1
1
1
1
1
1
1
1
1
1
1
1
1
1
1
1
1
1
1
1
1
1
1
1
1
1
1
1
1
1
1
1
1
1
1
1
1
1
1
1
1
1
1
1
1
1
1
1
1
1
1
1
1
1
1
1
1.00005
1.00143
1.03872
1.29085
2.24581
3.19005
3.82384
4.11502
4.10282
4.03883
4.04082
4.05745
4.06506
4.0437
4.05195
4.05028
4.04074
4.03208
4.02378
4.01118
3.99553
3.98618
3.97977
3.96439
3.94257
3.92259
3.90502
3.88949
3.87576
3.86062
3.85601
3.86109
3.86287
3.8603
3.84869
3.82608
3.80328
3.77832
3.75239
3.72983
3.71658
3.71194
3.71444
3.72417
3.72074
3.70698
3.68631
3.65729
3.60848
3.55426
3.52123
3.50772
3.50612
3.51843
3.54189
3.54983
3.53579
3.49594
3.4253
3.37262
3.35689
3.35426
3.37088
3.42678
3.47129
3.47307
3.45226
3.39307
3.29857
3.32817
3.82208
5.36279
7.53506
9.2852
10.019
9.90106
9.65179
9.58924
9.55469
9.61553
9.61271
9.51438
9.37888
9.20029
9.04695
8.97387
8.92656
8.8421
8.72226
8.58395
8.46035
8.36972
8.3175
8.31465
8.36519
8.35778
8.28776
8.15848
7.97101
7.82285
7.74505
7.71387
7.73035
7.78095
7.76696
7.7043
7.6159
7.50935
7.42384
7.36997
7.33906
7.31265
7.27385
7.22145
7.13301
7.04101
6.97623
6.94465
1
1
1
1
1
1
1
1
1
1
1
1
1
1
1
1
1
1
1
1
1
1
1
1
1
1
1
1
1
1
1
1
1
1
1
1
1
1
1
1
1
1
1
1
1
1
1
1
1
1
1
1
1
1
1
1
1
1
1
1
1
1
1
1
1
1
1
1
1
1
1
1
1
1
1
1
1
1
1
1
1
1
1
1
1
1
1
1
1
1
1
1
1
1
1
1
1
1
1
1
1
1
1
1
1
1
1
1
1
1
1
1
1
1.00001
1.00068
1.01304
1.181
1.84244
2.8662
3.81732
3.88613
3.96996
4.06193
4.10645
4.09493
4.06273
4.06706
4.0655
4.04675
4.02667
4.02059
4.01534
4.00499
4.00375
3.99585
3.97098
3.93923
3.9177
3.90604
3.89608
3.88394
3.87614
3.88053
3.88208
3.87726
3.86445
3.84094
3.81709
3.79642
3.77701
3.75985
3.75258
3.75001
3.75397
3.75759
3.74799
3.73063
3.70888
3.67963
3.63203
3.58266
3.55201
3.53952
3.53728
3.54912
3.5701
3.57578
3.56415
3.53144
3.46866
3.4084
3.38295
3.37926
3.39116
3.44107
3.49509
3.50133
3.48294
3.41457
3.3476
3.57266
4.71981
6.97094
8.83928
9.98208
10.2274
10.1699
9.83572
9.58662
9.52105
9.54708
9.62837
9.57779
9.46182
9.29146
9.14626
9.0821
9.02504
8.92385
8.7855
8.63372
8.51502
8.43654
8.39398
8.41086
8.46767
8.44649
8.36724
8.22564
8.03246
7.89484
7.8286
7.80091
7.82441
7.85112
7.81583
7.73949
7.6275
7.5183
7.45051
7.40995
7.38534
7.37196
7.34478
7.29735
7.21252
7.11239
7.0404
7.00765
6.98863
1
1
1
1
1
1
1
1
1
1
1
1
1
1
1
1
1
1
1
1
1
1
1
1
1
1
1
1
1
1
1
1
1
1
1
1
1
1
1
1
1
1
1
1
1
1
1
1
1
1
1
1
1
1
1
1
1
1
1
1
1
1
1
1
1
1
1
1
1
1
1
1
1
1
1
1
1
1
1
1
1
1
1
1
1
1
1
1
1
1
1
1
1
1
1
1
1
1
1
1
1
1
1
1
1
1
1
1
1
1
1
1
1
1
1
1.00012
1.00611
1.08619
1.49987
2.48216
3.68558
3.96171
3.9637
3.98728
4.02239
4.06706
4.10802
4.11021
4.07099
4.04056
4.03641
4.0222
4.01461
4.01807
4.01049
3.97927
3.93919
3.9214
3.91495
3.90893
3.90053
3.90091
3.90271
3.89746
3.88345
3.85747
3.83206
3.81389
3.79797
3.78638
3.78497
3.78518
3.78861
3.78561
3.77211
3.75068
3.72786
3.69855
3.6562
3.61468
3.58631
3.57486
3.57229
3.58313
3.59978
3.60099
3.59021
3.5632
3.5094
3.44787
3.41393
3.40788
3.41721
3.46023
3.51935
3.52935
3.51663
3.44004
3.48863
4.18207
6.16701
8.34764
9.68403
10.353
10.3704
10.2421
9.95309
9.69882
9.59332
9.58089
9.65039
9.61236
9.52344
9.39187
9.24723
9.16273
9.08043
8.9812
8.85658
8.70925
8.58458
8.5113
8.47818
8.51208
8.56524
8.53184
8.44328
8.2918
8.10185
7.97309
7.91293
7.89115
7.92004
7.92812
7.88177
7.79667
7.6688
7.55165
7.4758
7.43576
7.41529
7.41887
7.39391
7.34025
7.26614
7.1798
7.11129
7.07867
7.05565
7.02796
1
1
1
1
1
1
1
1
1
1
1
1
1
1
1
1
1
1
1
1
1
1
1
1
1
1
1
1
1
1
1
1
1
1
1
1
1
1
1
1
1
1
1
1
1
1
1
1
1
1
1
1
1
1
1
1
1
1
1
1
1
1
1
1
1
1
1
1
1
1
1
1
1
1
1
1
1
1
1
1
1
1
1
1
1
1
1
1
1
1
1
1
1
1
1
1
1
1
1
1
1
1
1
1
1
1
1
1
1
1
1
1
1
1
1
1
1.00005
1.00163
1.03746
1.29174
2.34154
3.27928
3.76247
4.08738
4.11776
4.10547
4.08329
4.07495
4.07044
4.0717
4.05101
4.02498
4.02172
4.02186
4.00748
3.97401
3.94771
3.93914
3.93267
3.92281
3.91883
3.92149
3.91852
3.90731
3.8789
3.8474
3.82971
3.81598
3.80855
3.81166
3.8172
3.81927
3.81224
3.79523
3.76989
3.7451
3.71548
3.67913
3.64667
3.62319
3.61326
3.61115
3.62102
3.63024
3.62641
3.61477
3.59101
3.54571
3.48855
3.44942
3.44047
3.44845
3.48666
3.54462
3.55944
3.53334
3.51114
3.82803
5.2843
7.7281
9.30324
10.1826
10.5303
10.5415
10.345
10.0009
9.748
9.66106
9.62572
9.71395
9.75066
9.66315
9.51493
9.32453
9.1927
9.1059
9.0177
8.91151
8.79153
8.67191
8.60209
8.57963
8.62407
8.65848
8.61004
8.51079
8.35246
8.17183
8.05447
7.99968
7.98267
8.00746
8.00012
7.94767
7.86286
7.74149
7.61949
7.52984
7.48327
7.45331
7.43736
7.40567
7.35443
7.28561
7.21134
7.16309
7.13831
7.11879
7.08796
7.05092
1
1
1
1
1
1
1
1
1
1
1
1
1
1
1
1
1
1
1
1
1
1
1
1
1
1
1
1
1
1
1
1
1
1
1
1
1
1
1
1
1
1
1
1
1
1
1
1
1
1
1
1
1
1
1
1
1
1
1
1
1
1
1
1
1
1
1
1
1
1
1
1
1
1
1
1
1
1
1
1
1
1
1
1
1
1
1
1
1
1
1
1
1
1
1
1
1
1
1
1
1
1
1
1
1
1
1
1
1
1
1
1
1
1
1
1
1
1.00001
1.00067
1.01451
1.20605
1.96407
2.85855
3.78068
4.03002
4.00212
4.05212
4.07034
4.07977
4.0833
4.05643
4.048
4.0486
4.03008
3.99671
3.96563
3.9612
3.96204
3.95193
3.94377
3.93971
3.93542
3.92661
3.90428
3.86957
3.84752
3.83614
3.82984
3.83464
3.84331
3.84383
3.83561
3.81697
3.79104
3.76504
3.73555
3.70476
3.67808
3.65949
3.65159
3.65043
3.65817
3.6595
3.65249
3.63891
3.61582
3.57703
3.52707
3.4875
3.47722
3.48319
3.52093
3.56922
3.58684
3.56446
3.69524
4.62105
6.86348
8.90731
9.96828
10.48
10.6329
10.5609
10.4196
10.125
9.8429
9.73216
9.69778
9.7694
9.82139
9.74457
9.61336
9.41331
9.21762
9.10931
9.02585
8.94441
8.86087
8.76687
8.70928
8.70748
8.7534
8.75041
8.68344
8.56969
8.40033
8.23793
8.13612
8.08588
8.0723
8.08821
8.06658
8.00512
7.91488
7.79918
7.69614
7.62582
7.58316
7.54812
7.50474
7.44668
7.36553
7.28912
7.23251
7.19428
7.16829
7.16014
7.14312
7.10622
7.03702
1
1
1
1
1
1
1
1
1
1
1
1
1
1
1
1
1
1
1
1
1
1
1
1
1
1
1
1
1
1
1
1
1
1
1
1
1
1
1
1
1
1
1
1
1
1
1
1
1
1
1
1
1
1
1
1
1
1
1
1
1
1
1
1
1
1
1
1
1
1
1
1
1
1
1
1
1
1
1
1
1
1
1
1
1
1
1
1
1
1
1
1
1
1
1
1
1
1
1
1
1
1
1
1
1
1
1
1
1
1
1
1
1
1
1
1
1
1
1
1.00016
1.00745
1.11375
1.52167
2.4479
3.66047
4.03187
4.00949
3.99014
3.99509
4.0392
4.08647
4.10418
4.09916
4.05831
4.00888
3.98131
3.96856
3.97007
3.96997
3.9672
3.96149
3.95013
3.92873
3.89243
3.86449
3.85647
3.8529
3.85888
3.86923
3.86668
3.85655
3.83529
3.80877
3.78224
3.75616
3.73178
3.7096
3.69528
3.68932
3.68736
3.68986
3.68434
3.67492
3.65985
3.63859
3.60569
3.56377
3.52724
3.51489
3.52111
3.55102
3.59882
3.5967
3.65288
4.19361
5.90712
8.37767
9.8232
10.5341
10.7993
10.7922
10.6147
10.3937
10.1625
9.97965
9.85903
9.81276
9.87527
9.91178
9.83428
9.68832
9.46017
9.22201
9.09844
9.0219
8.95358
8.89501
8.84047
8.82257
8.85829
8.89027
8.84912
8.76079
8.62154
8.44087
8.29872
8.21122
8.16667
8.15685
8.16316
8.1261
8.05364
7.95574
7.84726
7.7604
7.70478
7.67549
7.65289
7.60808
7.53665
7.42291
7.31712
7.25232
7.21635
7.19923
7.20104
7.17859
7.13835
7.07654
6.99266
1
1
1
1
1
1
1
1
1
1
1
1
1
1
1
1
1
1
1
1
1
1
1
1
1
1
1
1
1
1
1
1
1
1
1
1
1
1
1
1
1
1
1
1
1
1
1
1
1
1
1
1
1
1
1
1
1
1
1
1
1
1
1
1
1
1
1
1
1
1
1
1
1
1
1
1
1
1
1
1
1
1
1
1
1
1
1
1
1
1
1
1
1
1
1
1
1
1
1
1
1
1
1
1
1
1
1
1
1
1
1
1
1
1
1
1
1
1
1
1
1.00006
1.00242
1.03775
1.26851
2.29008
3.31616
3.72597
4.0515
4.11875
4.0903
4.07401
4.0586
4.07189
4.07711
4.0542
4.01765
3.99343
3.98039
3.97783
3.98274
3.9746
3.95866
3.92804
3.89104
3.87879
3.8757
3.87673
3.88346
3.88116
3.87275
3.85599
3.8293
3.79843
3.77414
3.75415
3.73529
3.72806
3.72476
3.724
3.72021
3.70959
3.69514
3.6769
3.65664
3.63007
3.59743
3.56578
3.55429
3.55828
3.58825
3.61782
3.64943
3.94225
5.23695
7.67604
9.53947
10.172
10.5592
10.8106
10.8164
10.7158
10.4648
10.1719
10.0288
9.96814
9.96839
10.0397
10.0265
9.93414
9.77601
9.52425
9.2583
9.11489
9.0325
8.96575
8.91255
8.88471
8.9098
8.98634
9.01803
8.95629
8.84764
8.68264
8.48929
8.35932
8.28306
8.24344
8.23768
8.2321
8.18459
8.1023
7.99143
7.88526
7.81263
7.7706
7.74973
7.73711
7.70044
7.64219
7.54002
7.40954
7.3107
7.26335
7.23134
7.21109
7.18715
7.14871
7.09644
7.02784
6.95757
1
1
1
1
1
1
1
1
1
1
1
1
1
1
1
1
1
1
1
1
1
1
1
1
1
1
1
1
1
1
1
1
1
1
1
1
1
1
1
1
1
1
1
1
1
1
1
1
1
1
1
1
1
1
1
1
1
1
1
1
1
1
1
1
1
1
1
1
1
1
1
1
1
1
1
1
1
1
1
1
1
1
1
1
1
1
1
1
1
1
1
1
1
1
1
1
1
1
1
1
1
1
1
1
1
1
1
1
1
1
1
1
1
1
1
1
1
1
1
1
1
1.00001
1.00059
1.01195
1.19009
1.99653
2.84333
3.66534
4.07677
4.11012
4.10184
4.08911
4.08259
4.08064
4.05707
4.044
4.03237
4.01085
3.99874
3.99129
3.98037
3.96027
3.92906
3.91141
3.90655
3.90013
3.89279
3.88414
3.87746
3.86839
3.84847
3.81962
3.79558
3.7769
3.75838
3.75312
3.75346
3.7531
3.74707
3.73386
3.71587
3.69657
3.67663
3.65468
3.62921
3.60268
3.59193
3.59797
3.62236
3.65669
3.83664
4.79955
6.77002
9.25111
10.1727
10.4989
10.6863
10.9124
10.8994
10.767
10.5864
10.3235
10.117
10.0305
10.0509
10.1624
10.1488
10.0447
9.8586
9.59198
9.34266
9.18687
9.08323
9.00666
8.9495
8.93406
8.99183
9.08801
9.0779
9.00476
8.91159
8.76253
8.5706
8.43208
8.35802
8.3197
8.31156
8.29985
8.24962
8.16383
8.04389
7.93309
7.85665
7.81717
7.80191
7.80632
7.77375
7.71179
7.62057
7.51674
7.42514
7.3662
7.31884
7.2746
7.2273
7.17118
7.11198
7.05377
6.99708
6.95739
1
1
1
1
1
1
1
1
1
1
1
1
1
1
1
1
1
1
1
1
1
1
1
1
1
1
1
1
1
1
1
1
1
1
1
1
1
1
1
1
1
1
1
1
1
1
1
1
1
1
1
1
1
1
1
1
1
1
1
1
1
1
1
1
1
1
1
1
1
1
1
1
1
1
1
1
1
1
1
1
1
1
1
1
1
1
1
1
1
1
1
1
1
1
1
1
1
1
1
1
1
1
1
1
1
1
1
1
1
1
1
1
1
1
1
1
1
1
1
1
1
1
1
1.00013
1.00685
1.12114
1.55435
2.41632
3.67014
3.98432
4.05693
4.08126
4.08043
4.08176
4.08658
4.07801
4.05583
4.04284
4.02464
4.00002
3.97428
3.95273
3.94035
3.93827
3.93167
3.91897
3.89999
3.87898
3.86528
3.85049
3.82934
3.81214
3.79875
3.78318
3.77811
3.78057
3.77724
3.76849
3.75169
3.73236
3.71637
3.69983
3.68088
3.65912
3.64101
3.63477
3.63952
3.66126
3.7852
4.51799
6.27331
8.7194
10.023
10.3861
10.5461
10.673
10.9631
11.0506
10.911
10.6693
10.4293
10.273
10.2028
10.2046
10.2706
10.2404
10.1395
9.95843
9.65992
9.39815
9.26457
9.18514
9.11654
9.06531
9.04985
9.08258
9.11323
9.06928
9.00133
8.91533
8.79067
8.64506
8.52144
8.44964
8.4112
8.39493
8.36757
8.31387
8.22861
8.11955
8.00757
7.91623
7.86987
7.84728
7.8389
7.80361
7.74609
7.66828
7.57813
7.50584
7.46694
7.42576
7.36874
7.29315
7.21399
7.14709
7.08739
7.03512
7.00122
6.97797
1
1
1
1
1
1
1
1
1
1
1
1
1
1
1
1
1
1
1
1
1
1
1
1
1
1
1
1
1
1
1
1
1
1
1
1
1
1
1
1
1
1
1
1
1
1
1
1
1
1
1
1
1
1
1
1
1
1
1
1
1
1
1
1
1
1
1
1
1
1
1
1
1
1
1
1
1
1
1
1
1
1
1
1
1
1
1
1
1
1
1
1
1
1
1
1
1
1
1
1
1
1
1
1
1
1
1
1
1
1
1
1
1
1
1
1
1
1
1
1
1
1
1
1
1.00006
1.00291
1.04165
1.26497
2.25486
3.2838
3.77153
4.12244
4.15421
4.13493
4.06845
4.05386
4.07631
4.07484
4.03978
4.00429
3.97949
3.96334
3.95678
3.95603
3.95205
3.93521
3.90964
3.88087
3.85541
3.83505
3.81995
3.81195
3.80615
3.80308
3.80639
3.80235
3.78762
3.76833
3.7501
3.73408
3.7203
3.70599
3.68864
3.67971
3.67813
3.68404
3.7642
4.30073
5.90945
8.10695
9.88249
10.6119
10.7691
10.7908
10.8242
10.9212
10.9924
10.9554
10.8256
10.5924
10.3843
10.3123
10.3362
10.3952
10.3347
10.2111
10.0249
9.75116
9.48313
9.33199
9.25566
9.20893
9.21188
9.24632
9.26295
9.2137
9.11947
8.99607
8.87925
8.76343
8.65667
8.57416
8.52817
8.50352
8.4824
8.44229
8.38348
8.28761
8.18436
8.08569
8.01349
7.97038
7.93586
7.89263
7.83538
7.75526
7.6697
7.6051
7.56101
7.52792
7.50038
7.46111
7.40389
7.31182
7.216
7.14538
7.09663
7.06037
7.0253
6.98203
1
1
1
1
1
1
1
1
1
1
1
1
1
1
1
1
1
1
1
1
1
1
1
1
1
1
1
1
1
1
1
1
1
1
1
1
1
1
1
1
1
1
1
1
1
1
1
1
1
1
1
1
1
1
1
1
1
1
1
1
1
1
1
1
1
1
1
1
1
1
1
1
1
1
1
1
1
1
1
1
1
1
1
1
1
1
1
1
1
1
1
1
1
1
1
1
1
1
1
1
1
1
1
1
1
1
1
1
1
1
1
1
1
1
1
1
1
1
1
1
1
1
1
1
1
1.00001
1.00061
1.01175
1.18089
1.98027
2.83895
3.72377
4.11916
4.0709
4.08059
4.09532
4.10924
4.08218
4.03961
4.0255
4.01098
3.98369
3.97193
3.97239
3.96566
3.94135
3.91219
3.88302
3.85614
3.83669
3.8264
3.82392
3.82634
3.82954
3.82635
3.80766
3.7856
3.76872
3.75471
3.74246
3.73039
3.72311
3.71829
3.71842
3.77414
4.18053
5.56363
7.68983
9.80237
10.5619
10.5532
10.5477
10.6548
10.8537
11.0149
11.0074
10.9216
10.7976
10.6718
10.5541
10.4669
10.4594
10.4828
10.4161
10.2937
10.089
9.7999
9.56077
9.43005
9.35963
9.32203
9.34991
9.42076
9.43449
9.36398
9.23849
9.05933
8.87605
8.74412
8.65578
8.59128
8.55323
8.54114
8.54414
8.5168
8.45714
8.35608
8.24602
8.15572
8.10186
8.07242
8.05178
8.00558
7.92749
7.79637
7.67342
7.60832
7.57252
7.55638
7.55785
7.52588
7.47724
7.40814
7.32003
7.24163
7.18995
7.14929
7.10604
7.05013
6.96551
1
1
1
1
1
1
1
1
1
1
1
1
1
1
1
1
1
1
1
1
1
1
1
1
1
1
1
1
1
1
1
1
1
1
1
1
1
1
1
1
1
1
1
1
1
1
1
1
1
1
1
1
1
1
1
1
1
1
1
1
1
1
1
1
1
1
1
1
1
1
1
1
1
1
1
1
1
1
1
1
1
1
1
1
1
1
1
1
1
1
1
1
1
1
1
1
1
1
1
1
1
1
1
1
1
1
1
1
1
1
1
1
1
1
1
1
1
1
1
1
1
1
1
1
1
1
1
1.00012
1.00675
1.12245
1.52158
2.37963
3.61687
4.00418
4.06469
4.08123
4.07223
4.0577
4.04796
4.05177
4.03367
4.00588
4.00087
3.99643
3.973
3.9375
3.90409
3.87802
3.86065
3.85061
3.84967
3.85412
3.85386
3.8483
3.82834
3.80402
3.78755
3.77646
3.76719
3.75801
3.7546
3.75475
3.80134
4.12705
5.36799
7.36205
9.40277
10.5902
10.8999
10.8385
10.6092
10.5181
10.5995
10.8728
11.0377
11.0289
10.8883
10.7033
10.6102
10.571
10.6019
10.6287
10.5209
10.3703
10.1558
9.87872
9.64987
9.50395
9.43718
9.42062
9.47448
9.54785
9.55188
9.48576
9.3735
9.20099
8.98986
8.81988
8.69908
8.62093
8.57933
8.56977
8.5727
8.53895
8.48327
8.39844
8.29689
8.21761
8.17549
8.15819
8.14844
8.10962
8.04606
7.92464
7.76272
7.64627
7.5947
7.56188
7.54014
7.51695
7.48159
7.43677
7.37446
7.31799
7.28477
7.24855
7.20095
7.13496
7.04909
6.95277
1
1
1
1
1
1
1
1
1
1
1
1
1
1
1
1
1
1
1
1
1
1
1
1
1
1
1
1
1
1
1
1
1
1
1
1
1
1
1
1
1
1
1
1
1
1
1
1
1
1
1
1
1
1
1
1
1
1
1
1
1
1
1
1
1
1
1
1
1
1
1
1
1
1
1
1
1
1
1
1
1
1
1
1
1
1
1
1
1
1
1
1
1
1
1
1
1
1
1
1
1
1
1
1
1
1
1
1
1
1
1
1
1
1
1
1
1
1
1
1
1
1
1
1
1
1
1
1
1.00007
1.00289
1.03522
1.23613
2.16678
3.27221
3.81219
4.12988
4.14646
4.12059
4.09025
4.05318
4.03145
4.02342
4.02715
4.00668
3.97362
3.94388
3.91275
3.89169
3.88368
3.87917
3.87913
3.87345
3.86533
3.84764
3.82586
3.8102
3.79942
3.79325
3.79497
3.79005
3.82768
4.11668
5.21328
7.19862
9.14639
10.2223
10.7438
10.7851
10.7164
10.6629
10.6392
10.6635
10.7993
10.9812
11.0294
10.9935
10.8343
10.6903
10.6311
10.6581
10.7297
10.6346
10.4765
10.2482
9.94745
9.73295
9.61231
9.54753
9.53624
9.59616
9.658
9.63828
9.56101
9.44617
9.30604
9.13231
8.96142
8.82964
8.73759
8.67039
8.62314
8.58212
8.53554
8.47591
8.40036
8.31958
8.25916
8.22521
8.21362
8.216
8.19238
8.13952
8.04858
7.90807
7.7631
7.66982
7.61524
7.5721
7.52963
7.48236
7.43628
7.39809
7.36569
7.34061
7.317
7.28776
7.23199
7.14179
7.04381
6.95863
1
1
1
1
1
1
1
1
1
1
1
1
1
1
1
1
1
1
1
1
1
1
1
1
1
1
1
1
1
1
1
1
1
1
1
1
1
1
1
1
1
1
1
1
1
1
1
1
1
1
1
1
1
1
1
1
1
1
1
1
1
1
1
1
1
1
1
1
1
1
1
1
1
1
1
1
1
1
1
1
1
1
1
1
1
1
1
1
1
1
1
1
1
1
1
1
1
1
1
1
1
1
1
1
1
1
1
1
1
1
1
1
1
1
1
1
1
1
1
1
1
1
1
1
1
1
1
1
1
1.00001
1.00048
1.00896
1.1712
1.92428
2.98539
3.68106
3.98827
4.09645
4.13291
4.10808
4.08629
4.07661
4.05591
4.01721
3.97303
3.93372
3.91653
3.9115
3.91716
3.92351
3.90625
3.88569
3.86247
3.84184
3.83005
3.82197
3.82551
3.83285
3.86017
4.11617
5.0901
7.02246
8.86669
10.2265
10.7982
11.0137
11.0208
10.8028
10.5868
10.5575
10.6316
10.7683
10.904
10.9448
10.9484
10.9001
10.8046
10.7402
10.6975
10.7216
10.6742
10.5573
10.3677
10.1034
9.86651
9.71779
9.64859
9.64679
9.72181
9.75272
9.69392
9.59661
9.47102
9.33144
9.19202
9.07149
8.97395
8.90862
8.84516
8.76612
8.67222
8.58059
8.50084
8.43069
8.35453
8.29716
8.26412
8.25685
8.26663
8.23641
8.17548
8.09368
8.0014
7.90602
7.82929
7.7597
7.67281
7.58557
7.51444
7.45751
7.41429
7.38157
7.36876
7.36187
7.33284
7.28154
7.20394
7.11772
7.04536
7.00417
1
1
1
1
1
1
1
1
1
1
1
1
1
1
1
1
1
1
1
1
1
1
1
1
1
1
1
1
1
1
1
1
1
1
1
1
1
1
1
1
1
1
1
1
1
1
1
1
1
1
1
1
1
1
1
1
1
1
1
1
1
1
1
1
1
1
1
1
1
1
1
1
1
1
1
1
1
1
1
1
1
1
1
1
1
1
1
1
1
1
1
1
1
1
1
1
1
1
1
1
1
1
1
1
1
1
1
1
1
1
1
1
1
1
1
1
1
1
1
1
1
1
1
1
1
1
1
1
1
1
1
1.00008
1.00713
1.1071
1.54868
2.42805
3.6191
3.96205
3.95743
3.99836
4.03991
4.08777
4.08746
4.05938
4.01076
3.96609
3.95328
3.94543
3.94298
3.93598
3.91209
3.88957
3.86749
3.84977
3.84659
3.85165
3.8897
4.13619
5.04471
7.0129
8.80787
10.1851
10.4874
10.7284
10.8747
10.9359
10.9298
10.8224
10.6365
10.5965
10.6553
10.7869
10.8933
10.925
10.8987
10.8417
10.8099
10.7805
10.7416
10.6533
10.5436
10.3892
10.1992
10.0209
9.88405
9.80329
9.79233
9.85231
9.85695
9.78145
9.67378
9.52304
9.34738
9.20205
9.10027
9.02928
8.98976
8.97235
8.92685
8.85568
8.74302
8.60072
8.48694
8.41279
8.36675
8.33581
8.324
8.30397
8.25221
8.17954
8.10002
8.02204
7.95076
7.91321
7.88399
7.8402
7.7524
7.61843
7.51808
7.46557
7.42871
7.39846
7.36708
7.33101
7.28709
7.22454
7.14861
7.08969
7.06326
7.05389
1
1
1
1
1
1
1
1
1
1
1
1
1
1
1
1
1
1
1
1
1
1
1
1
1
1
1
1
1
1
1
1
1
1
1
1
1
1
1
1
1
1
1
1
1
1
1
1
1
1
1
1
1
1
1
1
1
1
1
1
1
1
1
1
1
1
1
1
1
1
1
1
1
1
1
1
1
1
1
1
1
1
1
1
1
1
1
1
1
1
1
1
1
1
1
1
1
1
1
1
1
1
1
1
1
1
1
1
1
1
1
1
1
1
1
1
1
1
1
1
1
1
1
1
1
1
1
1
1
1
1
1
1.00007
1.00225
1.0389
1.2476
2.15703
3.18343
3.79785
4.10052
4.11587
4.07671
4.03345
4.0084
4.02092
4.01926
4.00216
3.98466
3.96812
3.94486
3.91474
3.89117
3.879
3.87698
3.89689
4.09871
5.00545
6.84559
8.80604
10.2761
10.7816
10.9488
10.9515
10.7958
10.7356
10.7279
10.7699
10.7898
10.7433
10.6847
10.6773
10.7242
10.8178
10.8916
10.8847
10.862
10.8404
10.795
10.7039
10.5553
10.3731
10.2116
10.0915
9.99558
9.93052
9.93948
9.98234
9.94577
9.8612
9.75323
9.61759
9.44809
9.2596
9.12811
9.06778
9.03229
9.0262
8.99561
8.94036
8.87937
8.79497
8.68025
8.55928
8.4826
8.44224
8.40946
8.36654
8.29516
8.19357
8.09619
8.02383
7.97173
7.94273
7.93139
7.90565
7.8709
7.80269
7.693
7.59869
7.53016
7.47357
7.42421
7.37497
7.31302
7.23371
7.16031
7.11123
7.09071
7.08808
7.10986
1
1
1
1
1
1
1
1
1
1
1
1
1
1
1
1
1
1
1
1
1
1
1
1
1
1
1
1
1
1
1
1
1
1
1
1
1
1
1
1
1
1
1
1
1
1
1
1
1
1
1
1
1
1
1
1
1
1
1
1
1
1
1
1
1
1
1
1
1
1
1
1
1
1
1
1
1
1
1
1
1
1
1
1
1
1
1
1
1
1
1
1
1
1
1
1
1
1
1
1
1
1
1
1
1
1
1
1
1
1
1
1
1
1
1
1
1
1
1
1
1
1
1
1
1
1
1
1
1
1
1
1
1
1.00001
1.00054
1.00958
1.15324
1.85401
2.80879
3.65033
4.0979
4.143
4.11534
4.03578
4.00733
4.00107
4.01261
4.01241
3.99428
3.96625
3.92575
3.9089
3.9177
4.03663
4.8011
6.6957
9.02574
10.0168
10.4654
10.6579
10.7945
10.8683
10.8921
10.8101
10.6736
10.627
10.6618
10.7405
10.7811
10.7436
10.6931
10.6754
10.7382
10.8411
10.9032
10.9176
10.8808
10.7989
10.6464
10.4209
10.2265
10.106
10.0329
10.0089
10.0546
10.0915
10.0352
9.95043
9.83489
9.70681
9.57372
9.41746
9.24068
9.11963
9.05955
9.0118
8.96813
8.93815
8.90932
8.86487
8.81638
8.76481
8.69991
8.614
8.51635
8.42586
8.33659
8.24089
8.14699
8.06119
7.99983
7.96292
7.94647
7.9426
7.91978
7.87546
7.80793
7.73809
7.68413
7.62561
7.54873
7.45754
7.36793
7.28242
7.1992
7.13801
7.11131
7.09811
7.11406
7.14412
1
1
1
1
1
1
1
1
1
1
1
1
1
1
1
1
1
1
1
1
1
1
1
1
1
1
1
1
1
1
1
1
1
1
1
1
1
1
1
1
1
1
1
1
1
1
1
1
1
1
1
1
1
1
1
1
1
1
1
1
1
1
1
1
1
1
1
1
1
1
1
1
1
1
1
1
1
1
1
1
1
1
1
1
1
1
1
1
1
1
1
1
1
1
1
1
1
1
1
1
1
1
1
1
1
1
1
1
1
1
1
1
1
1
1
1
1
1
1
1
1
1
1
1
1
1
1
1
1
1
1
1
1
1
1
1.00009
1.00508
1.08801
1.52834
2.40428
3.67618
3.95237
4.00311
4.04492
4.04633
4.03667
4.04463
4.03819
4.01428
3.96963
3.94644
3.99567
4.53826
6.26866
8.73498
10.3363
11.0008
11.0151
10.9764
10.8485
10.7698
10.7939
10.8019
10.7809
10.7151
10.6549
10.6582
10.7141
10.7404
10.7144
10.6719
10.6326
10.6872
10.7997
10.9155
10.9502
10.907
10.7951
10.5887
10.3362
10.1625
10.0736
10.0136
10.0553
10.144
10.1204
10.0324
9.91288
9.77869
9.66102
9.55297
9.43791
9.30641
9.16903
9.06019
8.98865
8.93598
8.90288
8.90761
8.91478
8.89228
8.85582
8.80039
8.69719
8.5544
8.41468
8.2977
8.20192
8.12365
8.06979
8.03098
8.00366
7.97027
7.92891
7.87069
7.81628
7.7855
7.75989
7.72992
7.69154
7.62151
7.50241
7.37055
7.26836
7.20514
7.17092
7.1488
7.14065
7.1376
7.11771
1
1
1
1
1
1
1
1
1
1
1
1
1
1
1
1
1
1
1
1
1
1
1
1
1
1
1
1
1
1
1
1
1
1
1
1
1
1
1
1
1
1
1
1
1
1
1
1
1
1
1
1
1
1
1
1
1
1
1
1
1
1
1
1
1
1
1
1
1
1
1
1
1
1
1
1
1
1
1
1
1
1
1
1
1
1
1
1
1
1
1
1
1
1
1
1
1
1
1
1
1
1
1
1
1
1
1
1
1
1
1
1
1
1
1
1
1
1
1
1
1
1
1
1
1
1
1
1
1
1
1
1
1
1
1
1
1.00004
1.00191
1.03838
1.26325
2.1915
3.30003
3.73703
3.99868
4.10326
4.10801
4.08896
4.05086
3.99984
4.00221
4.2944
5.59355
8.24448
10.5245
11.1425
10.9044
10.8528
10.8269
10.9294
11.0021
10.8858
10.8052
10.746
10.7459
10.7645
10.7506
10.7389
10.7008
10.6643
10.6458
10.6117
10.5924
10.6571
10.7686
10.8931
10.925
10.8824
10.7684
10.5522
10.3162
10.1946
10.1168
10.0833
10.1344
10.1227
10.0263
9.9112
9.79617
9.6888
9.59581
9.52172
9.45292
9.36955
9.26155
9.13537
9.02254
8.95166
8.91086
8.91211
8.9474
8.92592
8.8719
8.79117
8.67427
8.5433
8.41771
8.30163
8.20648
8.14907
8.11342
8.08494
8.04702
7.99503
7.91087
7.82932
7.79162
7.77554
7.77737
7.75569
7.71306
7.63753
7.52071
7.40407
7.32499
7.27862
7.2462
7.22207
7.19551
7.16037
7.11078
1
1
1
1
1
1
1
1
1
1
1
1
1
1
1
1
1
1
1
1
1
1
1
1
1
1
1
1
1
1
1
1
1
1
1
1
1
1
1
1
1
1
1
1
1
1
1
1
1
1
1
1
1
1
1
1
1
1
1
1
1
1
1
1
1
1
1
1
1
1
1
1
1
1
1
1
1
1
1
1
1
1
1
1
1
1
1
1
1
1
1
1
1
1
1
1
1
1
1
1
1
1
1
1
1
1
1
1
1
1
1
1
1
1
1
1
1
1
1
1
1
1
1
1
1
1
1
1
1
1
1
1
1
1
1
1
1
1.00001
1.00051
1.01223
1.1616
1.87715
2.7745
3.52172
4.04572
4.08606
4.05743
4.08788
4.29123
5.14415
7.26027
9.88556
11.6176
11.885
11.6553
11.048
10.6481
10.6335
10.7617
10.9518
10.9431
10.8653
10.7821
10.7684
10.7875
10.7957
10.7627
10.6831
10.61
10.578
10.5667
10.5827
10.6503
10.7227
10.7745
10.8216
10.8005
10.7037
10.5504
10.407
10.3079
10.2422
10.2101
10.1484
10.0454
9.92624
9.78845
9.66859
9.59919
9.55366
9.50628
9.44499
9.37474
9.30311
9.22928
9.15054
9.06986
8.99721
8.939
8.88712
8.83377
8.77517
8.70034
8.60782
8.51061
8.4252
8.34939
8.28378
8.2255
8.17412
8.12773
8.06703
7.98275
7.89428
7.8323
7.78876
7.75132
7.72287
7.69852
7.66116
7.59895
7.51535
7.45501
7.41585
7.37794
7.33517
7.2865
7.2318
7.16559
7.09098
1
1
1
1
1
1
1
1
1
1
1
1
1
1
1
1
1
1
1
1
1
1
1
1
1
1
1
1
1
1
1
1
1
1
1
1
1
1
1
1
1
1
1
1
1
1
1
1
1
1
1
1
1
1
1
1
1
1
1
1
1
1
1
1
1
1
1
1
1
1
1
1
1
1
1
1
1
1
1
1
1
1
1
1
1
1
1
1
1
1
1
1
1
1
1
1
1
1
1
1
1
1
1
1
1
1
1
1
1
1
1
1
1
1
1
1
1
1
1
1
1
1
1
1
1
1
1
1
1
1
1
1
1
1
1
1
1
1
1
1.00012
1.00523
1.08785
1.45408
2.2064
3.44708
3.87379
4.44268
5.45387
6.84929
8.7191
10.4315
11.4404
11.6737
11.4803
11.2601
10.9992
10.8164
10.7066
10.742
10.8543
10.9611
10.976
10.9417
10.88
10.8204
10.7719
10.7328
10.6807
10.6193
10.5864
10.5879
10.6081
10.6258
10.6551
10.6613
10.6526
10.6499
10.6325
10.58
10.529
10.4723
10.3955
10.2878
10.1545
10.0129
9.87259
9.74503
9.63036
9.53101
9.45739
9.40753
9.37966
9.3568
9.33041
9.30938
9.28015
9.22515
9.13311
8.9945
8.85573
8.74084
8.63909
8.56462
8.52361
8.49259
8.45544
8.42795
8.39546
8.33692
8.24154
8.12529
8.0316
7.96204
7.90948
7.86557
7.81802
7.76104
7.68993
7.62541
7.57906
7.55129
7.53175
7.51447
7.50062
7.47144
7.42343
7.34327
7.23581
7.14157
7.07703
1
1
1
1
1
1
1
1
1
1
1
1
1
1
1
1
1
1
1
1
1
1
1
1
1
1
1
1
1
1
1
1
1
1
1
1
1
1
1
1
1
1
1
1
1
1
1
1
1
1
1
1
1
1
1
1
1
1
1
1
1
1
1
1
1
1
1
1
1
1
1
1
1
1
1
1
1
1
1
1
1
1
1
1
1
1
1
1
1
1
1
1
1
1
1
1
1
1
1
1
1
1
1
1
1
1
1
1
1
1
1
1
1
1
1
1
1
1
1
1
1
1
1
1
1
1
1
1
1
1
1
1
1
1
1
1
1
1
1
1
1.00003
1.00177
1.02644
1.21499
2.14438
4.23726
6.51094
9.33485
11.9971
13.7678
13.842
12.8953
11.6038
10.9724
10.8203
10.8564
10.8593
10.7958
10.7407
10.7868
10.9469
11.0767
11.0828
11.0102
10.8619
10.7331
10.6838
10.6494
10.6221
10.5946
10.5759
10.5749
10.5653
10.5635
10.5562
10.5445
10.5367
10.6109
10.7071
10.6839
10.5981
10.4722
10.2966
10.1158
9.9545
9.81062
9.68507
9.57079
9.46564
9.38875
9.33859
9.31993
9.3733
9.43833
9.43523
9.38705
9.31409
9.1917
9.00309
8.77914
8.61047
8.52617
8.48283
8.45453
8.4685
8.52037
8.51147
8.46968
8.39749
8.26039
8.10036
8.00192
7.94608
7.90266
7.85914
7.80675
7.73307
7.63741
7.56908
7.53426
7.51553
7.54864
7.5916
7.57141
7.53262
7.47288
7.36304
7.22091
7.11811
7.06115
)
;

boundaryField
{
    inlet
    {
        type            fixedValue;
        value           nonuniform 0();
    }
    outlet
    {
        type            zeroGradient;
    }
    bottom
    {
        type            zeroGradient;
    }
    top
    {
        type            zeroGradient;
    }
    obstacle
    {
        type            zeroGradient;
    }
    defaultFaces
    {
        type            empty;
    }
    procBoundary13to9
    {
        type            processor;
        value           nonuniform List<scalar> 
251
(
1
1
1
1
1
1
1
1
1
1
1
1
1
1
1
1
1
1
1
1
1
1
1
1
1
1
1
1
1
1
1
1
1
1
1
1
1
1
1
1
1.00004
1.00387
1.12934
1.73787
2.72454
4.20342
4.56524
4.51822
4.49586
4.4828
4.46624
4.44342
4.45144
4.4529
4.43862
4.41567
4.36732
4.32316
4.3237
4.31184
4.27342
4.25701
4.25347
4.24032
4.21916
4.21113
4.19995
4.17105
4.14304
4.12398
4.09956
4.07739
4.06487
4.04486
4.01956
3.99972
3.99124
3.99612
4.01736
4.06806
4.13212
4.20158
4.27853
4.29661
4.30683
4.31278
4.3039
4.28669
4.25923
4.22426
4.19239
4.16294
4.13532
4.10963
4.07865
4.03939
3.99503
3.94829
3.91234
3.89134
3.87833
3.86442
3.85261
3.84242
3.81478
3.76633
3.71964
3.68985
3.66724
3.64384
3.61578
3.58086
3.53856
3.52075
3.51576
3.5075
3.49643
3.47965
3.45366
3.42152
3.38473
3.34534
3.32315
3.31861
3.32873
3.32543
3.31029
3.2902
3.27197
3.24948
3.21586
3.16724
3.11729
3.09366
3.0874
3.09492
3.10518
3.09954
3.08649
3.05097
2.98892
2.93992
2.92556
2.92475
2.95215
2.99074
2.99435
2.97651
2.94142
2.88126
2.81251
2.77465
2.76446
2.76894
2.7905
2.81853
2.82368
2.81258
2.77953
2.71737
2.66248
2.64316
2.63849
2.65016
2.68814
2.74153
2.76149
2.75922
2.74197
2.69689
2.61821
2.53961
2.5051
2.49638
2.49693
2.49838
2.50417
2.51584
2.53176
2.5519
2.56529
2.56067
2.54511
2.51954
2.481
2.42765
2.3898
2.37866
2.37677
2.3809
2.3842
2.38317
2.37825
2.35736
2.32233
2.29272
2.28057
2.28046
2.29021
2.31015
2.31009
2.29733
2.27652
2.23456
2.17394
2.14321
2.13492
2.13337
2.14416
2.1621
2.1631
2.15839
1
1
1
1
1
1
1
1
1
1
1
1
1
1
1
1
1
1
1
1
1
1
1
1
1
1
1
1
1
1
1
1
1
1
1
1
1
1
1
)
;
    }
    procBoundary13to10
    {
        type            processor;
        value           uniform 2.16588;
    }
    procBoundary13to12
    {
        type            processor;
        value           nonuniform List<scalar> 
64
(
1
1
1
1
1
1
1
1
1
1
1
1
1
1
1
1
1
1
1
1
1
1
1
1
1
1
1
1
1
1
1
1
1
1
1
1
1
1
1
1
1
1
1
1
1
1
1
1
1
1
1
1
1
1
1
1
1
1
1
1
1
1
1
1
)
;
    }
    procBoundary13to14
    {
        type            processor;
        value           nonuniform List<scalar> 
64
(
2.17499
2.17072
2.14524
2.13333
2.14464
2.16589
2.19191
2.23824
2.30294
2.34257
2.35441
2.35019
2.31935
2.28317
2.79836
4.53298
5.87095
6.43934
6.52913
6.46472
6.27979
6.24296
6.37201
6.5187
6.72675
6.8194
6.82992
6.82336
6.79755
6.78503
6.78472
6.80224
6.82487
6.82379
6.8394
6.86301
6.88652
6.90211
6.89386
6.87264
6.85516
6.88141
6.92906
6.97028
6.99576
6.98768
6.95167
6.91659
6.91004
6.92969
6.94723
6.91704
6.87093
6.86162
6.89522
6.97381
7.04985
7.10523
7.13347
7.09386
7.05393
7.0302
7.03149
7.01747
)
;
    }
}


// ************************************************************************* //
