/*--------------------------------*- C++ -*----------------------------------*\
  =========                 |
  \\      /  F ield         | OpenFOAM: The Open Source CFD Toolbox
   \\    /   O peration     | Website:  https://openfoam.org
    \\  /    A nd           | Version:  7
     \\/     M anipulation  |
\*---------------------------------------------------------------------------*/
FoamFile
{
    version     2.0;
    format      ascii;
    class       volVectorField;
    location    "0.1";
    object      U;
}
// * * * * * * * * * * * * * * * * * * * * * * * * * * * * * * * * * * * * * //

dimensions      [0 1 -1 0 0 0 0];

internalField   nonuniform List<vector> 
4128
(
(3 2.05682e-15 0)
(3 1.82636e-15 0)
(3 4.62814e-16 0)
(3 -7.73785e-16 0)
(3 -1.12789e-15 0)
(3 -1.04586e-15 0)
(3 -8.67816e-16 0)
(3 -8.65566e-16 0)
(3 -1.58293e-15 0)
(3 -1.74844e-15 0)
(3 -1.62591e-15 0)
(3 -1.88499e-15 0)
(3 -3.35349e-15 0)
(3 -3.47335e-15 0)
(3 -2.39567e-15 0)
(3 -2.05871e-16 0)
(3 3.26779e-17 0)
(3 -8.49709e-16 0)
(3 -1.43825e-15 0)
(3 -3.94424e-16 0)
(3 6.43257e-16 0)
(3 6.32415e-17 0)
(3 2.13414e-16 0)
(3 1.77542e-16 0)
(3 -2.88171e-16 0)
(3 -2.87197e-16 0)
(3 3.17087e-16 0)
(3 1.83644e-15 0)
(3 2.00173e-15 0)
(3 3.489e-16 0)
(3 -4.73634e-16 0)
(3 -5.33426e-16 0)
(3 -4.86399e-17 0)
(3 -1.62373e-16 0)
(3 -1.75728e-16 0)
(3 -3.01051e-16 0)
(3 -4.72452e-16 0)
(3 -6.8738e-16 0)
(3 -7.92424e-16 0)
(3 -2.38549e-16 0)
(3 2.23319e-17 0)
(3 -2.73886e-16 0)
(3 -3.13471e-16 0)
(3 -1.69267e-16 0)
(3 -9.04304e-17 0)
(3 3.72339e-17 0)
(3 -2.75596e-16 0)
(3 -5.95022e-16 0)
(3 -3.1613e-16 0)
(3 -5.38477e-16 0)
(3 -7.79664e-16 0)
(3 -1.22419e-15 0)
(3 -1.14915e-15 0)
(3 -1.34515e-15 0)
(3 -1.71918e-15 0)
(3 -1.47527e-15 0)
(3 -5.64354e-16 0)
(3 -9.45133e-16 0)
(3 -1.17541e-15 0)
(3 -2.31734e-16 0)
(3 1.37322e-17 0)
(3 -1.17099e-16 0)
(3 -1.22755e-15 0)
(3 -2.08968e-15 0)
(3 -1.99309e-15 0)
(3 -1.70064e-15 0)
(3 -4.43644e-16 0)
(3 6.41652e-16 0)
(3 6.77622e-16 0)
(3 1.24994e-16 0)
(3 -1.29364e-16 0)
(3 -3.73145e-16 0)
(3 -5.17413e-16 0)
(3 -9.22726e-17 0)
(3 -8.09545e-16 0)
(3 -1.00139e-15 0)
(3 -1.10573e-15 0)
(3 -1.1462e-15 0)
(3 -6.33263e-16 0)
(3 5.06295e-17 0)
(3 -1.47325e-16 0)
(3 3.20188e-16 0)
(3 1.37787e-15 0)
(3 1.90013e-15 0)
(3 9.17596e-16 0)
(3 4.88002e-16 0)
(3 2.73243e-15 0)
(3 3.60945e-15 0)
(3 3.19836e-15 0)
(3 2.37274e-15 0)
(3 1.95577e-15 0)
(3 1.80017e-15 0)
(3 3.04902e-15 0)
(3 2.29402e-15 0)
(3 2.1362e-15 0)
(3 2.18916e-15 0)
(3 1.45784e-15 0)
(3 6.57535e-16 0)
(3 1.98236e-19 0)
(3 -1.40295e-15 0)
(3 -1.09261e-15 0)
(3 -1.36728e-15 0)
(3 -1.49516e-15 0)
(3 -9.68093e-16 0)
(3 -2.0014e-17 0)
(3 -2.30239e-16 0)
(3 -1.17447e-15 0)
(3 -2.75898e-15 0)
(3 -2.5677e-15 0)
(3 -1.58355e-15 0)
(3 -6.13089e-16 0)
(3 8.96866e-16 0)
(3 1.21932e-15 0)
(3 8.63687e-16 0)
(3 9.44811e-16 0)
(3 4.2536e-16 0)
(3 -3.65567e-17 0)
(3 -7.04673e-16 0)
(3 -1.8416e-15 0)
(3 -1.45541e-15 0)
(3 -1.07947e-15 0)
(3 -4.31339e-16 0)
(3 6.88629e-17 0)
(3 2.40555e-16 0)
(3 1.75518e-16 0)
(3 9.98152e-17 0)
(3 -3.63878e-16 0)
(3 -6.38755e-16 0)
(3 -2.18116e-17 0)
(3 -3.74407e-16 0)
(3 -6.2176e-16 0)
(3 -6.37478e-16 0)
(3 -7.34696e-16 0)
(3 -8.70095e-16 0)
(3 -1.71722e-15 0)
(3 -9.15157e-16 0)
(3 3.36188e-17 0)
(3 1.32958e-16 0)
(3 4.69706e-16 0)
(3 7.60102e-16 0)
(3 -3.14346e-16 0)
(3 -1.97391e-15 0)
(3 -2.09952e-15 0)
(3 -1.553e-15 0)
(3 -1.08146e-15 0)
(3 -1.39692e-15 0)
(3 -1.63231e-15 0)
(3 -1.98065e-15 0)
(3 -2.31092e-15 0)
(3 -3.06425e-15 0)
(3 -2.95485e-15 0)
(3 -2.3567e-15 0)
(3 -1.41684e-15 0)
(3 -3.05205e-16 0)
(3 3.43174e-18 0)
(3 7.02521e-16 0)
(3 -8.40684e-17 0)
(3 -6.87133e-16 0)
(3 -3.82672e-16 0)
(3 -3.21347e-16 0)
(3 -3.13055e-16 0)
(3 -2.40864e-16 0)
(3 1.05811e-15 0)
(3 1.16093e-15 0)
(3 1.61471e-15 0)
(3 2.28266e-15 0)
(3 1.9937e-15 0)
(3 1.45465e-15 0)
(3 1.36605e-15 0)
(3 1.13009e-15 0)
(3 1.34295e-15 0)
(3 1.44657e-15 0)
(3 6.26498e-16 0)
(3 6.34372e-18 0)
(3 -1.13534e-16 0)
(3 5.11408e-16 0)
(3 4.31838e-16 0)
(3 5.98581e-16 0)
(3 6.52682e-16 0)
(3 4.53214e-16 0)
(3 5.49777e-16 0)
(3 1.54565e-15 0)
(3 1.71003e-15 0)
(3 1.94756e-15 0)
(3 2.46296e-15 0)
(3 1.0308e-15 0)
(3 -3.49091e-16 0)
(3 -4.88221e-16 0)
(3 1.24983e-16 0)
(3 -3.31605e-16 0)
(3 -1.15668e-15 0)
(3 1.03701e-15 0)
(3 1.29829e-15 0)
(3 2.05093e-17 0)
(3 2.57405e-16 0)
(3 -2.82752e-16 0)
(3 -5.45059e-16 0)
(3 -2.94013e-16 0)
(3 3.46968e-16 0)
(3 2.12677e-16 0)
(3 2.05413e-16 0)
(3 -1.35479e-16 0)
(3 -1.57329e-15 0)
(3 -2.2508e-15 0)
(3 -1.55341e-15 0)
(3 -9.25436e-16 0)
(3 -9.44611e-16 0)
(3 -2.02238e-15 0)
(3 -1.8903e-16 0)
(3 2.30639e-15 0)
(3 2.73761e-15 0)
(3 1.64563e-15 0)
(3 -9.42079e-16 0)
(3 -1.70441e-15 0)
(3 -1.66343e-15 0)
(3 -1.15968e-15 0)
(3 -1.2941e-16 0)
(3 1.70064e-16 0)
(3 -3.12688e-16 0)
(3 -9.45388e-16 0)
(3 -7.71291e-16 0)
(3 -6.66889e-16 0)
(3 -7.33384e-16 0)
(3 -9.52196e-16 0)
(3 -1.63965e-17 0)
(3 -1.01595e-17 0)
(3 5.89308e-17 0)
(3 -1.11001e-16 0)
(3 -9.68168e-16 0)
(3 -2.14889e-15 0)
(3 -2.34085e-15 0)
(3 -1.87284e-15 0)
(3 -1.90416e-16 0)
(3 4.99464e-16 0)
(3 3.55449e-16 0)
(3 1.89127e-17 0)
(3 -3.56819e-16 0)
(3 -6.91832e-16 0)
(3 -2.0501e-15 0)
(3 -2.7503e-15 0)
(3 -2.84434e-15 0)
(3 -2.32756e-15 0)
(3 -1.93042e-15 0)
(3 -2.27229e-15 0)
(3 -2.8423e-15 0)
(3 -2.71781e-15 0)
(3 -8.99078e-16 0)
(3 3.91719e-18 0)
(3 9.05548e-17 0)
(3 2.48153e-16 0)
(3 9.60324e-16 0)
(3 1.79882e-15 0)
(3 1.45421e-15 0)
(3 1.20839e-15 0)
(3 1.2249e-15 0)
(3 9.87811e-16 0)
(3 7.31762e-16 0)
(3 1.22675e-15 0)
(3 1.35438e-15 0)
(3 2.11062e-15 0)
(3 1.65916e-15 0)
(3 1.76618e-15 0)
(3 2.09044e-15 0)
(3 1.87787e-15 0)
(3 1.12608e-15 0)
(3 4.56447e-16 0)
(3 5.33396e-16 0)
(3 5.95178e-16 0)
(3 6.01031e-16 0)
(3 8.99332e-16 0)
(3 1.20766e-15 0)
(3 8.70454e-16 0)
(3 8.2053e-17 0)
(3 -2.13387e-16 0)
(3 -6.10086e-17 0)
(3 -7.11739e-16 0)
(3 -6.63748e-16 0)
(3 7.33501e-17 0)
(3 2.66498e-17 0)
(3 1.8976e-16 0)
(3 5.17253e-16 0)
(3 3.17206e-16 0)
(3 -8.0483e-16 0)
(3 -1.72185e-15 0)
(3 -1.69794e-15 0)
(3 -1.90858e-15 0)
(3 -8.09254e-16 0)
(3 -9.8733e-16 0)
(3 -1.11868e-15 0)
(3 -8.59752e-16 0)
(3 -5.1663e-16 0)
(3 -3.60559e-16 0)
(3 -2.86337e-16 0)
(3 -1.56351e-16 0)
(3 5.80535e-16 0)
(3 6.41293e-16 0)
(3 2.66606e-16 0)
(3 -4.00176e-16 0)
(3 -4.44239e-16 0)
(3 2.69283e-16 0)
(3 1.28451e-15 0)
(3 -3.01372e-16 0)
(3 -1.64012e-15 0)
(3 -2.58296e-15 0)
(3 -2.07518e-15 0)
(3 2.12174e-16 0)
(3 1.26075e-15 0)
(3 -1.5321e-16 0)
(3 -1.57579e-15 0)
(3 -1.86821e-15 0)
(3 -1.46456e-15 0)
(3 -1.03198e-15 0)
(3 -3.4752e-16 0)
(3 -3.14363e-16 0)
(3 -1.2445e-15 0)
(3 -1.99588e-15 0)
(3 -2.02333e-15 0)
(3 -1.61465e-15 0)
(3 -8.35734e-16 0)
(3 -7.7137e-16 0)
(3 -4.30305e-17 0)
(3 1.82914e-16 0)
(3 1.69919e-16 0)
(3 -3.89185e-16 0)
(3 -6.07051e-16 0)
(3 -1.46398e-15 0)
(3 -1.41128e-15 0)
(3 -1.30529e-15 0)
(3 -1.10603e-15 0)
(3 9.44144e-17 0)
(3 -4.63943e-16 0)
(3 -7.89536e-16 0)
(3 -1.1083e-15 0)
(3 -7.3124e-16 0)
(3 -6.61143e-16 0)
(3 -1.77523e-15 0)
(3 -2.62966e-15 0)
(3 -2.43051e-15 0)
(3 -2.29254e-15 0)
(3 -2.03156e-15 0)
(3 -1.76804e-15 0)
(3 -1.22281e-15 0)
(3 -8.70494e-16 0)
(3 -8.6513e-16 0)
(3 -2.25798e-16 0)
(3 -2.744e-16 0)
(3 1.49844e-15 0)
(3 2.81395e-15 0)
(3 2.52226e-15 0)
(3 2.60388e-15 0)
(3 1.4205e-15 0)
(3 3.21624e-16 0)
(3 -1.50623e-16 0)
(3 3.32707e-16 0)
(3 4.97986e-16 0)
(3 7.1953e-16 0)
(3 1.06024e-15 0)
(3 1.38859e-15 0)
(3 1.42039e-15 0)
(3 1.38738e-15 0)
(3 9.17357e-16 0)
(3 -1.10181e-16 0)
(3 -1.68271e-15 0)
(3 -1.47208e-15 0)
(3 4.76052e-16 0)
(3 2.64521e-15 0)
(3 3.36629e-15 0)
(3 2.36383e-15 0)
(3 8.95329e-16 0)
(3 -1.1478e-16 0)
(3 -4.0459e-16 0)
(3 -6.12963e-16 0)
(3 -6.00387e-16 0)
(3 -3.66881e-16 0)
(3 5.16592e-16 0)
(3 4.77678e-16 0)
(3 -2.29756e-16 0)
(3 2.40335e-16 0)
(3 3.76338e-16 0)
(3 -2.18908e-16 0)
(3 -1.18386e-15 0)
(3 -6.60169e-16 0)
(3 -5.64416e-16 0)
(3 -1.95551e-15 0)
(3 -2.31575e-15 0)
(3 -1.49938e-15 0)
(3 -1.25407e-15 0)
(3 -6.81353e-16 0)
(3 -4.08858e-16 0)
(3 -8.29724e-16 0)
(3 -7.39407e-16 0)
(3 -3.17042e-16 0)
(3 -2.71039e-16 0)
(3 -4.22682e-16 0)
(3 -3.58415e-16 0)
(3 2.58519e-16 0)
(3 7.0997e-17 0)
(3 -6.61532e-16 0)
(3 -1.89188e-15 0)
(3 -2.22726e-15 0)
(3 -2.29245e-15 0)
(3 -1.00579e-15 0)
(3 -6.06321e-16 0)
(3 -2.31315e-15 0)
(3 -2.41405e-15 0)
(3 -1.55601e-15 0)
(3 -8.20031e-16 0)
(3 -5.74192e-16 0)
(3 -4.06288e-16 0)
(3 -1.08994e-15 0)
(3 -1.45249e-15 0)
(3 -1.57646e-15 0)
(3 -2.21292e-15 0)
(3 -2.20519e-15 0)
(3 -9.85475e-16 0)
(3 -4.93365e-16 0)
(3 -1.58949e-17 0)
(3 -2.1733e-16 0)
(3 -3.11356e-16 0)
(3 -3.03496e-16 0)
(3 5.21494e-16 0)
(3 6.70481e-16 0)
(3 3.18472e-16 0)
(3 -1.25896e-15 0)
(3 -2.45416e-15 0)
(3 -1.71327e-15 0)
(3 -7.26104e-16 0)
(3 -6.38854e-16 0)
(3 -1.07438e-15 0)
(3 -4.99005e-16 0)
(3 5.13225e-16 0)
(3 4.14744e-16 0)
(3 -6.19751e-17 0)
(3 -3.04198e-16 0)
(3 -1.15633e-15 0)
(3 -1.91081e-15 0)
(3 -1.72017e-15 0)
(3 -1.38814e-15 0)
(3 -1.74023e-15 0)
(3 -1.98273e-15 0)
(3 -2.04843e-15 0)
(3 -1.22031e-15 0)
(3 5.90271e-16 0)
(3 1.01362e-15 0)
(3 9.15161e-16 0)
(3 2.00338e-16 0)
(3 -6.66334e-16 0)
(3 -2.37344e-15 0)
(3 -2.30469e-15 0)
(3 -1.58055e-15 0)
(3 -1.49755e-15 0)
(3 -9.07356e-16 0)
(3 3.13382e-16 0)
(3 7.70333e-16 0)
(3 4.93758e-16 0)
(3 4.20509e-16 0)
(3 -2.3512e-16 0)
(3 -4.62773e-16 0)
(3 -3.09649e-16 0)
(3 8.86767e-16 0)
(3 2.18922e-15 0)
(3 3.62711e-15 0)
(3 3.80792e-15 0)
(3 3.70588e-15 0)
(3 2.90776e-15 0)
(3 1.25067e-15 0)
(3 1.02041e-16 0)
(3 -3.3211e-16 0)
(3 1.89679e-16 0)
(3 1.29141e-15 0)
(3 1.28502e-15 0)
(3 1.16122e-15 0)
(3 1.13577e-15 0)
(3 -7.69475e-16 0)
(3 -1.51221e-15 0)
(3 -1.14728e-15 0)
(3 -1.0503e-15 0)
(3 -8.96728e-16 0)
(3 -1.05037e-15 0)
(3 -1.29511e-15 0)
(3 -1.61032e-15 0)
(3 -1.61945e-15 0)
(3 -1.36419e-15 0)
(3 -9.12285e-16 0)
(3 -5.11058e-16 0)
(3 -5.90741e-16 0)
(3 -7.4229e-16 0)
(3 -6.098e-16 0)
(3 -1.35132e-15 0)
(3 -1.081e-15 0)
(3 -7.59208e-16 0)
(3 -3.98932e-16 0)
(3 -6.46012e-16 0)
(3 -1.68336e-15 0)
(3 -3.43632e-15 0)
(3 -3.43688e-15 0)
(3 -3.51945e-15 0)
(3 -3.24436e-15 0)
(3 -2.86434e-15 0)
(3 -1.13082e-15 0)
(3 -1.0253e-15 0)
(3 -8.8418e-16 0)
(3 -9.96403e-16 0)
(3 -9.81177e-16 0)
(3 -1.70294e-15 0)
(3 -1.62595e-15 0)
(3 -1.62472e-15 0)
(3 -6.18219e-16 0)
(3 -1.20666e-15 0)
(3 -2.27576e-15 0)
(3 -2.26671e-15 0)
(3 -1.48605e-15 0)
(3 -4.93908e-17 0)
(3 -5.33083e-16 0)
(3 -6.59765e-16 0)
(3 1.08869e-16 0)
(3 1.2871e-15 0)
(3 1.53991e-15 0)
(3 1.22632e-15 0)
(3 2.5101e-16 0)
(3 -1.00513e-15 0)
(3 -1.37696e-15 0)
(3 -4.96812e-16 0)
(3 -1.46591e-16 0)
(3 4.14207e-16 0)
(3 5.50791e-17 0)
(3 1.76285e-16 0)
(3 7.23436e-16 0)
(3 8.32578e-16 0)
(3 8.07794e-16 0)
(3 4.06025e-16 0)
(3 -3.08237e-16 0)
(3 -7.75636e-16 0)
(3 -1.26316e-15 0)
(3 -2.21075e-15 0)
(3 -2.97349e-15 0)
(3 -2.39214e-15 0)
(3 -1.67421e-15 0)
(3 -2.16256e-15 0)
(3 -1.98726e-15 0)
(3 -2.22404e-15 0)
(3 -3.52685e-15 0)
(3 -4.26048e-15 0)
(3 -4.06767e-15 0)
(3 -4.12796e-15 0)
(3 -4.33504e-15 0)
(3 -3.9411e-15 0)
(3 -2.60699e-15 0)
(3 -9.93297e-16 0)
(3 -1.03868e-15 0)
(3 -4.57457e-16 0)
(3 -5.27886e-16 0)
(3 -1.01127e-15 0)
(3 -3.37971e-16 0)
(3 8.1678e-16 0)
(3 1.66974e-15 0)
(3 1.5419e-15 0)
(3 1.75566e-15 0)
(3 1.84873e-15 0)
(3 2.50814e-15 0)
(3 2.62588e-15 0)
(3 2.45871e-15 0)
(3 1.70777e-15 0)
(3 1.35749e-15 0)
(3 1.31665e-15 0)
(3 1.11055e-15 0)
(3 1.64669e-16 0)
(3 1.95294e-16 0)
(3 3.91363e-16 0)
(3 -7.95458e-16 0)
(3 -1.35242e-15 0)
(3 -7.96199e-16 0)
(3 -3.34951e-16 0)
(3 -1.1278e-15 0)
(3 -1.20888e-15 0)
(3 -1.30851e-15 0)
(3 -1.90353e-15 0)
(3 -1.57603e-15 0)
(3 -1.44995e-15 0)
(3 -1.46017e-15 0)
(3 -1.65116e-15 0)
(3 -1.42896e-15 0)
(3 -1.27077e-15 0)
(3 -1.14601e-15 0)
(3 -1.59202e-15 0)
(3 -1.7498e-15 0)
(3 -7.52085e-16 0)
(3 -2.4841e-16 0)
(3 -3.38303e-16 0)
(3 -4.86064e-16 0)
(3 -1.17892e-15 0)
(3 -1.49742e-15 0)
(3 -2.74163e-15 0)
(3 -3.32228e-15 0)
(3 -2.72349e-15 0)
(3 -1.29811e-15 0)
(3 2.98062e-16 0)
(3 8.0637e-17 0)
(3 -3.3189e-16 0)
(3 -1.40108e-15 0)
(3 -2.98318e-15 0)
(3 -3.08867e-15 0)
(3 -1.97742e-15 0)
(3 -4.14591e-16 0)
(3 -5.76478e-16 0)
(3 -4.64413e-16 0)
(3 -4.08445e-16 0)
(3 -1.37223e-16 0)
(3 2.67998e-18 0)
(3 3.81482e-17 0)
(3 3.23665e-16 0)
(3 5.0505e-16 0)
(3 3.79765e-16 0)
(3 1.65473e-15 0)
(3 1.56422e-15 0)
(3 1.58457e-15 0)
(3 5.3634e-16 0)
(3 -6.57831e-16 0)
(3 -5.77891e-16 0)
(3 -5.39085e-17 0)
(3 2.15754e-16 0)
(3 -1.62663e-16 0)
(3 -1.0516e-15 0)
(3 -8.96723e-16 0)
(3 -1.08473e-16 0)
(3 3.43446e-16 0)
(3 1.27525e-15 0)
(3 2.04636e-15 0)
(3 1.48992e-15 0)
(3 -9.32242e-16 0)
(3 -1.33059e-15 0)
(3 -1.48112e-15 0)
(3 -1.45918e-15 0)
(3 -2.09655e-15 0)
(3 -3.81243e-15 0)
(3 -4.80876e-15 0)
(3 -3.99432e-15 0)
(3 -3.23468e-15 0)
(3 -3.46668e-15 0)
(3 -3.15221e-15 0)
(3 -4.43245e-15 0)
(3 -5.02378e-15 0)
(3 -4.9551e-15 0)
(3 -4.44545e-15 0)
(3 -4.30779e-15 0)
(3 -2.8041e-15 0)
(3 -2.28097e-15 0)
(3 -1.29018e-15 0)
(3 -4.67386e-16 0)
(3 4.32841e-16 0)
(3 1.05285e-15 0)
(3 7.76362e-16 0)
(3 6.35806e-16 0)
(3 9.43361e-16 0)
(3 1.27445e-15 0)
(3 5.57723e-16 0)
(3 1.37455e-15 0)
(3 2.1331e-15 0)
(3 1.63389e-15 0)
(3 1.00109e-15 0)
(3 3.78287e-16 0)
(3 -5.94736e-16 0)
(3 -7.2403e-16 0)
(3 -5.62404e-16 0)
(3 -3.92263e-16 0)
(3 2.05523e-16 0)
(3 8.83969e-16 0)
(3 -3.05578e-16 0)
(3 -2.99697e-16 0)
(3 -1.56118e-16 0)
(3 -1.50862e-15 0)
(3 -2.28512e-15 0)
(3 -1.83225e-15 0)
(3 -1.26907e-15 0)
(3 -7.66322e-16 0)
(3 -1.85727e-15 0)
(3 -3.11911e-15 0)
(3 -2.82791e-15 0)
(3 -1.63752e-15 0)
(3 -7.34595e-16 0)
(3 2.11795e-16 0)
(3 7.46688e-16 0)
(3 8.09659e-16 0)
(3 3.69284e-16 0)
(3 3.99056e-16 0)
(3 5.74516e-16 0)
(3 1.71706e-15 0)
(3 2.16722e-15 0)
(3 -3.2345e-16 0)
(3 -1.62003e-15 0)
(3 -1.51021e-15 0)
(3 -1.27631e-15 0)
(3 -6.88144e-16 0)
(3 1.64659e-17 0)
(3 -1.08522e-16 0)
(3 -7.64435e-16 0)
(3 -9.24701e-16 0)
(3 -3.04462e-16 0)
(3 1.68988e-16 0)
(3 5.30116e-16 0)
(3 8.62304e-16 0)
(3 1.2776e-15 0)
(3 1.38249e-15 0)
(3 1.2609e-15 0)
(3 1.17509e-16 0)
(3 1.13511e-15 0)
(3 1.52209e-15 0)
(3 4.85288e-16 0)
(3 2.09865e-16 0)
(3 8.50644e-17 0)
(3 4.9021e-16 0)
(3 1.32392e-16 0)
(3 5.23281e-16 0)
(3 6.25084e-16 0)
(3 -3.11541e-16 0)
(3 -9.10434e-17 0)
(3 -4.78471e-16 0)
(3 -6.27455e-16 0)
(3 -9.9113e-16 0)
(3 -1.03681e-15 0)
(3 -7.37216e-16 0)
(3 -7.81418e-16 0)
(3 1.30151e-16 0)
(3 1.75257e-15 0)
(3 1.96795e-15 0)
(3 1.22241e-15 0)
(3 1.19799e-15 0)
(3 1.00362e-15 0)
(3 7.25054e-17 0)
(3 -7.04097e-16 0)
(3 -1.39849e-15 0)
(3 -2.88638e-15 0)
(3 -2.55554e-15 0)
(3 -2.30903e-15 0)
(3 -1.95427e-15 0)
(3 -1.73497e-15 0)
(3 -1.85498e-15 0)
(3 -2.94553e-15 0)
(3 -3.21809e-15 0)
(3 -3.59723e-15 0)
(3 -4.67418e-15 0)
(3 -3.18056e-15 0)
(3 -1.85194e-15 0)
(3 -1.2441e-15 0)
(3 1.53488e-16 0)
(3 7.8006e-16 0)
(3 1.64103e-15 0)
(3 1.65802e-15 0)
(3 2.02156e-15 0)
(3 2.02756e-15 0)
(3 2.26733e-15 0)
(3 1.54906e-15 0)
(3 8.83657e-16 0)
(3 1.16685e-15 0)
(3 1.51259e-15 0)
(3 2.23501e-15 0)
(3 2.02563e-15 0)
(3 1.05902e-15 0)
(3 1.38565e-15 0)
(3 1.57956e-17 0)
(3 6.50367e-17 0)
(3 6.39867e-16 0)
(3 1.01347e-15 0)
(3 -2.90113e-16 0)
(3 -1.19219e-15 0)
(3 -1.54529e-15 0)
(3 -1.47251e-15 0)
(3 -1.65726e-15 0)
(3 -1.5521e-15 0)
(3 -1.02098e-15 0)
(3 -2.86125e-16 0)
(3 -3.64919e-16 0)
(3 -1.02019e-15 0)
(3 -1.42943e-15 0)
(3 -1.33313e-16 0)
(3 9.61439e-16 0)
(3 2.38472e-15 0)
(3 1.94188e-15 0)
(3 8.49465e-16 0)
(3 2.3435e-16 0)
(3 -1.20741e-16 0)
(3 -3.8908e-16 0)
(3 -1.8439e-16 0)
(3 5.5291e-16 0)
(3 -3.78785e-16 0)
(3 -1.113e-15 0)
(3 -1.06523e-15 0)
(3 -5.23175e-16 0)
(3 -4.03169e-16 0)
(3 -3.35512e-16 0)
(3 -6.34458e-17 0)
(3 4.49307e-16 0)
(3 1.63595e-15 0)
(3 1.51503e-15 0)
(3 1.38331e-15 0)
(3 8.08721e-16 0)
(3 6.39595e-16 0)
(3 9.86739e-16 0)
(3 1.35076e-15 0)
(3 2.02076e-15 0)
(3 2.02358e-18 0)
(3 -6.83364e-17 0)
(3 1.4303e-16 0)
(3 1.12252e-16 0)
(3 3.21309e-16 0)
(3 -1.80141e-16 0)
(3 5.22571e-17 0)
(3 3.11871e-16 0)
(3 5.66232e-16 0)
(3 2.66904e-16 0)
(3 -1.31648e-15 0)
(3 -9.23303e-16 0)
(3 -1.07114e-15 0)
(3 -1.08633e-17 0)
(3 4.04475e-16 0)
(3 -2.55834e-17 0)
(3 -8.84473e-16 0)
(3 -1.49681e-15 0)
(3 -5.71381e-16 0)
(3 4.29197e-16 0)
(3 1.69289e-15 0)
(3 2.81714e-15 0)
(3 2.77986e-15 0)
(3 2.24559e-15 0)
(3 1.51164e-15 0)
(3 6.36976e-16 0)
(3 -7.47541e-16 0)
(3 -5.90719e-16 0)
(3 -1.20916e-15 0)
(3 -1.68893e-15 0)
(3 -1.77001e-15 0)
(3 -1.61988e-15 0)
(3 -1.52959e-15 0)
(3 -1.58822e-15 0)
(3 -1.44988e-15 0)
(3 -1.63264e-15 0)
(3 -1.5784e-15 0)
(3 -2.23945e-15 0)
(3 -2.07659e-15 0)
(3 -1.79915e-15 0)
(3 -1.03004e-15 0)
(3 1.43696e-16 0)
(3 9.21893e-16 0)
(3 2.86329e-15 0)
(3 3.23397e-15 0)
(3 2.50151e-15 0)
(3 1.44372e-15 0)
(3 1.52864e-15 0)
(3 1.78277e-15 0)
(3 8.69582e-16 0)
(3 2.16897e-15 0)
(3 2.52398e-15 0)
(3 2.38081e-15 0)
(3 2.21775e-15 0)
(3 2.86491e-15 0)
(3 9.89887e-16 0)
(3 1.6788e-16 0)
(3 3.03432e-17 0)
(3 -1.86699e-16 0)
(3 -4.95075e-17 0)
(3 -3.63795e-16 0)
(3 -1.75735e-15 0)
(3 -1.1757e-15 0)
(3 -1.57017e-15 0)
(3 -2.28112e-15 0)
(3 -5.34528e-16 0)
(3 -4.2965e-16 0)
(3 -5.45471e-17 0)
(3 5.57499e-16 0)
(3 8.34149e-16 0)
(3 1.01817e-15 0)
(3 1.09271e-15 0)
(3 2.00694e-15 0)
(3 1.34717e-15 0)
(3 2.20581e-16 0)
(3 -1.18538e-15 0)
(3 -1.27921e-15 0)
(3 -1.81437e-15 0)
(3 -1.52641e-15 0)
(3 -9.82391e-16 0)
(3 -9.06739e-16 0)
(3 -1.14551e-15 0)
(3 -1.28518e-15 0)
(3 -4.68095e-16 0)
(3 8.06778e-16 0)
(3 1.08917e-15 0)
(3 8.33828e-16 0)
(3 9.20705e-16 0)
(3 1.11094e-15 0)
(3 8.04249e-16 0)
(3 -1.1325e-16 0)
(3 -8.24863e-17 0)
(3 1.9446e-16 0)
(3 -4.15769e-16 0)
(3 6.33607e-18 0)
(3 4.81891e-16 0)
(3 -4.62447e-17 0)
(3 -6.87939e-16 0)
(3 -1.36318e-15 0)
(3 -9.79906e-16 0)
(3 -9.58829e-17 0)
(3 -1.39308e-16 0)
(3 -8.06838e-16 0)
(3 -1.32573e-16 0)
(3 -2.01978e-16 0)
(3 -1.97481e-16 0)
(3 -1.99639e-16 0)
(3 -4.42078e-16 0)
(3 2.18636e-16 0)
(3 4.41106e-16 0)
(3 4.20069e-16 0)
(3 -1.22636e-16 0)
(3 -2.0713e-16 0)
(3 -7.40062e-17 0)
(3 1.68943e-17 0)
(3 -1.98699e-16 0)
(3 1.18456e-15 0)
(3 2.62971e-15 0)
(3 2.62802e-15 0)
(3 1.9226e-15 0)
(3 1.3123e-15 0)
(3 4.97607e-16 0)
(3 3.30217e-18 0)
(3 1.54021e-15 0)
(3 5.57864e-16 0)
(3 4.03191e-16 0)
(3 2.56258e-16 0)
(3 -5.20639e-16 0)
(3 -1.05867e-15 0)
(3 -1.22381e-15 0)
(3 -1.14161e-15 0)
(3 -8.9311e-16 0)
(3 -7.76974e-16 0)
(3 -1.67756e-15 0)
(3 -2.11092e-15 0)
(3 -1.79804e-15 0)
(3 -1.52186e-15 0)
(3 -4.04597e-16 0)
(3 2.53035e-16 0)
(3 6.65895e-16 0)
(3 1.74408e-16 0)
(3 -8.48347e-16 0)
(3 -1.6773e-15 0)
(3 -1.14706e-15 0)
(3 -2.10836e-16 0)
(3 -4.77527e-16 0)
(3 7.29525e-16 0)
(3 1.70523e-15 0)
(3 1.48215e-15 0)
(3 2.00151e-15 0)
(3 2.66939e-15 0)
(3 2.0875e-15 0)
(3 6.3201e-17 0)
(3 -2.27798e-15 0)
(3 -2.44015e-15 0)
(3 -1.65111e-15 0)
(3 -1.34725e-15 0)
(3 -8.57376e-16 0)
(3 -1.33566e-15 0)
(3 -9.20245e-16 0)
(3 -8.17734e-16 0)
(3 -8.08681e-16 0)
(3 -5.23675e-16 0)
(3 -2.04477e-16 0)
(3 7.04381e-16 0)
(3 1.5732e-15 0)
(3 2.1489e-15 0)
(3 1.47849e-15 0)
(3 1.19204e-15 0)
(3 1.37699e-15 0)
(3 5.1393e-16 0)
(3 -2.10149e-16 0)
(3 -7.08939e-17 0)
(3 1.53282e-16 0)
(3 -2.25776e-16 0)
(3 -6.92179e-16 0)
(3 -4.28283e-16 0)
(3 -2.95952e-16 0)
(3 2.77888e-16 0)
(3 1.10981e-15 0)
(3 7.50274e-16 0)
(3 8.02158e-16 0)
(3 4.53227e-16 0)
(3 -4.87933e-17 0)
(3 -4.90567e-16 0)
(3 -8.22678e-16 0)
(3 -1.58987e-15 0)
(3 -9.9225e-16 0)
(3 3.94769e-17 0)
(3 -4.40339e-16 0)
(3 -5.42958e-16 0)
(3 -2.75102e-16 0)
(3 -9.82164e-17 0)
(3 -3.42613e-16 0)
(3 -5.01707e-16 0)
(3 -7.26577e-16 0)
(3 -1.14594e-15 0)
(3 -8.83597e-16 0)
(3 -1.86507e-15 0)
(3 -1.4484e-15 0)
(3 -1.44274e-15 0)
(3 -1.02553e-15 0)
(3 -3.95708e-17 0)
(3 -1.29268e-16 0)
(3 1.20337e-15 0)
(3 2.82836e-16 0)
(3 -5.28626e-16 0)
(3 -1.8109e-16 0)
(3 5.97854e-16 0)
(3 7.20128e-16 0)
(3 -3.67744e-16 0)
(3 -4.24453e-16 0)
(3 5.79932e-16 0)
(3 1.23832e-15 0)
(3 1.35092e-15 0)
(3 1.21174e-15 0)
(3 1.5063e-15 0)
(3 1.19774e-15 0)
(3 6.19667e-16 0)
(3 4.54029e-16 0)
(3 5.6548e-17 0)
(3 2.86918e-16 0)
(3 2.56596e-16 0)
(3 -5.44628e-16 0)
(3 -7.21641e-17 0)
(3 5.30931e-16 0)
(3 3.51741e-17 0)
(3 -1.37789e-15 0)
(3 -1.90283e-15 0)
(3 -2.13617e-15 0)
(3 -1.60311e-15 0)
(3 -9.82264e-16 0)
(3 -6.4752e-16 0)
(3 -1.27864e-16 0)
(3 -3.30399e-16 0)
(3 -1.88613e-15 0)
(3 -2.28504e-15 0)
(3 -2.09964e-15 0)
(3 -2.26737e-15 0)
(3 -2.64558e-15 0)
(3 -3.3966e-15 0)
(3 -3.15161e-15 0)
(3 -7.90347e-16 0)
(3 2.86364e-16 0)
(3 1.3304e-15 0)
(3 1.80053e-15 0)
(3 1.49877e-15 0)
(3 3.74517e-16 0)
(3 -5.97309e-16 0)
(3 -7.42358e-16 0)
(3 -1.23049e-15 0)
(3 -1.73167e-15 0)
(3 -1.25236e-15 0)
(3 2.27731e-18 0)
(3 -6.34456e-16 0)
(3 3.95858e-17 0)
(3 4.71997e-16 0)
(3 -7.07066e-17 0)
(3 -1.86858e-16 0)
(3 9.86355e-17 0)
(3 8.10915e-18 0)
(3 6.62876e-16 0)
(3 1.18151e-15 0)
(3 1.77802e-15 0)
(3 1.26636e-15 0)
(3 1.04297e-15 0)
(3 4.37031e-16 0)
(3 6.9596e-16 0)
(3 1.26158e-15 0)
(3 1.61197e-15 0)
(3 1.04563e-15 0)
(3 2.86437e-16 0)
(3 4.0797e-16 0)
(3 6.06139e-16 0)
(3 1.15271e-15 0)
(3 8.01799e-16 0)
(3 5.44273e-17 0)
(3 -1.55629e-15 0)
(3 -1.60183e-15 0)
(3 -1.8346e-15 0)
(3 -2.02879e-15 0)
(3 -1.63189e-15 0)
(3 -1.59185e-15 0)
(3 -9.76902e-16 0)
(3 5.73553e-16 0)
(3 6.40718e-16 0)
(3 1.20323e-15 0)
(3 1.3286e-15 0)
(3 2.11176e-17 0)
(3 1.06684e-16 0)
(3 5.66055e-16 0)
(3 2.22132e-16 0)
(3 -4.77466e-16 0)
(3 -1.01405e-15 0)
(3 -7.70848e-16 0)
(3 -4.645e-16 0)
(3 -2.88646e-16 0)
(3 3.70861e-17 0)
(3 -2.34118e-16 0)
(3 -2.31564e-16 0)
(3 1.60135e-17 0)
(3 4.44855e-16 0)
(3 3.44139e-16 0)
(3 9.86487e-16 0)
(3 1.55003e-15 0)
(3 1.61853e-15 0)
(3 1.07576e-15 0)
(3 5.22427e-16 0)
(3 -1.23071e-16 0)
(3 -5.63361e-16 0)
(3 3.69724e-16 0)
(3 5.17646e-16 0)
(3 6.63389e-16 0)
(3 3.1641e-16 0)
(3 4.88013e-16 0)
(3 8.29205e-17 0)
(3 1.01714e-15 0)
(3 9.31297e-16 0)
(3 3.34819e-16 0)
(3 8.06205e-16 0)
(3 1.13087e-15 0)
(3 2.59487e-16 0)
(3 -5.29821e-16 0)
(3 -2.02813e-15 0)
(3 -3.48546e-15 0)
(3 -2.67295e-15 0)
(3 -2.57089e-15 0)
(3 -2.15194e-15 0)
(3 -1.15727e-15 0)
(3 -9.96426e-16 0)
(3 -5.95071e-16 0)
(3 -7.41921e-16 0)
(3 -4.19445e-17 0)
(3 -1.42976e-16 0)
(3 -4.01398e-16 0)
(3 -2.13245e-15 0)
(3 -3.03305e-15 0)
(3 -3.00259e-15 0)
(3 -2.17131e-15 0)
(3 -6.76121e-16 0)
(3 1.73349e-15 0)
(3 2.77096e-15 0)
(3 2.25422e-15 0)
(3 1.99112e-15 0)
(3 1.20173e-15 0)
(3 1.19405e-15 0)
(3 1.2053e-15 0)
(3 9.82785e-16 0)
(3 -1.51734e-17 0)
(3 -3.54071e-16 0)
(3 6.29942e-16 0)
(3 5.19808e-16 0)
(3 8.46108e-16 0)
(3 6.63096e-16 0)
(3 2.49363e-16 0)
(3 2.54084e-17 0)
(3 6.50187e-17 0)
(3 2.3253e-16 0)
(3 -6.03727e-17 0)
(3 -5.09556e-17 0)
(3 -5.81848e-16 0)
(3 -6.02249e-16 0)
(3 -5.19943e-16 0)
(3 5.76076e-16 0)
(3 2.06495e-15 0)
(3 2.01636e-15 0)
(3 9.7145e-16 0)
(3 -3.86952e-16 0)
(3 -1.38245e-15 0)
(3 -7.98077e-16 0)
(3 -1.78224e-16 0)
(3 -9.84924e-16 0)
(3 -1.46416e-15 0)
(3 -1.53114e-15 0)
(3 -1.03333e-15 0)
(3 -7.05092e-16 0)
(3 -5.17814e-16 0)
(3 -2.21088e-16 0)
(3 7.39666e-17 0)
(3 -2.67938e-16 0)
(3 5.76692e-16 0)
(3 2.05976e-15 0)
(3 2.25473e-15 0)
(3 2.42775e-15 0)
(3 1.09043e-16 0)
(3 5.1245e-16 0)
(3 4.01792e-16 0)
(3 3.02194e-16 0)
(3 -1.30414e-16 0)
(3 -1.52072e-16 0)
(3 1.22521e-16 0)
(3 6.00977e-17 0)
(3 5.07718e-16 0)
(3 1.50597e-15 0)
(3 1.51843e-15 0)
(3 1.36925e-15 0)
(3 8.82956e-16 0)
(3 1.57809e-15 0)
(3 1.7483e-15 0)
(3 1.97306e-15 0)
(3 1.44292e-15 0)
(3 1.38083e-15 0)
(3 1.76386e-15 0)
(3 1.41185e-15 0)
(3 3.60551e-16 0)
(3 1.69305e-16 0)
(3 3.81656e-16 0)
(3 6.18481e-16 0)
(3 5.06368e-16 0)
(3 7.81081e-16 0)
(3 1.76334e-15 0)
(3 1.49664e-15 0)
(3 1.6018e-15 0)
(3 1.22361e-15 0)
(3 1.34274e-15 0)
(3 1.63398e-15 0)
(3 1.59067e-15 0)
(3 1.36734e-15 0)
(3 1.5056e-15 0)
(3 1.24227e-15 0)
(3 4.59536e-17 0)
(3 -2.80725e-16 0)
(3 -5.73419e-16 0)
(3 -1.16712e-15 0)
(3 -9.90255e-16 0)
(3 -2.67832e-16 0)
(3 4.0458e-16 0)
(3 7.05094e-16 0)
(3 -1.09246e-16 0)
(3 -3.40987e-16 0)
(3 -5.41108e-16 0)
(3 -7.6805e-16 0)
(3 -1.06632e-15 0)
(3 -1.35378e-15 0)
(3 -9.29746e-16 0)
(3 -1.02374e-15 0)
(3 -2.88891e-16 0)
(3 1.56445e-17 0)
(3 3.70818e-16 0)
(3 1.05129e-15 0)
(3 1.30991e-15 0)
(3 5.77848e-16 0)
(3 6.10983e-16 0)
(3 4.18918e-16 0)
(3 4.73243e-17 0)
(3 2.52411e-16 0)
(3 9.28265e-16 0)
(3 9.31287e-16 0)
(3 1.55314e-15 0)
(3 3.15651e-15 0)
(3 3.17719e-15 0)
(3 2.9553e-15 0)
(3 2.50157e-15 0)
(3 1.35531e-15 0)
(3 2.35589e-16 0)
(3 -6.46679e-16 0)
(3 -4.09797e-16 0)
(3 -3.86223e-16 0)
(3 1.21221e-16 0)
(3 7.13102e-16 0)
(3 1.22716e-15 0)
(3 2.03655e-15 0)
(3 2.25418e-15 0)
(3 1.20823e-15 0)
(3 6.78378e-16 0)
(3 -6.09898e-16 0)
(3 -1.2896e-15 0)
(3 -1.39389e-15 0)
(3 -1.05289e-15 0)
(3 -6.17291e-16 0)
(3 -6.39263e-16 0)
(3 -5.10965e-16 0)
(3 -9.30789e-17 0)
(3 5.75819e-16 0)
(3 9.72101e-16 0)
(3 1.79527e-15 0)
(3 1.55805e-15 0)
(3 3.11235e-15 0)
(3 3.49187e-15 0)
(3 2.92621e-15 0)
(3 6.01979e-17 0)
(3 1.25991e-16 0)
(3 -1.39365e-17 0)
(3 2.8453e-16 0)
(3 -3.84539e-17 0)
(3 1.98915e-16 0)
(3 1.27724e-16 0)
(3 4.79252e-17 0)
(3 -7.46427e-18 0)
(3 -1.94732e-16 0)
(3 1.0676e-17 0)
(3 6.13557e-16 0)
(3 1.15687e-15 0)
(3 9.47057e-16 0)
(3 8.80264e-16 0)
(3 1.16432e-15 0)
(3 1.20043e-15 0)
(3 1.40742e-15 0)
(3 1.1386e-15 0)
(3 1.758e-15 0)
(3 1.16509e-15 0)
(3 6.34566e-16 0)
(3 8.1718e-16 0)
(3 9.67342e-16 0)
(3 1.99304e-15 0)
(3 2.61636e-15 0)
(3 2.78737e-15 0)
(3 2.93468e-15 0)
(3 2.3173e-15 0)
(3 2.88246e-15 0)
(3 3.33609e-15 0)
(3 2.66493e-15 0)
(3 2.57219e-15 0)
(3 3.06384e-15 0)
(3 2.89375e-15 0)
(3 2.84893e-15 0)
(3 3.14949e-15 0)
(3 2.68726e-15 0)
(3 2.25856e-15 0)
(3 1.67997e-15 0)
(3 8.3761e-16 0)
(3 4.58827e-16 0)
(3 -5.1013e-16 0)
(3 -5.77151e-16 0)
(3 -1.07226e-15 0)
(3 -1.0286e-15 0)
(3 -7.29456e-16 0)
(3 -6.07289e-16 0)
(3 -7.69488e-16 0)
(3 -1.17927e-15 0)
(3 -2.49844e-15 0)
(3 -2.41046e-15 0)
(3 -2.39479e-15 0)
(3 -2.32875e-15 0)
(3 -9.80646e-16 0)
(3 -5.87035e-16 0)
(3 -1.7933e-16 0)
(3 2.33045e-16 0)
(3 -2.12674e-16 0)
(3 -8.93954e-16 0)
(3 -3.31396e-16 0)
(3 -1.98816e-16 0)
(3 4.73959e-16 0)
(3 9.53648e-16 0)
(3 1.73327e-15 0)
(3 2.72989e-15 0)
(3 2.96976e-15 0)
(3 2.83247e-15 0)
(3 2.37978e-15 0)
(3 1.40381e-15 0)
(3 -3.26569e-16 0)
(3 -7.39729e-16 0)
(3 -3.47227e-16 0)
(3 7.00577e-16 0)
(3 1.42518e-15 0)
(3 6.56002e-16 0)
(3 2.24996e-16 0)
(3 6.83475e-16 0)
(3 8.41753e-16 0)
(3 1.00772e-15 0)
(3 1.34277e-15 0)
(3 -6.14607e-16 0)
(3 -1.74472e-15 0)
(3 -1.34845e-15 0)
(3 -5.81191e-16 0)
(3 -1.05837e-15 0)
(3 -1.6838e-15 0)
(3 -1.34691e-15 0)
(3 -2.03031e-16 0)
(3 1.54171e-15 0)
(3 2.48225e-15 0)
(3 1.8064e-15 0)
(3 1.57184e-15 0)
(3 1.58348e-15 0)
(3 2.03465e-15 0)
(3 2.21529e-15 0)
(3 -2.22752e-17 0)
(3 1.02518e-16 0)
(3 2.07193e-16 0)
(3 2.36559e-16 0)
(3 3.49333e-16 0)
(3 -4.46548e-17 0)
(3 4.20376e-16 0)
(3 7.2089e-16 0)
(3 9.18075e-16 0)
(3 -2.97304e-16 0)
(3 -6.80447e-16 0)
(3 -7.50378e-16 0)
(3 -4.0833e-16 0)
(3 -6.31258e-16 0)
(3 -2.54584e-16 0)
(3 -1.29135e-16 0)
(3 4.50573e-16 0)
(3 8.70119e-16 0)
(3 1.40931e-15 0)
(3 8.27735e-16 0)
(3 1.78277e-16 0)
(3 -2.96516e-16 0)
(3 -3.18796e-16 0)
(3 1.9206e-16 0)
(3 6.91458e-16 0)
(3 1.23797e-15 0)
(3 1.26967e-15 0)
(3 8.22525e-16 0)
(3 4.13631e-16 0)
(3 1.64034e-15 0)
(3 3.08411e-15 0)
(3 3.35763e-15 0)
(3 3.03266e-15 0)
(3 2.49503e-15 0)
(3 2.84796e-15 0)
(3 3.09901e-15 0)
(3 2.99786e-15 0)
(3 1.79629e-15 0)
(3 9.27134e-16 0)
(3 1.26656e-15 0)
(3 9.55809e-16 0)
(3 -8.68153e-17 0)
(3 -7.27793e-16 0)
(3 -1.06195e-15 0)
(3 -1.24952e-15 0)
(3 -1.49793e-15 0)
(3 -2.62901e-15 0)
(3 -2.54778e-15 0)
(3 -1.94614e-15 0)
(3 -1.29398e-15 0)
(3 -1.76541e-15 0)
(3 -2.49645e-15 0)
(3 -3.05914e-15 0)
(3 -2.4673e-15 0)
(3 -1.01594e-15 0)
(3 -6.32993e-16 0)
(3 -4.40813e-16 0)
(3 -3.46974e-16 0)
(3 -4.43157e-16 0)
(3 -8.76454e-16 0)
(3 -7.47546e-16 0)
(3 -1.23154e-15 0)
(3 -2.8459e-16 0)
(3 5.87637e-16 0)
(3 3.8766e-16 0)
(3 -2.74764e-16 0)
(3 2.36445e-16 0)
(3 8.91149e-16 0)
(3 1.12681e-15 0)
(3 4.23755e-16 0)
(3 -6.55032e-16 0)
(3 -6.42197e-16 0)
(3 1.22977e-16 0)
(3 1.60341e-15 0)
(3 2.1407e-15 0)
(3 1.76135e-15 0)
(3 1.62177e-15 0)
(3 1.0343e-15 0)
(3 1.67558e-16 0)
(3 9.09145e-16 0)
(3 1.35838e-15 0)
(3 9.69745e-16 0)
(3 -1.14238e-17 0)
(3 -2.14673e-16 0)
(3 -6.14026e-16 0)
(3 -9.62675e-16 0)
(3 -9.89421e-16 0)
(3 -8.6784e-16 0)
(3 -7.10128e-16 0)
(3 2.04882e-16 0)
(3 1.77824e-15 0)
(3 1.9854e-15 0)
(3 1.51551e-15 0)
(3 8.59277e-16 0)
(3 8.29833e-16 0)
(3 1.73604e-15 0)
(3 -2.76938e-17 0)
(3 1.45723e-16 0)
(3 1.51559e-16 0)
(3 3.83304e-16 0)
(3 6.47164e-16 0)
(3 3.69485e-16 0)
(3 -1.00494e-16 0)
(3 -7.22428e-16 0)
(3 -1.11978e-15 0)
(3 -1.10496e-15 0)
(3 -5.0756e-16 0)
(3 -8.69904e-16 0)
(3 -1.36656e-15 0)
(3 -1.37766e-15 0)
(3 -1.08079e-15 0)
(3 -1.03185e-15 0)
(3 -8.99114e-16 0)
(3 6.76481e-17 0)
(3 5.66162e-16 0)
(3 1.9576e-16 0)
(3 -4.1762e-17 0)
(3 3.61628e-16 0)
(3 2.28387e-16 0)
(3 9.41718e-16 0)
(3 1.14827e-15 0)
(3 4.66565e-16 0)
(3 -4.59456e-16 0)
(3 -4.94032e-16 0)
(3 -5.64142e-16 0)
(3 1.21829e-16 0)
(3 7.299e-16 0)
(3 1.97882e-15 0)
(3 2.58114e-15 0)
(3 2.45945e-15 0)
(3 2.81881e-15 0)
(3 2.91585e-15 0)
(3 2.45298e-15 0)
(3 1.37149e-15 0)
(3 1.43228e-15 0)
(3 2.21818e-16 0)
(3 -2.15333e-16 0)
(3 6.51165e-17 0)
(3 -5.42893e-16 0)
(3 -8.23078e-16 0)
(3 -1.00367e-15 0)
(3 -1.94374e-15 0)
(3 -2.4022e-15 0)
(3 -1.91205e-15 0)
(3 -1.40649e-15 0)
(3 -9.4415e-16 0)
(3 -6.30173e-16 0)
(3 -1.0392e-15 0)
(3 -1.8097e-15 0)
(3 -1.44994e-15 0)
(3 -1.40978e-15 0)
(3 -1.41337e-15 0)
(3 -9.86468e-16 0)
(3 -4.84505e-16 0)
(3 5.59588e-16 0)
(3 8.08681e-16 0)
(3 4.80817e-16 0)
(3 7.85553e-17 0)
(3 -1.92452e-16 0)
(3 4.47938e-17 0)
(3 -2.61538e-16 0)
(3 -1.2741e-15 0)
(3 -1.30711e-15 0)
(3 -7.42724e-16 0)
(3 -1.88791e-16 0)
(3 -6.16218e-16 0)
(3 -3.62554e-16 0)
(3 -2.04566e-16 0)
(3 7.65051e-16 0)
(3 1.53444e-15 0)
(3 1.18145e-15 0)
(3 7.67398e-16 0)
(3 5.3082e-16 0)
(3 -1.07971e-16 0)
(3 -2.29438e-16 0)
(3 3.1193e-16 0)
(3 1.33716e-15 0)
(3 2.28956e-15 0)
(3 9.9667e-16 0)
(3 5.62607e-16 0)
(3 -2.60661e-16 0)
(3 8.64213e-17 0)
(3 1.41158e-15 0)
(3 1.36008e-15 0)
(3 1.37983e-15 0)
(3 9.72914e-16 0)
(3 1.00164e-15 0)
(3 1.65215e-15 0)
(3 1.5983e-15 0)
(3 1.13675e-15 0)
(3 7.42638e-16 0)
(3 6.58074e-16 0)
(3 -5.90802e-18 0)
(3 -1.158e-16 0)
(3 3.60474e-17 0)
(3 1.16893e-16 0)
(3 3.81747e-16 0)
(3 1.2774e-15 0)
(3 8.49842e-16 0)
(3 -1.06726e-17 0)
(3 -4.62481e-16 0)
(3 1.01634e-16 0)
(3 6.57204e-16 0)
(3 3.49181e-16 0)
(3 -1.00246e-15 0)
(3 -1.89015e-15 0)
(3 -2.45347e-15 0)
(3 -1.88448e-15 0)
(3 -2.70717e-16 0)
(3 -3.04271e-16 0)
(3 1.65252e-16 0)
(3 1.05481e-15 0)
(3 1.46705e-15 0)
(3 8.98205e-16 0)
(3 7.00525e-16 0)
(3 9.56768e-16 0)
(3 6.73741e-16 0)
(3 -3.8264e-16 0)
(3 -9.02288e-16 0)
(3 -3.35161e-16 0)
(3 4.66988e-16 0)
(3 2.32273e-16 0)
(3 5.91152e-16 0)
(3 1.0608e-15 0)
(3 2.2116e-15 0)
(3 2.73081e-15 0)
(3 2.18511e-15 0)
(3 1.89881e-15 0)
(3 1.26114e-15 0)
(3 1.69885e-15 0)
(3 2.56128e-15 0)
(3 1.23882e-15 0)
(3 1.1558e-15 0)
(3 1.79821e-15 0)
(3 1.92616e-15 0)
(3 1.10919e-15 0)
(3 2.13848e-17 0)
(3 -5.93675e-16 0)
(3 -2.92806e-16 0)
(3 -3.09117e-16 0)
(3 -4.67511e-16 0)
(3 -1.03779e-15 0)
(3 -1.35124e-15 0)
(3 -1.76254e-15 0)
(3 -9.94149e-16 0)
(3 -1.14214e-15 0)
(3 -1.18293e-15 0)
(3 -4.80097e-16 0)
(3 1.08097e-15 0)
(3 1.05403e-15 0)
(3 7.60607e-16 0)
(3 9.29851e-16 0)
(3 1.06173e-15 0)
(3 1.16476e-15 0)
(3 7.46833e-16 0)
(3 -8.25288e-17 0)
(3 -3.67567e-16 0)
(3 -5.5693e-16 0)
(3 -4.86623e-16 0)
(3 -8.26453e-17 0)
(3 1.6161e-16 0)
(3 2.20809e-16 0)
(3 1.58899e-16 0)
(3 -3.84752e-16 0)
(3 -1.28128e-16 0)
(3 4.33624e-17 0)
(3 -7.21298e-16 0)
(3 -1.18893e-15 0)
(3 -2.01231e-15 0)
(3 -2.34895e-15 0)
(3 -1.69676e-15 0)
(3 -1.3246e-15 0)
(3 -1.52605e-16 0)
(3 7.69247e-16 0)
(3 3.96959e-16 0)
(3 4.65999e-16 0)
(3 9.4614e-16 0)
(3 1.64257e-15 0)
(3 2.34654e-15 0)
(3 1.94553e-15 0)
(3 1.85515e-15 0)
(3 1.45192e-15 0)
(3 5.04108e-16 0)
(3 5.06039e-16 0)
(3 1.08595e-15 0)
(3 1.01617e-15 0)
(3 7.45255e-17 0)
(3 -6.01769e-16 0)
(3 -1.46598e-16 0)
(3 1.28941e-16 0)
(3 3.00492e-16 0)
(3 3.57572e-16 0)
(3 6.62743e-16 0)
(3 6.84334e-16 0)
(3 1.25506e-15 0)
(3 1.07671e-15 0)
(3 6.97612e-16 0)
(3 8.44532e-16 0)
(3 9.60236e-16 0)
(3 7.31632e-16 0)
(3 -3.46226e-16 0)
(3 -1.26309e-15 0)
(3 -1.81198e-15 0)
(3 -6.12428e-16 0)
(3 6.22205e-16 0)
(3 1.07273e-15 0)
(3 8.13532e-16 0)
(3 8.93793e-16 0)
(3 1.21698e-15 0)
(3 9.39594e-16 0)
(3 5.69831e-16 0)
(3 3.10257e-16 0)
(3 5.82152e-17 0)
(3 5.09727e-16 0)
(3 6.19004e-16 0)
(3 3.54802e-16 0)
(3 3.80498e-16 0)
(3 8.2197e-16 0)
(3 1.45495e-15 0)
(3 1.65698e-15 0)
(3 1.99674e-15 0)
(3 2.88529e-15 0)
(3 2.65656e-15 0)
(3 1.65373e-15 0)
(3 8.78813e-16 0)
(3 2.07232e-15 0)
(3 2.79633e-15 0)
(3 3.59199e-15 0)
(3 1.96312e-15 0)
(3 1.38172e-15 0)
(3 7.69321e-16 0)
(3 3.85892e-16 0)
(3 3.52236e-16 0)
(3 5.38165e-16 0)
(3 8.56978e-16 0)
(3 -1.8028e-16 0)
(3 -3.98714e-16 0)
(3 -3.75056e-16 0)
(3 -7.90744e-16 0)
(3 -1.26893e-15 0)
(3 -1.1716e-15 0)
(3 -1.5364e-15 0)
(3 -1.55369e-15 0)
(3 -8.84234e-16 0)
(3 5.20062e-16 0)
(3 8.11579e-16 0)
(3 1.38335e-15 0)
(3 1.1954e-15 0)
(3 7.11157e-16 0)
(3 1.09462e-15 0)
(3 1.28708e-15 0)
(3 4.96011e-16 0)
(3 4.3375e-16 0)
(3 7.38885e-16 0)
(3 6.969e-16 0)
(3 3.51474e-16 0)
(3 2.88882e-16 0)
(3 3.82514e-16 0)
(3 -6.24118e-16 0)
(3 -2.09906e-15 0)
(3 -1.77602e-15 0)
(3 -1.07195e-15 0)
(3 -7.6944e-16 0)
(3 -6.33352e-16 0)
(3 -7.29211e-16 0)
(3 -4.76018e-16 0)
(3 -1.61175e-15 0)
(3 -2.02214e-15 0)
(3 -2.56967e-15 0)
(3 -1.55716e-15 0)
(3 -1.17548e-17 0)
(3 2.20819e-16 0)
(3 2.25061e-15 0)
(3 2.28714e-15 0)
(3 1.6999e-15 0)
(3 1.2837e-15 0)
(3 4.54894e-17 0)
(3 -9.66376e-16 0)
(3 -1.6181e-15 0)
(3 -8.07833e-16 0)
(3 -4.96547e-16 0)
(3 -9.80419e-16 0)
(3 -8.71237e-16 0)
(3 1.99754e-16 0)
(3 -4.99398e-18 0)
(3 -6.44017e-18 0)
(3 -8.95167e-17 0)
(3 -8.7123e-17 0)
(3 -3.3186e-16 0)
(3 -7.92084e-16 0)
(3 3.94881e-17 0)
(3 3.10606e-16 0)
(3 3.84254e-16 0)
(3 -2.54622e-16 0)
(3 -7.68523e-16 0)
(3 -5.06631e-16 0)
(3 3.9296e-16 0)
(3 1.96905e-16 0)
(3 -1.0244e-16 0)
(3 7.89809e-16 0)
(3 1.73025e-15 0)
(3 2.16387e-15 0)
(3 1.55856e-15 0)
(3 8.23153e-16 0)
(3 1.58494e-16 0)
(3 5.71281e-16 0)
(3 1.18115e-15 0)
(3 9.37379e-16 0)
(3 8.80025e-16 0)
(3 7.87398e-16 0)
(3 1.56402e-15 0)
(3 1.40352e-15 0)
(3 7.46905e-16 0)
(3 4.50715e-16 0)
(3 7.47988e-16 0)
(3 1.09291e-15 0)
(3 1.55331e-15 0)
(3 2.03754e-15 0)
(3 1.91085e-15 0)
(3 1.79124e-15 0)
(3 1.93005e-15 0)
(3 2.43921e-15 0)
(3 2.60905e-15 0)
(3 2.74221e-15 0)
(3 1.71201e-15 0)
(3 -9.61998e-16 0)
(3 -1.62802e-15 0)
(3 -1.17751e-15 0)
(3 -6.66894e-16 0)
(3 -1.6996e-16 0)
(3 -5.10905e-17 0)
(3 4.797e-17 0)
(3 -3.62403e-17 0)
(3 4.49323e-16 0)
(3 2.97656e-16 0)
(3 1.93989e-16 0)
(3 -3.46604e-16 0)
(3 -9.3871e-16 0)
(3 -2.16826e-15 0)
(3 -2.14434e-15 0)
(3 -2.35257e-15 0)
(3 -1.79343e-16 0)
(3 8.27092e-16 0)
(3 1.07328e-15 0)
(3 7.03329e-16 0)
(3 6.33722e-16 0)
(3 8.67088e-16 0)
(3 7.57778e-16 0)
(3 -2.75185e-16 0)
(3 -3.66068e-16 0)
(3 -4.15018e-16 0)
(3 -6.74529e-16 0)
(3 -6.64771e-16 0)
(3 -4.79437e-16 0)
(3 -7.31983e-16 0)
(3 -4.41694e-16 0)
(3 -8.38164e-16 0)
(3 -1.243e-15 0)
(3 -1.44899e-15 0)
(3 -1.26351e-15 0)
(3 -8.94448e-16 0)
(3 -4.60706e-16 0)
(3 -4.92524e-16 0)
(3 -1.41898e-15 0)
(3 -2.74917e-15 0)
(3 -2.10672e-15 0)
(3 -1.26376e-15 0)
(3 1.93935e-16 0)
(3 5.17613e-16 0)
(3 1.94201e-16 0)
(3 -9.59227e-16 0)
(3 -1.36906e-15 0)
(3 -1.99062e-15 0)
(3 -1.95985e-15 0)
(3 -1.29312e-15 0)
(3 -1.1042e-15 0)
(3 -5.65188e-16 0)
(3 2.574e-16 0)
(3 6.96453e-16 0)
(3 7.33987e-16 0)
(3 1.52488e-17 0)
(3 -1.92455e-16 0)
(3 -2.34597e-16 0)
(3 -2.74139e-16 0)
(3 -8.3159e-16 0)
(3 -9.62836e-16 0)
(3 -7.29635e-16 0)
(3 -6.41994e-16 0)
(3 -8.10166e-16 0)
(3 -1.35453e-15 0)
(3 -1.45843e-15 0)
(3 -7.18251e-16 0)
(3 5.55852e-17 0)
(3 4.84622e-16 0)
(3 5.41304e-16 0)
(3 7.95224e-16 0)
(3 1.55962e-15 0)
(3 6.61873e-17 0)
(3 -1.9283e-16 0)
(3 -7.83255e-16 0)
(3 -1.18103e-15 0)
(3 -3.94052e-16 0)
(3 1.38192e-15 0)
(3 1.89921e-15 0)
(3 2.24778e-15 0)
(3 1.52736e-15 0)
(3 1.53527e-15 0)
(3 -5.62411e-17 0)
(3 -9.41963e-16 0)
(3 -7.87699e-16 0)
(3 -9.6173e-16 0)
(3 1.1203e-16 0)
(3 2.40585e-16 0)
(3 -2.51885e-17 0)
(3 8.07413e-16 0)
(3 1.69772e-15 0)
(3 2.42396e-15 0)
(3 2.29963e-15 0)
(3 2.33861e-15 0)
(3 5.31908e-16 0)
(3 -9.60285e-16 0)
(3 -1.52345e-15 0)
(3 -8.76502e-16 0)
(3 -5.63821e-16 0)
(3 -4.8865e-16 0)
(3 -7.29099e-16 0)
(3 -1.23448e-15 0)
(3 -3.91949e-16 0)
(3 3.76048e-16 0)
(3 4.31191e-16 0)
(3 -4.95408e-16 0)
(3 -8.51656e-16 0)
(3 -9.60438e-16 0)
(3 -9.08569e-16 0)
(3 -1.46594e-15 0)
(3 -3.23964e-15 0)
(3 -4.55286e-15 0)
(3 -4.35225e-15 0)
(3 -3.90604e-15 0)
(3 -2.20702e-15 0)
(3 -1.54114e-15 0)
(3 -5.5752e-16 0)
(3 -3.39926e-16 0)
(3 -4.99084e-16 0)
(3 -9.61323e-16 0)
(3 -1.72126e-15 0)
(3 -1.75543e-15 0)
(3 -1.57905e-15 0)
(3 -1.13493e-15 0)
(3 -1.06046e-15 0)
(3 4.03906e-16 0)
(3 1.38012e-15 0)
(3 1.02178e-15 0)
(3 -4.28991e-16 0)
(3 -2.02751e-15 0)
(3 -2.12129e-15 0)
(3 -1.95808e-15 0)
(3 -1.25455e-15 0)
(3 -4.81729e-16 0)
(3 -1.00586e-15 0)
(3 -8.26013e-16 0)
(3 8.03828e-16 0)
(3 -3.46142e-16 0)
(3 -8.71464e-16 0)
(3 -1.05729e-15 0)
(3 -3.21056e-15 0)
(3 -3.97434e-15 0)
(3 -3.97119e-15 0)
(3 -3.61074e-15 0)
(3 -2.58507e-15 0)
(3 -2.34318e-16 0)
(3 -8.94315e-17 0)
(3 -1.96407e-16 0)
(3 2.98035e-16 0)
(3 -3.39419e-16 0)
(3 -6.68897e-16 0)
(3 5.80057e-17 0)
(3 1.65956e-16 0)
(3 3.24301e-17 0)
(3 3.37729e-17 0)
(3 -1.07463e-16 0)
(3 -3.02693e-16 0)
(3 -1.46362e-15 0)
(3 -2.12252e-15 0)
(3 -1.85269e-15 0)
(3 -8.11526e-16 0)
(3 -1.08718e-16 0)
(3 2.68682e-17 0)
(3 3.55851e-16 0)
(3 1.02218e-15 0)
(3 9.96816e-16 0)
(3 -2.0627e-16 0)
(3 -5.76192e-16 0)
(3 -2.73542e-15 0)
(3 -3.11726e-15 0)
(3 -3.45198e-15 0)
(3 -2.08753e-15 0)
(3 -1.669e-15 0)
(3 -1.48489e-15 0)
(3 -9.84552e-16 0)
(3 9.71988e-16 0)
(3 1.59311e-15 0)
(3 9.48891e-16 0)
(3 1.63298e-16 0)
(3 4.63816e-16 0)
(3 7.81337e-16 0)
(3 9.5601e-16 0)
(3 1.14096e-15 0)
(3 5.49135e-16 0)
(3 -6.49381e-16 0)
(3 -1.06361e-15 0)
(3 -4.28071e-16 0)
(3 1.92036e-16 0)
(3 1.98148e-16 0)
(3 -3.01781e-16 0)
(3 -1.2329e-15 0)
(3 -1.2498e-15 0)
(3 -3.44878e-16 0)
(3 3.60537e-16 0)
(3 3.83155e-16 0)
(3 -2.14218e-16 0)
(3 -7.65807e-16 0)
(3 -7.995e-16 0)
(3 -2.69491e-16 0)
(3 -1.30324e-16 0)
(3 -3.35244e-16 0)
(3 5.90503e-16 0)
(3 -3.65982e-16 0)
(3 -1.03175e-15 0)
(3 -1.26635e-15 0)
(3 -1.7467e-15 0)
(3 -2.72669e-15 0)
(3 -4.02134e-15 0)
(3 -4.70587e-15 0)
(3 -4.41889e-15 0)
(3 -3.5936e-15 0)
(3 -2.17035e-15 0)
(3 -1.52806e-15 0)
(3 -1.62123e-15 0)
(3 -1.48241e-15 0)
(3 -1.36119e-15 0)
(3 -1.77515e-15 0)
(3 -1.12245e-15 0)
(3 -1.72662e-15 0)
(3 -1.0198e-15 0)
(3 4.00783e-16 0)
(3 1.3577e-15 0)
(3 1.3965e-15 0)
(3 1.79868e-15 0)
(3 1.71003e-15 0)
(3 1.34841e-15 0)
(3 7.9486e-16 0)
(3 4.55787e-16 0)
(3 4.64023e-16 0)
(3 -1.75201e-16 0)
(3 1.37136e-16 0)
(3 9.70146e-16 0)
(3 5.20873e-16 0)
(3 -1.50574e-16 0)
(3 -1.73975e-15 0)
(3 -4.35376e-15 0)
(3 -5.20918e-15 0)
(3 -5.26558e-15 0)
(3 -4.92316e-15 0)
(3 -4.65021e-15 0)
(3 -3.91627e-15 0)
(3 -2.81524e-15 0)
(3 -1.5936e-15 0)
(3 -1.57077e-15 0)
(3 -1.29627e-15 0)
(3 -1.63011e-15 0)
(3 -2.30459e-15 0)
(3 -8.39452e-18 0)
(3 -5.56504e-17 0)
(3 6.41151e-18 0)
(3 -3.03931e-17 0)
(3 2.338e-16 0)
(3 4.45725e-16 0)
(3 -1.3559e-16 0)
(3 -3.73099e-16 0)
(3 4.31772e-17 0)
(3 5.99775e-16 0)
(3 7.42722e-16 0)
(3 5.97176e-16 0)
(3 1.09093e-15 0)
(3 9.30356e-16 0)
(3 2.89481e-16 0)
(3 -8.42151e-16 0)
(3 -2.71301e-15 0)
(3 -3.13183e-15 0)
(3 -2.36207e-15 0)
(3 -1.8611e-15 0)
(3 -1.64792e-15 0)
(3 -1.76106e-15 0)
(3 -1.95359e-15 0)
(3 -1.83263e-15 0)
(3 -1.39272e-15 0)
(3 4.40558e-16 0)
(3 4.5121e-16 0)
(3 5.52535e-16 0)
(3 3.58613e-16 0)
(3 4.36528e-16 0)
(3 6.3038e-16 0)
(3 2.86823e-16 0)
(3 -9.31664e-16 0)
(3 -1.71665e-15 0)
(3 -2.4737e-15 0)
(3 -1.43527e-15 0)
(3 -7.72647e-16 0)
(3 -1.00749e-15 0)
(3 -1.40103e-15 0)
(3 -1.23902e-15 0)
(3 -1.06855e-15 0)
(3 9.19461e-17 0)
(3 9.64384e-16 0)
(3 -3.5302e-16 0)
(3 -4.43007e-16 0)
(3 -9.60524e-16 0)
(3 -1.20589e-15 0)
(3 -1.90748e-15 0)
(3 -2.32329e-15 0)
(3 -2.19001e-15 0)
(3 -8.10651e-16 0)
(3 -2.87588e-16 0)
(3 5.47303e-16 0)
(3 4.93522e-16 0)
(3 -1.98111e-16 0)
(3 -1.86281e-16 0)
(3 -3.60481e-16 0)
(3 -6.94959e-16 0)
(3 -1.37956e-15 0)
(3 -1.27245e-15 0)
(3 -1.13176e-15 0)
(3 -1.30865e-15 0)
(3 -1.64854e-15 0)
(3 -2.58821e-15 0)
(3 -2.09918e-15 0)
(3 -1.91481e-15 0)
(3 -1.84875e-15 0)
(3 -1.49013e-15 0)
(3 -8.3028e-16 0)
(3 3.18222e-17 0)
(3 1.84093e-16 0)
(3 -1.23777e-16 0)
(3 3.56585e-16 0)
(3 1.15705e-15 0)
(3 1.34443e-15 0)
(3 1.79933e-15 0)
(3 1.43499e-15 0)
(3 1.24802e-15 0)
(3 1.00913e-15 0)
(3 1.88681e-15 0)
(3 1.91037e-15 0)
(3 -1.85401e-15 0)
(3 -2.93799e-15 0)
(3 -2.66673e-15 0)
(3 -3.35256e-15 0)
(3 -4.08131e-15 0)
(3 -4.18627e-15 0)
(3 -3.83107e-15 0)
(3 -2.71444e-15 0)
(3 -2.84094e-15 0)
(3 -2.88636e-15 0)
(3 -2.62535e-15 0)
(3 -1.30762e-15 0)
(3 -6.43645e-16 0)
(3 -9.67917e-16 0)
(3 -1.42882e-15 0)
(3 -1.42151e-16 0)
(3 -1.95679e-16 0)
(3 -1.65359e-16 0)
(3 3.7157e-17 0)
(3 3.60536e-16 0)
(3 8.80654e-16 0)
(3 1.51381e-15 0)
(3 2.29164e-15 0)
(3 1.70927e-15 0)
(3 8.64173e-16 0)
(3 9.23227e-16 0)
(3 1.10337e-15 0)
(3 1.42095e-15 0)
(3 1.57855e-15 0)
(3 1.6473e-15 0)
(3 4.88627e-16 0)
(3 5.83278e-16 0)
(3 1.1874e-15 0)
(3 1.83345e-15 0)
(3 1.93019e-15 0)
(3 1.01912e-15 0)
(3 6.22492e-16 0)
(3 2.9694e-16 0)
(3 -4.899e-16 0)
(3 -9.92955e-16 0)
(3 -6.35114e-16 0)
(3 -9.38212e-16 0)
(3 -7.56045e-16 0)
(3 -5.58383e-16 0)
(3 -4.67037e-16 0)
(3 -3.84001e-16 0)
(3 -5.98278e-16 0)
(3 -9.53756e-16 0)
(3 -1.49262e-15 0)
(3 -1.60111e-15 0)
(3 -1.53722e-15 0)
(3 -2.94666e-16 0)
(3 -1.95072e-16 0)
(3 -6.9114e-16 0)
(3 -8.58751e-16 0)
(3 -1.72728e-15 0)
(3 -9.6669e-16 0)
(3 -1.51825e-17 0)
(3 -2.5677e-16 0)
(3 1.69552e-18 0)
(3 -1.04107e-15 0)
(3 -1.798e-15 0)
(3 -1.95528e-15 0)
(3 -1.94422e-15 0)
(3 -1.52417e-15 0)
(3 -1.23029e-15 0)
(3 -3.33037e-16 0)
(3 1.06906e-15 0)
(3 7.99246e-16 0)
(3 1.17374e-15 0)
(3 1.234e-15 0)
(3 1.07996e-15 0)
(3 3.94394e-16 0)
(3 -5.55105e-16 0)
(3 -1.11701e-15 0)
(3 -1.19003e-15 0)
(3 -1.49927e-15 0)
(3 -1.74681e-15 0)
(3 -1.89093e-15 0)
(3 -1.31431e-15 0)
(3 -7.94889e-16 0)
(3 -1.19856e-15 0)
(3 -5.50221e-16 0)
(3 -5.00435e-16 0)
(3 -5.69478e-16 0)
(3 -6.99285e-16 0)
(3 -7.18579e-16 0)
(3 -9.22616e-16 0)
(3 -6.49977e-16 0)
(3 -8.71736e-17 0)
(3 -1.74054e-16 0)
(3 -3.45986e-17 0)
(3 9.4321e-17 0)
(3 1.10827e-15 0)
(3 1.49106e-15 0)
(3 1.42679e-15 0)
(3 -3.09873e-16 0)
(3 -3.2285e-16 0)
(3 -9.62602e-16 0)
(3 -1.27115e-15 0)
(3 -1.37106e-15 0)
(3 -1.69299e-15 0)
(3 -2.66803e-15 0)
(3 -2.49441e-15 0)
(3 -1.71365e-15 0)
(3 -1.45295e-15 0)
(3 -2.10156e-15 0)
(3 -1.64718e-15 0)
(3 -1.22047e-15 0)
(3 3.06817e-16 0)
(3 8.05253e-16 0)
(3 -6.31227e-18 0)
(3 5.15776e-17 0)
(3 -2.06189e-16 0)
(3 -2.75383e-16 0)
(3 -4.50564e-16 0)
(3 -5.08942e-16 0)
(3 5.2966e-16 0)
(3 1.08941e-15 0)
(3 1.38335e-15 0)
(3 1.29811e-15 0)
(3 8.2362e-16 0)
(3 7.92789e-16 0)
(3 7.44737e-16 0)
(3 7.67114e-16 0)
(3 2.4575e-15 0)
(3 3.35399e-15 0)
(3 3.49388e-15 0)
(3 3.20462e-15 0)
(3 3.42304e-15 0)
(3 3.1375e-15 0)
(3 2.94333e-15 0)
(3 2.05488e-15 0)
(3 6.95558e-16 0)
(3 3.48604e-17 0)
(3 -2.1133e-16 0)
(3 -1.31697e-15 0)
(3 -1.288e-15 0)
(3 -1.24735e-15 0)
(3 -6.80959e-16 0)
(3 -5.40116e-16 0)
(3 -1.53533e-15 0)
(3 -1.76075e-15 0)
(3 -1.52469e-15 0)
(3 -9.31619e-16 0)
(3 -4.93765e-16 0)
(3 -6.74934e-16 0)
(3 -3.40277e-16 0)
(3 1.70537e-16 0)
(3 8.81457e-17 0)
(3 4.69193e-17 0)
(3 -8.29219e-17 0)
(3 -4.25318e-16 0)
(3 -6.71257e-16 0)
(3 2.70191e-16 0)
(3 3.84919e-16 0)
(3 1.48726e-16 0)
(3 -7.127e-16 0)
(3 -1.02813e-15 0)
(3 -6.65113e-16 0)
(3 2.80312e-16 0)
(3 6.63194e-16 0)
(3 6.88593e-16 0)
(3 6.31118e-16 0)
(3 7.78638e-16 0)
(3 1.43332e-15 0)
(3 2.00858e-15 0)
(3 2.32876e-15 0)
(3 1.44895e-15 0)
(3 -6.16792e-16 0)
(3 -1.749e-15 0)
(3 -2.25654e-15 0)
(3 -1.92815e-15 0)
(3 -1.67273e-15 0)
(3 -9.27331e-16 0)
(3 -2.99101e-16 0)
(3 5.68963e-16 0)
(3 1.63224e-15 0)
(3 1.78637e-15 0)
(3 1.9476e-15 0)
(3 1.00569e-15 0)
(3 1.01595e-15 0)
(3 2.25915e-16 0)
(3 -3.6084e-16 0)
(3 -5.35009e-16 0)
(3 1.66575e-16 0)
(3 2.77345e-16 0)
(3 1.05855e-15 0)
(3 1.48487e-15 0)
(3 1.58773e-15 0)
(3 1.59885e-15 0)
(3 1.31996e-15 0)
(3 8.65586e-16 0)
(3 7.03992e-16 0)
(3 -4.25943e-16 0)
(3 -1.0984e-16 0)
(3 8.6591e-17 0)
(3 -5.13036e-16 0)
(3 -1.53633e-15 0)
(3 -1.31781e-15 0)
(3 -1.17507e-15 0)
(3 -1.75885e-15 0)
(3 -2.80927e-15 0)
(3 -2.81742e-15 0)
(3 -2.46859e-15 0)
(3 -2.93296e-15 0)
(3 -2.88269e-15 0)
(3 1.03331e-16 0)
(3 2.09547e-16 0)
(3 1.92571e-17 0)
(3 9.18835e-17 0)
(3 -2.023e-16 0)
(3 1.7878e-17 0)
(3 8.07217e-16 0)
(3 7.62462e-16 0)
(3 7.83414e-16 0)
(3 3.40505e-16 0)
(3 1.57184e-17 0)
(3 -2.4743e-16 0)
(3 -1.20964e-15 0)
(3 -1.15809e-15 0)
(3 -1.00158e-16 0)
(3 6.17055e-16 0)
(3 6.42968e-16 0)
(3 1.05458e-15 0)
(3 1.04214e-15 0)
(3 7.0359e-16 0)
(3 6.47322e-16 0)
(3 8.91108e-16 0)
(3 2.50598e-16 0)
(3 9.2313e-16 0)
(3 -2.01917e-16 0)
(3 -9.50679e-16 0)
(3 -6.46375e-16 0)
(3 -7.11938e-16 0)
(3 -8.73562e-16 0)
(3 -1.25762e-15 0)
(3 -1.94115e-15 0)
(3 -2.1872e-15 0)
(3 -2.09102e-15 0)
(3 -1.27746e-15 0)
(3 -6.7165e-16 0)
(3 -1.68698e-17 0)
(3 -7.57694e-17 0)
(3 -3.46174e-16 0)
(3 -3.54561e-16 0)
(3 -6.61515e-17 0)
(3 1.08876e-15 0)
(3 3.36663e-16 0)
(3 3.8238e-16 0)
(3 1.20329e-15 0)
(3 1.76938e-15 0)
(3 1.60911e-15 0)
(3 5.49586e-16 0)
(3 -1.2499e-16 0)
(3 -9.06538e-16 0)
(3 -1.993e-16 0)
(3 1.7025e-16 0)
(3 -1.01595e-16 0)
(3 -3.24729e-16 0)
(3 -7.40691e-17 0)
(3 5.88264e-16 0)
(3 1.03854e-15 0)
(3 8.47609e-16 0)
(3 8.7037e-16 0)
(3 5.70661e-17 0)
(3 -7.89504e-16 0)
(3 -1.43432e-15 0)
(3 -1.4704e-15 0)
(3 -1.33486e-15 0)
(3 -1.02419e-15 0)
(3 -1.10779e-15 0)
(3 -8.14527e-16 0)
(3 -3.77016e-16 0)
(3 6.25209e-16 0)
(3 1.49614e-15 0)
(3 1.59421e-15 0)
(3 8.28038e-16 0)
(3 -3.34054e-16 0)
(3 -5.07804e-16 0)
(3 -8.0453e-16 0)
(3 3.15141e-16 0)
(3 2.0381e-15 0)
(3 2.98004e-15 0)
(3 2.78432e-15 0)
(3 2.41359e-15 0)
(3 2.22458e-15 0)
(3 1.67427e-15 0)
(3 1.51682e-15 0)
(3 1.38454e-15 0)
(3 6.54307e-16 0)
(3 5.6215e-16 0)
(3 5.2333e-16 0)
(3 9.28461e-16 0)
(3 1.88449e-15 0)
(3 1.69129e-15 0)
(3 -6.78682e-16 0)
(3 -1.88905e-15 0)
(3 -1.3917e-15 0)
(3 -1.39409e-15 0)
(3 -1.74694e-15 0)
(3 -2.28703e-15 0)
(3 -2.38489e-15 0)
(3 1.26165e-16 0)
(3 -1.38835e-16 0)
(3 -6.61875e-16 0)
(3 -4.41854e-16 0)
(3 4.40319e-16 0)
(3 6.21286e-16 0)
(3 8.1321e-16 0)
(3 5.85017e-16 0)
(3 5.50792e-16 0)
(3 1.65395e-17 0)
(3 -5.72233e-16 0)
(3 -1.08897e-15 0)
(3 -8.65993e-16 0)
(3 -7.68508e-16 0)
(3 -9.63062e-16 0)
(3 -9.24145e-16 0)
(3 -1.14605e-15 0)
(3 -8.83147e-16 0)
(3 -1.08457e-15 0)
(3 -1.25846e-15 0)
(3 -9.85299e-16 0)
(3 -8.28048e-16 0)
(3 -2.4312e-16 0)
(3 -2.01191e-17 0)
(3 -2.95098e-16 0)
(3 2.45326e-16 0)
(3 5.58773e-16 0)
(3 7.30325e-16 0)
(3 3.32281e-16 0)
(3 -6.80282e-16 0)
(3 -1.06954e-15 0)
(3 -8.08455e-16 0)
(3 -6.85251e-16 0)
(3 -6.04692e-16 0)
(3 5.9785e-17 0)
(3 1.1524e-15 0)
(3 1.30177e-15 0)
(3 1.31972e-15 0)
(3 1.46442e-15 0)
(3 1.38052e-15 0)
(3 8.95724e-16 0)
(3 1.21056e-15 0)
(3 8.38356e-16 0)
(3 4.31666e-16 0)
(3 6.35049e-16 0)
(3 1.75264e-15 0)
(3 2.01806e-15 0)
(3 2.10728e-15 0)
(3 -6.35833e-16 0)
(3 -1.52194e-15 0)
(3 -1.7663e-15 0)
(3 -1.99613e-15 0)
(3 -2.49614e-15 0)
(3 -2.78887e-15 0)
(3 -2.49386e-15 0)
(3 -2.43047e-15 0)
(3 -1.39172e-15 0)
(3 -7.68215e-16 0)
(3 -5.33077e-16 0)
(3 -6.18145e-16 0)
(3 -6.02228e-16 0)
(3 -1.00067e-15 0)
(3 -1.25159e-15 0)
(3 -7.87441e-16 0)
(3 -6.84439e-16 0)
(3 -6.29676e-16 0)
(3 -1.59442e-16 0)
(3 5.41437e-16 0)
(3 2.60956e-16 0)
(3 8.37139e-16 0)
(3 5.55353e-16 0)
(3 -6.54729e-16 0)
(3 -6.80212e-16 0)
(3 -5.38592e-16 0)
(3 -6.41228e-17 0)
(3 6.13348e-16 0)
(3 9.59299e-16 0)
(3 1.88416e-15 0)
(3 2.119e-15 0)
(3 1.19302e-15 0)
(3 1.54061e-16 0)
(3 6.77041e-16 0)
(3 1.44549e-15 0)
(3 1.76659e-15 0)
(3 1.54987e-15 0)
(3 1.10562e-15 0)
(3 1.00553e-15 0)
(3 1.14925e-15 0)
(3 9.36277e-16 0)
(3 7.04283e-16 0)
(3 9.12152e-16 0)
(3 1.11411e-15 0)
(3 4.92933e-16 0)
(3 -1.58461e-16 0)
(3 -3.13424e-16 0)
(3 -2.24734e-16 0)
(3 -1.38974e-17 0)
(3 1.88109e-16 0)
(3 -2.49864e-16 0)
(3 2.12862e-16 0)
(3 4.31912e-16 0)
(3 4.0728e-16 0)
(3 -4.03567e-16 0)
(3 -6.80537e-16 0)
(3 -5.62942e-16 0)
(3 1.52503e-16 0)
(3 4.44374e-18 0)
(3 -5.32232e-16 0)
(3 -4.47614e-16 0)
(3 -5.24346e-16 0)
(3 -9.10665e-16 0)
(3 -1.00606e-15 0)
(3 -1.12147e-15 0)
(3 -1.32401e-15 0)
(3 -1.50806e-15 0)
(3 -2.42382e-15 0)
(3 -2.71224e-15 0)
(3 -1.97039e-15 0)
(3 -4.40186e-16 0)
(3 -5.94241e-16 0)
(3 -2.22588e-16 0)
(3 2.0074e-16 0)
(3 6.73224e-16 0)
(3 8.17674e-16 0)
(3 5.57645e-16 0)
(3 6.69117e-18 0)
(3 -7.98828e-16 0)
(3 2.59998e-16 0)
(3 6.04368e-16 0)
(3 5.20938e-16 0)
(3 9.1938e-16 0)
(3 9.43373e-16 0)
(3 1.03207e-15 0)
(3 1.95918e-15 0)
(3 2.69499e-15 0)
(3 2.82738e-15 0)
(3 1.75967e-15 0)
(3 1.77429e-15 0)
(3 1.34646e-15 0)
(3 3.11306e-16 0)
(3 -1.5806e-16 0)
(3 6.66716e-16 0)
(3 1.97639e-15 0)
(3 1.68073e-15 0)
(3 1.14596e-15 0)
(3 -1.05786e-15 0)
(3 -2.00737e-15 0)
(3 -2.64252e-15 0)
(3 -3.43681e-15 0)
(3 -4.01053e-15 0)
(3 -3.06592e-15 0)
(3 -2.37599e-15 0)
(3 -1.39184e-15 0)
(3 -1.71351e-17 0)
(3 8.58931e-16 0)
(3 1.60712e-15 0)
(3 1.453e-15 0)
(3 7.1995e-16 0)
(3 1.79029e-16 0)
(3 3.72794e-16 0)
(3 8.74562e-16 0)
(3 9.2136e-16 0)
(3 1.06633e-15 0)
(3 3.31374e-16 0)
(3 -3.01011e-16 0)
(3 -2.80404e-16 0)
(3 -4.09852e-16 0)
(3 -5.54032e-16 0)
(3 -5.19205e-16 0)
(3 -3.03179e-16 0)
(3 2.89786e-17 0)
(3 -2.73971e-16 0)
(3 6.25916e-16 0)
(3 7.60936e-16 0)
(3 9.87819e-16 0)
(3 -7.61466e-16 0)
(3 -1.32848e-15 0)
(3 -4.62307e-16 0)
(3 5.53062e-16 0)
(3 1.3197e-15 0)
(3 1.77332e-15 0)
(3 1.38556e-15 0)
(3 3.69163e-16 0)
(3 -5.03687e-16 0)
(3 -3.55397e-16 0)
(3 3.55641e-16 0)
(3 1.01101e-15 0)
(3 1.23607e-15 0)
(3 3.43825e-16 0)
(3 2.05007e-16 0)
(3 -2.57656e-17 0)
(3 -1.08725e-16 0)
(3 -1.68704e-16 0)
(3 -7.86961e-17 0)
(3 5.44324e-16 0)
(3 7.67044e-16 0)
(3 1.0226e-17 0)
(3 -9.77592e-16 0)
(3 -1.85575e-15 0)
(3 -2.07446e-15 0)
(3 -2.39206e-15 0)
(3 -1.69378e-15 0)
(3 4.25742e-16 0)
(3 8.4935e-16 0)
(3 6.70515e-16 0)
(3 2.70177e-16 0)
(3 -3.06769e-16 0)
(3 -6.08868e-16 0)
(3 -2.31036e-16 0)
(3 -3.53782e-16 0)
(3 -1.15013e-15 0)
(3 -1.61848e-15 0)
(3 -1.50712e-15 0)
(3 -4.69735e-16 0)
(3 -1.17357e-16 0)
(3 5.2801e-16 0)
(3 6.12124e-16 0)
(3 -3.27656e-16 0)
(3 -4.46267e-16 0)
(3 -1.43492e-16 0)
(3 2.23842e-16 0)
(3 6.62786e-16 0)
(3 3.89205e-17 0)
(3 -7.74016e-16 0)
(3 2.33808e-18 0)
(3 4.73737e-16 0)
(3 4.21501e-16 0)
(3 -7.16276e-16 0)
(3 4.35381e-16 0)
(3 1.46012e-15 0)
(3 1.0747e-15 0)
(3 1.62228e-15 0)
(3 2.37616e-15 0)
(3 1.94536e-15 0)
(3 8.7544e-16 0)
(3 -7.13619e-16 0)
(3 -1.82837e-15 0)
(3 -1.39587e-15 0)
(3 -5.21179e-16 0)
(3 2.48334e-16 0)
(3 7.17366e-16 0)
(3 8.87466e-16 0)
(3 -1.46379e-15 0)
(3 -1.84399e-15 0)
(3 -2.29252e-15 0)
(3 -2.6523e-15 0)
(3 -2.41685e-15 0)
(3 -1.98229e-15 0)
(3 -5.88945e-16 0)
(3 8.03727e-16 0)
(3 1.32508e-15 0)
(3 1.619e-15 0)
(3 1.36145e-15 0)
(3 1.77661e-15 0)
(3 2.07813e-15 0)
(3 1.92474e-15 0)
(3 1.84903e-15 0)
(3 1.44862e-15 0)
(3 5.50181e-16 0)
(3 -4.97797e-16 0)
(3 -9.36522e-16 0)
(3 -1.99362e-15 0)
(3 -2.15381e-15 0)
(3 -1.80925e-15 0)
(3 -5.19346e-16 0)
(3 1.29688e-16 0)
(3 1.70732e-16 0)
(3 1.21286e-16 0)
(3 -9.13623e-17 0)
(3 -2.73381e-16 0)
(3 -2.69748e-17 0)
(3 -4.52183e-16 0)
(3 -5.59639e-16 0)
(3 -7.02235e-16 0)
(3 3.44337e-16 0)
(3 2.96391e-16 0)
(3 -4.52162e-17 0)
(3 3.35545e-16 0)
(3 4.88976e-16 0)
(3 -4.19236e-16 0)
(3 -7.8032e-16 0)
(3 -5.1823e-16 0)
(3 -2.97183e-16 0)
(3 -5.46025e-16 0)
(3 -6.3183e-16 0)
(3 -6.63171e-16 0)
(3 -7.89833e-16 0)
(3 -7.49553e-16 0)
(3 -3.42208e-17 0)
(3 -3.449e-17 0)
(3 6.25157e-16 0)
(3 6.42467e-16 0)
(3 -5.14184e-17 0)
(3 -6.31913e-16 0)
(3 -8.58438e-16 0)
(3 -1.01699e-15 0)
(3 -7.31671e-16 0)
(3 -9.00764e-16 0)
(3 -6.27715e-16 0)
(3 1.76672e-16 0)
(3 2.12236e-15 0)
(3 1.60439e-15 0)
(3 1.06323e-15 0)
(3 3.16219e-16 0)
(3 2.85972e-16 0)
(3 3.60105e-16 0)
(3 3.71278e-16 0)
(3 1.31788e-15 0)
(3 1.18876e-15 0)
(3 9.79634e-16 0)
(3 9.83097e-17 0)
(3 2.60917e-16 0)
(3 2.31299e-16 0)
(3 4.13509e-16 0)
(3 1.84e-16 0)
(3 5.63525e-17 0)
(3 -2.57998e-16 0)
(3 -1.02619e-18 0)
(3 5.65861e-17 0)
(3 -9.19784e-16 0)
(3 -2.41423e-16 0)
(3 3.04487e-16 0)
(3 1.35788e-16 0)
(3 -3.03739e-16 0)
(3 2.75736e-16 0)
(3 1.25148e-16 0)
(3 3.33373e-16 0)
(3 5.21239e-16 0)
(3 8.14695e-16 0)
(3 6.41551e-16 0)
(3 1.96959e-16 0)
(3 -1.03235e-15 0)
(3 -2.00402e-15 0)
(3 -1.66338e-15 0)
(3 -1.0763e-15 0)
(3 -5.35946e-16 0)
(3 -7.26988e-17 0)
(3 -1.4853e-16 0)
(3 -6.66952e-16 0)
(3 -1.07915e-15 0)
(3 -1.19696e-15 0)
(3 -1.5874e-15 0)
(3 -1.90316e-15 0)
(3 -2.51451e-15 0)
(3 -1.7263e-15 0)
(3 -4.46106e-16 0)
(3 -4.70178e-16 0)
(3 -4.72889e-16 0)
(3 5.66789e-16 0)
(3 1.32261e-15 0)
(3 1.25089e-15 0)
(3 1.19483e-15 0)
(3 1.05488e-15 0)
(3 5.88633e-16 0)
(3 3.70598e-16 0)
(3 -3.12693e-16 0)
(3 -1.48797e-15 0)
(3 -2.8522e-15 0)
(3 -2.48324e-15 0)
(3 -1.15325e-15 0)
(3 1.85913e-17 0)
(3 2.34081e-16 0)
(3 -1.08864e-15 0)
(3 -1.18614e-15 0)
(3 -9.77336e-16 0)
(3 -3.29856e-16 0)
(3 2.02052e-16 0)
(3 6.72225e-16 0)
(3 4.4989e-16 0)
(3 7.62997e-17 0)
(3 3.7897e-16 0)
(3 -1.63864e-17 0)
(3 -5.03085e-16 0)
(3 -5.9577e-16 0)
(3 2.33432e-16 0)
(3 4.48594e-16 0)
(3 2.43177e-17 0)
(3 -9.56331e-17 0)
(3 -3.53872e-16 0)
(3 -1.46207e-15 0)
(3 -1.19468e-15 0)
(3 -6.3398e-16 0)
(3 -1.01915e-15 0)
(3 -1.42709e-15 0)
(3 -1.15123e-17 0)
(3 2.18637e-16 0)
(3 4.18987e-17 0)
(3 4.26422e-17 0)
(3 -4.57349e-17 0)
(3 -3.04022e-16 0)
(3 -7.15561e-17 0)
(3 -2.12891e-16 0)
(3 -5.43061e-17 0)
(3 -1.24846e-16 0)
(3 -1.64722e-15 0)
(3 -1.02476e-15 0)
(3 -7.4758e-16 0)
(3 9.49316e-17 0)
(3 1.33886e-15 0)
(3 9.34539e-16 0)
(3 4.67691e-16 0)
(3 4.61624e-16 0)
(3 1.25056e-15 0)
(3 1.19533e-15 0)
(3 5.38901e-16 0)
(3 2.55556e-16 0)
(3 -3.26287e-16 0)
(3 -8.80296e-16 0)
(3 -1.12346e-15 0)
(3 9.59182e-17 0)
(3 1.085e-15 0)
(3 1.15198e-15 0)
(3 4.32122e-17 0)
(3 -9.76031e-16 0)
(3 -9.36125e-16 0)
(3 -9.9922e-16 0)
(3 -1.04854e-15 0)
(3 -8.24807e-16 0)
(3 -4.57478e-16 0)
(3 -4.34175e-16 0)
(3 -1.70015e-15 0)
(3 -2.13744e-15 0)
(3 -1.56353e-16 0)
(3 1.0213e-15 0)
(3 1.16061e-15 0)
(3 1.0153e-15 0)
(3 1.03784e-15 0)
(3 8.86602e-16 0)
(3 7.22323e-16 0)
(3 9.30892e-16 0)
(3 8.26726e-16 0)
(3 7.82934e-16 0)
(3 1.38234e-16 0)
(3 -2.85321e-16 0)
(3 9.49764e-17 0)
(3 1.52186e-16 0)
(3 9.38032e-16 0)
(3 1.09749e-15 0)
(3 3.57162e-16 0)
(3 -1.23342e-15 0)
(3 -1.6572e-15 0)
(3 -1.67343e-15 0)
(3 -1.52395e-15 0)
(3 -7.2123e-16 0)
(3 -3.58112e-16 0)
(3 4.88756e-18 0)
(3 7.17297e-16 0)
(3 1.09587e-15 0)
(3 7.84283e-16 0)
(3 1.77115e-16 0)
(3 -6.45671e-17 0)
(3 1.24844e-16 0)
(3 -1.45068e-16 0)
(3 -2.371e-16 0)
(3 -2.80934e-16 0)
(3 4.46816e-16 0)
(3 8.48564e-16 0)
(3 -8.33751e-18 0)
(3 -8.27374e-16 0)
(3 -1.45896e-15 0)
(3 -1.23759e-15 0)
(3 -5.84893e-16 0)
(3 5.42183e-16 0)
(3 1.23857e-15 0)
(3 1.61713e-15 0)
(3 1.48952e-15 0)
(3 6.19343e-16 0)
(3 -2.44801e-17 0)
(3 1.37907e-16 0)
(3 -4.90917e-17 0)
(3 -1.20667e-16 0)
(3 2.48818e-16 0)
(3 6.16283e-16 0)
(3 -3.26169e-16 0)
(3 -1.07742e-15 0)
(3 -1.24391e-15 0)
(3 -8.44659e-16 0)
(3 -3.29417e-16 0)
(3 -4.79057e-16 0)
(3 -1.16838e-15 0)
(3 2.02689e-16 0)
(3 8.41754e-17 0)
(3 -5.90245e-16 0)
(3 -7.35927e-16 0)
(3 -4.56841e-16 0)
(3 -9.51057e-17 0)
(3 2.11484e-16 0)
(3 1.02446e-16 0)
(3 1.40331e-16 0)
(3 2.59329e-16 0)
(3 -8.68578e-17 0)
(3 -1.8151e-16 0)
(3 -6.13146e-16 0)
(3 -5.80864e-16 0)
(3 -1.6047e-16 0)
(3 -1.97311e-16 0)
(3 -3.58144e-16 0)
(3 -2.86305e-16 0)
(3 -2.42664e-16 0)
(3 -3.57467e-16 0)
(3 -4.33039e-16 0)
(3 -8.35174e-16 0)
(3 -3.99622e-16 0)
(3 -4.01608e-16 0)
(3 -5.86493e-16 0)
(3 -9.42767e-16 0)
(3 -2.33513e-16 0)
(3 -1.57889e-16 0)
(3 -4.0582e-16 0)
(3 -7.49168e-16 0)
(3 -1.14758e-15 0)
(3 -1.96599e-16 0)
(3 -1.96995e-16 0)
(3 -6.26815e-17 0)
(3 -4.74289e-16 0)
(3 -8.49607e-16 0)
(3 -1.15094e-15 0)
(3 -1.05587e-15 0)
(3 -7.29054e-16 0)
(3 6.31553e-18 0)
(3 6.6e-16 0)
(3 1.2611e-15 0)
(3 1.88884e-15 0)
(3 2.7057e-15 0)
(3 2.65234e-15 0)
(3 1.8539e-15 0)
(3 1.20394e-15 0)
(3 6.03486e-16 0)
(3 3.88491e-16 0)
(3 1.30427e-16 0)
(3 2.2412e-17 0)
(3 4.31826e-16 0)
(3 6.22339e-16 0)
(3 4.85746e-16 0)
(3 4.39769e-16 0)
(3 4.65418e-16 0)
(3 -8.75229e-17 0)
(3 -6.1071e-16 0)
(3 -4.61516e-16 0)
(3 -2.1667e-16 0)
(3 -2.87411e-17 0)
(3 -3.41462e-16 0)
(3 7.21829e-16 0)
(3 9.71923e-16 0)
(3 5.11243e-16 0)
(3 5.04531e-16 0)
(3 3.18673e-16 0)
(3 1.58512e-15 0)
(3 1.86315e-15 0)
(3 2.39392e-15 0)
(3 2.66964e-15 0)
(3 2.78861e-15 0)
(3 2.09934e-15 0)
(3 3.19691e-16 0)
(3 -1.94574e-16 0)
(3 -9.39347e-16 0)
(3 -8.18137e-16 0)
(3 -7.13466e-16 0)
(3 -7.88024e-17 0)
(3 8.07538e-17 0)
(3 5.61696e-16 0)
(3 1.45252e-15 0)
(3 1.41471e-15 0)
(3 4.17153e-16 0)
(3 -1.27117e-15 0)
(3 -6.91407e-16 0)
(3 1.15058e-16 0)
(3 -1.19035e-16 0)
(3 -8.5189e-17 0)
(3 -4.354e-16 0)
(3 -9.06679e-16 0)
(3 -3.96004e-16 0)
(3 -3.69039e-16 0)
(3 -4.30126e-16 0)
(3 -7.00571e-16 0)
(3 -5.71871e-16 0)
(3 5.35675e-18 0)
(3 -8.83482e-17 0)
(3 -2.10819e-16 0)
(3 -3.68794e-16 0)
(3 -3.55314e-16 0)
(3 2.84456e-16 0)
(3 5.92702e-16 0)
(3 1.15814e-15 0)
(3 1.56004e-15 0)
(3 1.29869e-15 0)
(3 1.56668e-15 0)
(3 2.16812e-16 0)
(3 1.94168e-16 0)
(3 1.74947e-17 0)
(3 -4.54549e-16 0)
(3 -6.51186e-16 0)
(3 -2.20364e-16 0)
(3 1.54677e-16 0)
(3 -1.17612e-16 0)
(3 5.90052e-17 0)
(3 1.85774e-16 0)
(3 -1.09486e-16 0)
(3 -1.21035e-16 0)
(3 -2.85075e-17 0)
(3 -1.789e-16 0)
(3 -1.0846e-15 0)
(3 -1.65195e-15 0)
(3 -1.52944e-15 0)
(3 -1.3399e-15 0)
(3 -5.42049e-16 0)
(3 -6.39848e-17 0)
(3 9.7013e-16 0)
(3 9.28089e-16 0)
(3 6.33051e-16 0)
(3 -3.22403e-16 0)
(3 -4.91214e-16 0)
(3 -3.44033e-16 0)
(3 3.29951e-17 0)
(3 3.12654e-16 0)
(3 4.83675e-16 0)
(3 2.22865e-16 0)
(3 9.62917e-16 0)
(3 1.97553e-15 0)
(3 1.76729e-15 0)
(3 1.11127e-15 0)
(3 -6.16934e-16 0)
(3 -2.16181e-15 0)
(3 -2.17616e-15 0)
(3 -1.60558e-15 0)
(3 -1.07779e-15 0)
(3 -1.01048e-15 0)
(3 -8.65453e-16 0)
(3 -6.46635e-16 0)
(3 3.98213e-16 0)
(3 1.21391e-15 0)
(3 1.46893e-15 0)
(3 1.7003e-15 0)
(3 1.24404e-15 0)
(3 1.98951e-16 0)
(3 1.67264e-16 0)
(3 7.08219e-16 0)
(3 8.70278e-16 0)
(3 3.62143e-16 0)
(3 -9.16807e-16 0)
(3 -7.59424e-16 0)
(3 -7.86743e-17 0)
(3 1.42037e-15 0)
(3 1.55537e-15 0)
(3 1.56595e-15 0)
(3 1.63398e-15 0)
(3 2.17141e-15 0)
(3 2.74586e-15 0)
(3 1.13334e-15 0)
(3 -5.82888e-16 0)
(3 -7.30821e-16 0)
(3 -1.2828e-15 0)
(3 -1.30247e-15 0)
(3 -1.46981e-15 0)
(3 -1.76263e-15 0)
(3 -5.90381e-16 0)
(3 -3.99861e-16 0)
(3 -3.98673e-16 0)
(3 4.40632e-17 0)
(3 6.79543e-16 0)
(3 5.00068e-16 0)
(3 5.57031e-16 0)
(3 1.0381e-15 0)
(3 8.43732e-16 0)
(3 3.21949e-16 0)
(3 3.79407e-16 0)
(3 3.28053e-16 0)
(3 4.49184e-16 0)
(3 5.66965e-16 0)
(3 -7.09941e-16 0)
(3 -1.53618e-15 0)
(3 -1.05481e-15 0)
(3 -6.04406e-17 0)
(3 -7.04675e-17 0)
(3 -7.59591e-17 0)
(3 -1.73916e-16 0)
(3 6.69465e-16 0)
(3 1.08906e-15 0)
(3 1.04205e-15 0)
(3 6.03247e-16 0)
(3 9.90877e-16 0)
(3 1.30359e-15 0)
(3 1.24602e-15 0)
(3 7.23915e-19 0)
(3 -1.48962e-15 0)
(3 -1.55576e-15 0)
(3 -1.15314e-15 0)
(3 -5.41001e-16 0)
(3 -3.44925e-16 0)
(3 -5.37276e-18 0)
(3 5.26911e-16 0)
(3 1.09642e-15 0)
(3 1.63286e-15 0)
(3 1.17996e-15 0)
(3 5.52638e-16 0)
(3 2.17023e-16 0)
(3 -2.56738e-16 0)
(3 -9.84051e-16 0)
(3 -3.00695e-15 0)
(3 -3.25576e-15 0)
(3 -2.61308e-15 0)
(3 -1.66975e-15 0)
(3 -3.93083e-16 0)
(3 9.61911e-17 0)
(3 -1.58969e-16 0)
(3 -5.16518e-16 0)
(3 -7.21435e-16 0)
(3 -4.93423e-16 0)
(3 -3.77503e-16 0)
(3 5.09827e-16 0)
(3 2.11949e-15 0)
(3 2.66636e-15 0)
(3 1.37165e-15 0)
(3 -9.32326e-16 0)
(3 -9.7898e-16 0)
(3 -1.53584e-15 0)
(3 -1.42055e-15 0)
(3 -1.50031e-15 0)
(3 -2.70413e-15 0)
(3 -2.06108e-15 0)
(3 -1.52166e-15 0)
(3 -1.4241e-15 0)
(3 -7.526e-16 0)
(3 2.13759e-16 0)
(3 1.06822e-15 0)
(3 2.56715e-15 0)
(3 2.35515e-15 0)
(3 2.47807e-15 0)
(3 1.17928e-15 0)
(3 4.57475e-16 0)
(3 1.53815e-16 0)
(3 2.44999e-17 0)
(3 3.42327e-16 0)
(3 1.55613e-16 0)
(3 1.4919e-16 0)
(3 7.45541e-16 0)
(3 1.65128e-15 0)
(3 1.56963e-15 0)
(3 1.30036e-15 0)
(3 2.17159e-16 0)
(3 1.43892e-17 0)
(3 7.59917e-16 0)
(3 1.08208e-15 0)
(3 1.78848e-15 0)
(3 2.15751e-15 0)
(3 1.72541e-15 0)
(3 -9.47892e-17 0)
(3 -1.15492e-15 0)
(3 -3.10897e-15 0)
(3 -3.50828e-15 0)
(3 -3.03206e-15 0)
(3 -2.30028e-15 0)
(3 -1.91965e-15 0)
(3 -1.7493e-15 0)
(3 -1.31596e-15 0)
(3 -5.84391e-17 0)
(3 1.25818e-15 0)
(3 1.17921e-15 0)
(3 -3.37711e-18 0)
(3 1.1941e-16 0)
(3 3.41277e-16 0)
(3 1.01472e-15 0)
(3 1.14528e-15 0)
(3 9.3411e-16 0)
(3 8.82912e-16 0)
(3 2.303e-16 0)
(3 -9.81647e-16 0)
(3 -9.37357e-16 0)
(3 1.12741e-17 0)
(3 -4.15008e-17 0)
(3 2.18003e-16 0)
(3 7.92174e-16 0)
(3 1.65167e-15 0)
(3 2.05994e-15 0)
(3 1.4801e-15 0)
(3 5.40047e-16 0)
(3 1.68975e-16 0)
(3 3.92745e-16 0)
(3 3.91268e-16 0)
(3 1.06199e-16 0)
(3 -1.44739e-15 0)
(3 -1.92701e-15 0)
(3 -1.42686e-15 0)
(3 -3.06775e-16 0)
(3 -1.59366e-16 0)
(3 -4.48707e-16 0)
(3 -3.38907e-16 0)
(3 3.52231e-16 0)
(3 9.6964e-16 0)
(3 1.13611e-15 0)
(3 5.13978e-16 0)
(3 -3.95209e-16 0)
(3 -1.84189e-15 0)
(3 -2.10836e-15 0)
(3 -3.18142e-15 0)
(3 -3.62079e-15 0)
(3 -3.13478e-15 0)
(3 -2.22987e-15 0)
(3 -1.47928e-15 0)
(3 -9.93416e-16 0)
(3 -8.54827e-16 0)
(3 -6.3024e-16 0)
(3 -5.23229e-17 0)
(3 7.57839e-16 0)
(3 1.14303e-15 0)
(3 1.9539e-15 0)
(3 1.9351e-15 0)
(3 9.07359e-16 0)
(3 -3.65737e-16 0)
(3 -9.90974e-16 0)
(3 -1.10843e-15 0)
(3 -6.75382e-16 0)
(3 -1.06579e-15 0)
(3 -1.09861e-15 0)
(3 -1.40604e-15 0)
(3 -1.68719e-15 0)
(3 -1.50568e-15 0)
(3 -1.06645e-15 0)
(3 -1.25246e-16 0)
(3 9.78803e-16 0)
(3 2.35517e-15 0)
(3 2.43401e-15 0)
(3 1.89752e-15 0)
(3 1.67881e-15 0)
(3 3.7293e-16 0)
(3 5.36042e-16 0)
(3 1.49743e-15 0)
(3 1.20651e-15 0)
(3 1.58693e-16 0)
(3 -2.31866e-17 0)
(3 7.18106e-17 0)
(3 1.34371e-15 0)
(3 1.78697e-15 0)
(3 1.35044e-15 0)
(3 2.04486e-16 0)
(3 3.42636e-16 0)
(3 3.76967e-16 0)
(3 7.07082e-16 0)
(3 5.56844e-16 0)
(3 7.2865e-16 0)
(3 1.30783e-15 0)
(3 1.59183e-15 0)
(3 1.2921e-15 0)
(3 9.07509e-16 0)
(3 -1.0749e-15 0)
(3 -2.73351e-15 0)
(3 -2.55374e-15 0)
(3 -2.86949e-15 0)
(3 -2.18677e-15 0)
(3 -1.41008e-15 0)
(3 -1.33528e-15 0)
(3 -4.6648e-16 0)
(3 5.07009e-16 0)
(3 6.42406e-16 0)
(3 7.76016e-16 0)
(3 8.35281e-16 0)
(3 8.26854e-16 0)
(3 1.22422e-15 0)
(3 1.02202e-15 0)
(3 1.60514e-16 0)
(3 -2.02933e-16 0)
(3 1.67074e-16 0)
(3 1.10727e-15 0)
(3 6.12181e-16 0)
(3 7.6606e-17 0)
(3 5.38501e-17 0)
(3 3.36114e-16 0)
(3 4.82197e-16 0)
(3 7.38666e-16 0)
(3 4.54485e-16 0)
(3 1.83898e-16 0)
(3 7.61664e-16 0)
(3 3.45428e-16 0)
(3 -1.98363e-16 0)
(3 -1.29647e-16 0)
(3 -1.28352e-16 0)
(3 -2.6147e-16 0)
(3 -5.57723e-16 0)
(3 -5.36633e-16 0)
(3 -4.65041e-16 0)
(3 3.1785e-16 0)
(3 3.5732e-16 0)
(3 -3.77478e-16 0)
(3 -5.31039e-16 0)
(3 -1.73534e-16 0)
(3 1.09236e-16 0)
(3 -3.14704e-16 0)
(3 -1.43617e-15 0)
(3 -1.25423e-15 0)
(3 -1.2984e-15 0)
(3 -9.62204e-16 0)
(3 -5.44145e-16 0)
(3 -4.13871e-16 0)
(3 8.06742e-17 0)
(3 -3.5438e-16 0)
(3 -6.5745e-16 0)
(3 -7.00317e-16 0)
(3 -1.6199e-16 0)
(3 1.09299e-15 0)
(3 8.81115e-16 0)
(3 1.18279e-15 0)
(3 7.29049e-16 0)
(3 -1.02614e-15 0)
(3 -1.1198e-15 0)
(3 -9.96959e-16 0)
(3 -3.38623e-16 0)
(3 -1.23166e-16 0)
(3 -1.59965e-16 0)
(3 -7.99374e-16 0)
(3 -1.57333e-15 0)
(3 -1.59068e-15 0)
(3 -1.95506e-15 0)
(3 -1.93252e-15 0)
(3 -1.81172e-15 0)
(3 -8.19907e-16 0)
(3 -1.78371e-16 0)
(3 3.24545e-16 0)
(3 4.91415e-16 0)
(3 5.16184e-16 0)
(3 6.9179e-16 0)
(3 1.60031e-15 0)
(3 1.15671e-15 0)
(3 8.15479e-16 0)
(3 1.98887e-16 0)
(3 -1.92468e-16 0)
(3 1.48524e-16 0)
(3 4.63602e-16 0)
(3 5.36763e-16 0)
(3 2.52199e-16 0)
(3 -3.31523e-17 0)
(3 -1.62957e-16 0)
(3 7.28359e-16 0)
(3 8.84311e-16 0)
(3 7.11348e-16 0)
(3 -3.85717e-16 0)
(3 -7.91334e-16 0)
(3 -4.97076e-16 0)
(3 1.10222e-16 0)
(3 6.66866e-16 0)
(3 6.81998e-16 0)
(3 1.03016e-15 0)
(3 -2.38952e-16 0)
(3 -1.14429e-15 0)
(3 -8.86e-16 0)
(3 -8.52316e-16 0)
(3 -8.30675e-16 0)
(3 -1.12653e-15 0)
(3 -1.55963e-15 0)
(3 -7.77695e-16 0)
(3 -4.84794e-17 0)
(3 1.45571e-15 0)
(3 1.50909e-15 0)
(3 5.69343e-16 0)
(3 -2.14103e-16 0)
(3 -5.52294e-16 0)
(3 -7.802e-16 0)
(3 -9.5361e-16 0)
(3 -1.21796e-15 0)
(3 3.066e-16 0)
(3 6.03561e-16 0)
(3 7.56046e-19 0)
(3 1.25641e-16 0)
(3 -4.70418e-16 0)
(3 -5.39177e-16 0)
(3 -6.17225e-16 0)
(3 -6.40386e-16 0)
(3 3.04281e-17 0)
(3 1.06088e-16 0)
(3 -1.0119e-17 0)
(3 -1.11531e-16 0)
(3 -8.85617e-17 0)
(3 8.9381e-17 0)
(3 5.64397e-16 0)
(3 3.48561e-16 0)
(3 -1.21603e-16 0)
(3 -1.26214e-15 0)
(3 -1.22831e-15 0)
(3 -6.83743e-16 0)
(3 -5.56846e-16 0)
(3 9.31192e-17 0)
(3 4.54472e-16 0)
(3 3.54227e-16 0)
(3 -8.43869e-16 0)
(3 -1.21837e-15 0)
(3 -1.41087e-15 0)
(3 -1.08391e-15 0)
(3 -4.58397e-16 0)
(3 1.05409e-18 0)
(3 6.70191e-16 0)
(3 1.67602e-15 0)
(3 1.17805e-15 0)
(3 -6.06924e-16 0)
(3 -5.71566e-16 0)
(3 -3.01685e-16 0)
(3 -5.50109e-16 0)
(3 -9.19574e-16 0)
(3 -1.11208e-15 0)
(3 -1.52023e-15 0)
(3 -1.59045e-15 0)
(3 -9.41445e-16 0)
(3 -3.65594e-16 0)
(3 -3.66746e-16 0)
(3 -1.16493e-15 0)
(3 -1.48539e-15 0)
(3 -1.50947e-15 0)
(3 -1.53422e-15 0)
(3 -1.43011e-15 0)
(3 -9.2213e-16 0)
(3 -1.70154e-15 0)
(3 -2.05591e-15 0)
(3 -2.1027e-15 0)
(3 -2.29258e-15 0)
(3 -3.14171e-15 0)
(3 -2.94186e-15 0)
(3 -1.40313e-15 0)
(3 -8.70501e-16 0)
(3 1.03498e-15 0)
(3 1.33861e-15 0)
(3 1.02644e-15 0)
(3 2.97242e-16 0)
(3 -3.4252e-16 0)
(3 -3.60649e-16 0)
(3 -9.12559e-16 0)
(3 -1.58033e-15 0)
(3 -1.83167e-15 0)
(3 -1.85456e-15 0)
(3 -1.1781e-15 0)
(3 -1.04341e-15 0)
(3 -4.9324e-16 0)
(3 -5.03254e-16 0)
(3 -7.98994e-16 0)
(3 -3.33175e-16 0)
(3 -2.63324e-17 0)
(3 2.92341e-16 0)
(3 5.88507e-16 0)
(3 7.86946e-16 0)
(3 2.96213e-15 0)
(3 2.18365e-15 0)
(3 5.16077e-16 0)
(3 7.94402e-16 0)
(3 2.84275e-17 0)
(3 -4.27562e-16 0)
(3 -2.7722e-16 0)
(3 5.2129e-16 0)
(3 4.57512e-16 0)
(3 3.20057e-16 0)
(3 -3.71607e-16 0)
(3 -2.93432e-16 0)
(3 -1.67027e-16 0)
(3 -8.31078e-16 0)
(3 -1.02764e-15 0)
(3 -1.31086e-15 0)
(3 -1.23496e-15 0)
(3 -5.52457e-16 0)
(3 6.40129e-17 0)
(3 7.91921e-16 0)
(3 -2.06491e-16 0)
(3 -2.63136e-16 0)
(3 -2.9697e-16 0)
(3 -4.88012e-16 0)
(3 -8.31049e-16 0)
(3 -8.04212e-16 0)
(3 -1.14865e-15 0)
(3 -1.28793e-15 0)
(3 -4.17227e-16 0)
(3 2.33718e-16 0)
(3 2.51348e-16 0)
(3 3.30804e-16 0)
(3 9.11862e-16 0)
(3 6.01871e-16 0)
(3 -1.50071e-16 0)
(3 -4.06829e-16 0)
(3 1.74313e-16 0)
(3 -5.72446e-17 0)
(3 3.24809e-16 0)
(3 1.45076e-15 0)
(3 1.23411e-15 0)
(3 3.22306e-16 0)
(3 -1.01566e-15 0)
(3 -1.23081e-15 0)
(3 -2.00323e-15 0)
(3 -1.92333e-15 0)
(3 -2.20235e-15 0)
(3 -1.91515e-15 0)
(3 -1.18396e-15 0)
(3 -8.52863e-16 0)
(3 -6.32401e-16 0)
(3 -8.05735e-16 0)
(3 -1.931e-15 0)
(3 -2.68013e-15 0)
(3 -2.65969e-15 0)
(3 -2.23591e-15 0)
(3 -2.36347e-15 0)
(3 -2.09782e-15 0)
(3 -1.5395e-15 0)
(3 -8.56879e-16 0)
(3 -3.5626e-16 0)
(3 -3.65116e-16 0)
(3 -4.32517e-16 0)
(3 -2.90919e-16 0)
(3 -7.45696e-16 0)
(3 -8.42882e-16 0)
(3 -1.36494e-15 0)
(3 -1.29821e-15 0)
(3 -1.41192e-15 0)
(3 -1.39989e-15 0)
(3 -2.04621e-15 0)
(3 -2.88646e-15 0)
(3 -3.59958e-15 0)
(3 -3.81081e-15 0)
(3 -2.91241e-15 0)
(3 -2.65361e-15 0)
(3 -1.76809e-15 0)
(3 9.75668e-16 0)
(3 2.03472e-15 0)
(3 1.74991e-15 0)
(3 1.10985e-15 0)
(3 -7.57809e-17 0)
(3 -9.02903e-16 0)
(3 -2.56942e-15 0)
(3 -2.51896e-15 0)
(3 -9.59564e-16 0)
(3 -2.24926e-16 0)
(3 -1.08603e-15 0)
(3 -1.97076e-15 0)
(3 -1.23898e-15 0)
(3 -5.45387e-16 0)
(3 -6.35239e-17 0)
(3 -3.51165e-16 0)
(3 -7.87365e-16 0)
(3 -4.21119e-16 0)
(3 4.70487e-16 0)
(3 2.04853e-15 0)
(3 2.70188e-15 0)
(3 1.81636e-15 0)
(3 1.40697e-15 0)
(3 1.40264e-15 0)
(3 1.34479e-15 0)
(3 1.54349e-15 0)
(3 1.87417e-15 0)
(3 1.22124e-15 0)
(3 1.98931e-17 0)
(3 -1.50132e-16 0)
(3 -2.24383e-16 0)
(3 7.74569e-16 0)
(3 1.13225e-15 0)
(3 5.77303e-16 0)
(3 -5.25634e-16 0)
(3 -9.83847e-16 0)
(3 -1.13851e-15 0)
(3 -5.23401e-16 0)
(3 2.84632e-16 0)
(3 4.75183e-17 0)
(3 3.68806e-17 0)
(3 1.53306e-16 0)
(3 -5.5573e-16 0)
(3 -1.30383e-15 0)
(3 -2.11497e-15 0)
(3 -2.1279e-15 0)
(3 -1.12948e-15 0)
(3 -1.28869e-16 0)
(3 8.99023e-16 0)
(3 1.42862e-15 0)
(3 1.59387e-15 0)
(3 8.50599e-16 0)
(3 5.46489e-16 0)
(3 4.11731e-17 0)
(3 3.11012e-16 0)
(3 2.31345e-16 0)
(3 3.8254e-16 0)
(3 1.0149e-15 0)
(3 1.36278e-15 0)
(3 8.11587e-16 0)
(3 2.96623e-16 0)
(3 1.64882e-16 0)
(3 -2.36936e-16 0)
(3 -2.44938e-16 0)
(3 -1.09163e-15 0)
(3 -8.26433e-16 0)
(3 -1.88494e-15 0)
(3 -1.88227e-15 0)
(3 -3.27963e-15 0)
(3 -3.13558e-15 0)
(3 -1.71451e-15 0)
(3 -2.35948e-15 0)
(3 -3.52804e-15 0)
(3 -3.19561e-15 0)
(3 -2.40873e-15 0)
(3 -2.2938e-15 0)
(3 -3.16579e-15 0)
(3 -2.80842e-15 0)
(3 -2.18657e-15 0)
(3 -1.86939e-15 0)
(3 -1.44749e-15 0)
(3 -9.85316e-16 0)
(3 -1.22367e-15 0)
(3 -5.32198e-16 0)
(3 -5.82186e-16 0)
(3 -1.54429e-15 0)
(3 -2.0239e-15 0)
(3 -1.81755e-15 0)
(3 -3.85766e-16 0)
(3 -5.51414e-16 0)
(3 -1.06038e-15 0)
(3 -1.60729e-15 0)
(3 -1.71488e-15 0)
(3 -2.05759e-15 0)
(3 -1.9043e-15 0)
(3 -1.76836e-15 0)
(3 -9.11251e-16 0)
(3 -3.73741e-16 0)
(3 2.41295e-16 0)
(3 1.26292e-16 0)
(3 -4.8846e-16 0)
(3 -9.95539e-16 0)
(3 -1.01427e-15 0)
(3 -5.23304e-16 0)
(3 3.95739e-16 0)
(3 2.01192e-15 0)
(3 2.42976e-15 0)
(3 2.43404e-15 0)
(3 2.43189e-15 0)
(3 2.19263e-15 0)
(3 1.52936e-15 0)
(3 3.66012e-16 0)
(3 -8.10974e-16 0)
(3 -9.16066e-16 0)
(3 1.37233e-16 0)
(3 2.95992e-16 0)
(3 7.00669e-16 0)
(3 4.77407e-16 0)
(3 4.98599e-16 0)
(3 5.82202e-16 0)
(3 1.1411e-15 0)
(3 1.05691e-15 0)
(3 -1.78252e-16 0)
(3 -9.43536e-17 0)
(3 -3.00913e-16 0)
(3 6.65761e-16 0)
(3 1.92151e-15 0)
(3 2.26063e-15 0)
(3 2.01817e-15 0)
(3 1.45267e-15 0)
(3 1.24071e-15 0)
(3 3.50336e-16 0)
(3 1.74896e-16 0)
(3 8.15807e-16 0)
(3 3.31488e-16 0)
(3 1.40388e-16 0)
(3 2.58966e-16 0)
(3 2.58247e-17 0)
(3 -1.42832e-16 0)
(3 -7.44486e-16 0)
(3 -4.75056e-16 0)
(3 -2.09567e-16 0)
(3 -7.59896e-17 0)
(3 1.06499e-17 0)
(3 3.34543e-16 0)
(3 4.2793e-16 0)
(3 1.31791e-15 0)
(3 1.92156e-15 0)
(3 1.7399e-15 0)
(3 1.12949e-15 0)
(3 8.87629e-16 0)
(3 -2.96739e-16 0)
(3 -3.54915e-16 0)
(3 -4.24392e-16 0)
(3 -8.75376e-16 0)
(3 3.18615e-16 0)
(3 9.1895e-16 0)
(3 2.05754e-15 0)
(3 1.80501e-15 0)
(3 2.01421e-15 0)
(3 1.57889e-15 0)
(3 1.94869e-15 0)
(3 1.41872e-15 0)
(3 1.54193e-16 0)
(3 -1.19817e-15 0)
(3 -1.68734e-15 0)
(3 -1.60482e-15 0)
(3 -1.45037e-15 0)
(3 -9.23702e-16 0)
(3 -7.15782e-16 0)
(3 -1.58387e-15 0)
(3 -1.91613e-15 0)
(3 -2.56664e-15 0)
(3 -2.56953e-15 0)
(3 -2.09198e-15 0)
(3 -1.47651e-15 0)
(3 -7.59761e-16 0)
(3 -5.95132e-16 0)
(3 -1.60274e-15 0)
(3 -1.48074e-15 0)
(3 -1.89582e-15 0)
(3 -1.92302e-15 0)
(3 -1.23291e-15 0)
(3 -7.94544e-16 0)
(3 7.95495e-17 0)
(3 2.986e-16 0)
(3 3.92773e-16 0)
(3 -1.6523e-16 0)
(3 -5.52549e-16 0)
(3 -6.98444e-16 0)
(3 -1.07579e-15 0)
(3 -1.47178e-15 0)
(3 -2.74496e-15 0)
(3 -2.75293e-15 0)
(3 -2.42099e-15 0)
(3 -2.3904e-15 0)
(3 -2.19771e-15 0)
(3 -2.14252e-15 0)
(3 -1.63181e-15 0)
(3 -4.6057e-16 0)
(3 9.5555e-16 0)
(3 9.85753e-16 0)
(3 1.89493e-15 0)
(3 2.78996e-15 0)
(3 3.35746e-15 0)
(3 3.26518e-15 0)
(3 2.9445e-15 0)
(3 2.18019e-15 0)
(3 2.00351e-15 0)
(3 1.0668e-15 0)
(3 3.13109e-16 0)
(3 -1.39545e-15 0)
(3 -1.62808e-15 0)
(3 -1.38216e-15 0)
(3 -1.21487e-15 0)
(3 -7.13944e-16 0)
(3 3.65997e-16 0)
(3 7.35134e-16 0)
(3 7.48142e-16 0)
(3 6.72632e-16 0)
(3 1.51703e-15 0)
(3 1.04919e-15 0)
(3 9.5669e-16 0)
(3 6.34832e-16 0)
(3 1.68052e-15 0)
(3 2.24032e-15 0)
(3 2.47615e-15 0)
(3 2.3697e-15 0)
(3 2.18671e-15 0)
(3 1.96343e-15 0)
(3 1.23904e-15 0)
(3 -1.07324e-16 0)
(3 4.02187e-17 0)
(3 2.83902e-16 0)
(3 4.42081e-16 0)
(3 7.57806e-16 0)
(3 1.16809e-15 0)
(3 1.19002e-15 0)
(3 8.25457e-16 0)
(3 4.10142e-16 0)
(3 3.494e-16 0)
(3 4.06835e-16 0)
(3 9.19267e-16 0)
(3 1.36048e-15 0)
(3 2.41228e-15 0)
(3 2.24886e-15 0)
(3 1.31249e-15 0)
(3 6.05506e-16 0)
(3 -9.9857e-16 0)
(3 -1.75995e-15 0)
(3 -2.44909e-15 0)
(3 -1.45989e-15 0)
(3 6.15465e-16 0)
(3 1.07193e-15 0)
(3 1.57425e-15 0)
(3 1.82685e-15 0)
(3 2.10417e-15 0)
(3 2.36888e-15 0)
(3 2.71121e-15 0)
(3 1.3202e-15 0)
(3 5.09601e-16 0)
(3 -2.00296e-16 0)
(3 -1.53971e-17 0)
(3 -2.28048e-16 0)
(3 7.38679e-16 0)
(3 6.24335e-16 0)
(3 4.53444e-17 0)
(3 -4.49584e-16 0)
(3 -1.35318e-16 0)
(3 4.37368e-16 0)
(3 9.67167e-16 0)
(3 -6.70353e-16 0)
(3 -2.61118e-16 0)
(3 -6.12373e-16 0)
(3 -7.98467e-16 0)
(3 -6.4227e-16 0)
(3 -3.3295e-16 0)
(3 -2.60668e-16 0)
(3 2.9252e-16 0)
(3 -1.15387e-15 0)
(3 -2.04916e-15 0)
(3 -2.09997e-15 0)
(3 -1.47699e-15 0)
(3 3.42137e-16 0)
(3 1.9984e-15 0)
(3 1.8341e-15 0)
(3 1.11696e-15 0)
(3 -1.15242e-15 0)
(3 -2.50965e-15 0)
(3 -1.3266e-15 0)
(3 -1.15188e-15 0)
(3 4.86315e-17 0)
(3 1.2308e-15 0)
(3 1.61474e-15 0)
(3 6.26175e-16 0)
(3 -5.79285e-16 0)
(3 -1.67729e-16 0)
(3 1.82271e-16 0)
(3 -2.52564e-16 0)
(3 -3.61487e-16 0)
(3 -5.99057e-16 0)
(3 -6.81703e-16 0)
(3 -6.22039e-16 0)
(3 -1.26126e-16 0)
(3 1.18854e-15 0)
(3 1.5334e-15 0)
(3 1.47856e-15 0)
(3 -4.20956e-16 0)
(3 -9.02333e-16 0)
(3 -1.99999e-15 0)
(3 -1.66901e-15 0)
(3 4.40491e-16 0)
(3 2.26082e-15 0)
(3 2.29066e-15 0)
(3 2.13651e-15 0)
(3 1.29658e-15 0)
(3 1.29388e-15 0)
(3 2.1448e-17 0)
(3 -9.4307e-16 0)
(3 1.43339e-15 0)
(3 2.22961e-15 0)
(3 2.77035e-15 0)
(3 2.40576e-15 0)
(3 1.76158e-15 0)
(3 1.55395e-15 0)
(3 5.00982e-16 0)
(3 -2.82597e-16 0)
(3 2.87469e-15 0)
(3 3.13852e-15 0)
(3 2.93376e-15 0)
(3 2.51499e-15 0)
(3 1.61469e-15 0)
(3 9.01828e-17 0)
(3 3.78932e-16 0)
(3 4.64308e-16 0)
(3 1.95642e-15 0)
(3 2.36454e-15 0)
(3 1.92269e-15 0)
(3 1.87238e-15 0)
(3 1.63724e-15 0)
(3 9.24773e-16 0)
(3 1.03051e-15 0)
(3 1.65258e-15 0)
(3 9.98969e-17 0)
(3 5.28006e-16 0)
(3 1.56281e-15 0)
(3 1.56531e-15 0)
(3 8.66173e-16 0)
(3 4.98946e-16 0)
(3 7.11104e-16 0)
(3 1.04936e-15 0)
(3 1.48102e-15 0)
(3 1.01031e-15 0)
(3 1.11834e-15 0)
(3 1.35403e-15 0)
(3 7.67022e-16 0)
(3 -4.84121e-16 0)
(3 -5.99712e-16 0)
(3 -3.83219e-16 0)
(3 2.14679e-15 0)
(3 1.95912e-15 0)
(3 7.80004e-16 0)
(3 4.88383e-16 0)
(3 8.5347e-16 0)
(3 5.51587e-16 0)
(3 5.30839e-16 0)
(3 5.70632e-16 0)
(3 1.74658e-15 0)
(3 2.32333e-15 0)
(3 2.03897e-15 0)
(3 1.39997e-15 0)
(3 1.04739e-15 0)
(3 1.8187e-15 0)
(3 2.90232e-15 0)
(3 2.6569e-15 0)
(3 2.06132e-15 0)
(3 2.35729e-15 0)
(3 2.43396e-15 0)
(3 2.19831e-15 0)
(3 1.32651e-15 0)
(3 1.5586e-15 0)
(3 1.58585e-15 0)
(3 1.44308e-15 0)
(3 1.989e-15 0)
(3 2.01709e-15 0)
(3 1.3586e-15 0)
(3 5.08399e-16 0)
(3 1.46019e-16 0)
(3 -1.96759e-16 0)
(3 -3.55864e-16 0)
(3 2.41723e-16 0)
(3 9.34741e-16 0)
(3 2.19605e-16 0)
(3 -4.69364e-16 0)
(3 -9.84296e-16 0)
(3 -1.0362e-15 0)
(3 -8.28578e-16 0)
(3 -6.82753e-16 0)
(3 -4.43009e-16 0)
(3 -3.93304e-16 0)
(3 -1.26427e-15 0)
(3 -1.44951e-15 0)
(3 -9.24016e-16 0)
(3 -2.3993e-16 0)
(3 3.2465e-16 0)
(3 3.94252e-16 0)
(3 -1.76362e-16 0)
(3 3.57021e-16 0)
(3 -4.99043e-16 0)
(3 -7.17781e-16 0)
(3 -4.13729e-16 0)
(3 2.30945e-16 0)
(3 7.65987e-17 0)
(3 -1.16007e-16 0)
(3 3.65917e-17 0)
(3 1.16961e-16 0)
(3 -2.52459e-16 0)
(3 -7.44319e-16 0)
(3 -1.27638e-15 0)
(3 -1.47073e-15 0)
(3 -8.21772e-16 0)
(3 -1.59878e-16 0)
(3 7.9912e-16 0)
(3 -5.3584e-16 0)
(3 -1.08271e-15 0)
(3 -2.11785e-15 0)
(3 -2.6575e-15 0)
(3 -3.08038e-15 0)
(3 -1.88917e-15 0)
(3 -1.18733e-15 0)
(3 -4.7602e-16 0)
(3 -1.8238e-15 0)
(3 -7.44591e-16 0)
(3 -1.68621e-15 0)
(3 -2.52424e-15 0)
(3 -3.092e-15 0)
(3 -1.06758e-15 0)
(3 -1.97446e-16 0)
(3 -2.33032e-16 0)
(3 -1.42732e-15 0)
(3 -6.49413e-16 0)
(3 7.03751e-17 0)
(3 -1.48809e-15 0)
(3 -4.33864e-16 0)
(3 9.02369e-16 0)
(3 1.81441e-15 0)
(3 1.98901e-15 0)
(3 3.99091e-16 0)
(3 4.10192e-16 0)
(3 6.70998e-16 0)
(3 1.46466e-16 0)
(3 4.44658e-16 0)
(3 3.6166e-16 0)
(3 6.66388e-16 0)
(3 8.79052e-16 0)
(3 -1.87443e-15 0)
(3 -8.89964e-17 0)
(3 2.8561e-16 0)
(3 -5.64922e-16 0)
(3 -1.55009e-15 0)
(3 -1.71383e-15 0)
(3 -1.61565e-15 0)
(3 -8.01799e-16 0)
(3 -1.68865e-15 0)
(3 -1.65657e-15 0)
(3 -9.24114e-16 0)
(3 -1.10846e-15 0)
(3 -1.00297e-15 0)
(3 -8.39622e-16 0)
(3 -5.44357e-16 0)
(3 -7.44145e-18 0)
(3 -6.64017e-16 0)
(3 -1.70156e-15 0)
(3 -1.8681e-15 0)
(3 -8.27365e-16 0)
(3 8.18549e-17 0)
(3 -6.48142e-17 0)
(3 -2.50039e-16 0)
(3 -2.63801e-17 0)
(3 -1.28308e-15 0)
(3 -1.60095e-15 0)
(3 -1.52503e-15 0)
(3 -1.31408e-15 0)
(3 -6.3288e-16 0)
(3 3.95686e-17 0)
(3 2.07168e-16 0)
(3 -4.28891e-16 0)
(3 -1.09644e-15 0)
(3 -9.12777e-16 0)
(3 -6.83658e-16 0)
(3 -1.22077e-15 0)
(3 -1.75986e-15 0)
(3 -1.37313e-15 0)
(3 -2.71753e-16 0)
(3 -5.26703e-16 0)
(3 -1.59246e-15 0)
(3 -1.41448e-15 0)
(3 -8.70186e-16 0)
(3 -5.86385e-16 0)
(3 -1.82435e-15 0)
(3 -1.71991e-15 0)
(3 -1.6755e-15 0)
(3 -1.04115e-15 0)
(3 -1.07346e-15 0)
(3 -1.47098e-15 0)
(3 -6.36049e-16 0)
(3 -2.64768e-16 0)
(3 7.6173e-16 0)
(3 1.66485e-17 0)
(3 -9.70058e-16 0)
(3 -1.06635e-15 0)
(3 9.1713e-17 0)
(3 -7.24253e-17 0)
(3 -1.3902e-16 0)
(3 -1.3101e-16 0)
(3 1.21858e-15 0)
(3 1.52159e-15 0)
(3 5.97664e-16 0)
(3 -4.42145e-16 0)
(3 -3.95499e-16 0)
(3 3.07409e-16 0)
(3 -1.09416e-16 0)
(3 -1.05361e-16 0)
(3 2.45448e-16 0)
(3 1.75903e-15 0)
(3 1.31988e-15 0)
(3 9.24868e-16 0)
(3 1.78304e-16 0)
(3 7.47031e-16 0)
(3 1.16518e-16 0)
(3 7.83427e-17 0)
(3 -2.98729e-16 0)
(3 -5.23827e-16 0)
(3 -4.42304e-16 0)
(3 1.64847e-15 0)
(3 8.24735e-16 0)
(3 8.99922e-16 0)
(3 1.20026e-15 0)
(3 3.94111e-16 0)
(3 -6.08193e-17 0)
(3 -9.0345e-16 0)
(3 -1.41108e-15 0)
(3 -2.72814e-16 0)
(3 5.25434e-16 0)
(3 9.46433e-17 0)
(3 5.60953e-16 0)
(3 -5.56321e-16 0)
(3 -9.85114e-16 0)
(3 -9.44795e-16 0)
(3 -1.73185e-15 0)
(3 -2.29955e-15 0)
(3 7.81397e-16 0)
(3 4.67718e-16 0)
(3 -2.39962e-16 0)
(3 -7.87857e-16 0)
(3 -8.81678e-16 0)
(3 -9.62161e-16 0)
(3 -7.56035e-16 0)
(3 -2.18055e-15 0)
(3 4.90055e-16 0)
(3 2.35163e-16 0)
(3 2.81417e-17 0)
(3 4.47936e-17 0)
(3 -1.51204e-16 0)
(3 -3.41743e-16 0)
(3 -2.57443e-16 0)
(3 -1.14054e-15 0)
(3 -9.08042e-17 0)
(3 3.30013e-17 0)
(3 -2.53187e-16 0)
(3 -6.26656e-16 0)
(3 -2.27933e-16 0)
(3 -3.17208e-16 0)
(3 -6.15725e-16 0)
(3 3.726e-16 0)
(3 1.09893e-16 0)
(3 1.2649e-16 0)
(3 -1.05951e-15 0)
(3 -1.24341e-15 0)
(3 -1.19245e-15 0)
(3 -1.00901e-15 0)
(3 -4.42571e-16 0)
(3 4.49629e-16 0)
)
;

boundaryField
{
    inlet
    {
        type            fixedValue;
        value           uniform (3 0 0);
    }
    outlet
    {
        type            inletOutlet;
        inletValue      nonuniform 0();
        value           nonuniform 0();
    }
    bottom
    {
        type            slip;
    }
    top
    {
        type            slip;
    }
    obstacle
    {
        type            slip;
    }
    defaultFaces
    {
        type            empty;
    }
    procBoundary8to4
    {
        type            processor;
        value           nonuniform List<vector> 
105
(
(3 3.35618e-15 0)
(3 2.39937e-15 0)
(3 1.336e-15 0)
(3 4.21489e-16 0)
(3 -5.24925e-16 0)
(3 -2.57413e-16 0)
(3 -1.59374e-15 0)
(3 -2.41777e-15 0)
(3 -2.72948e-15 0)
(3 -3.08267e-15 0)
(3 -3.34671e-15 0)
(3 -3.55325e-15 0)
(3 -4.14239e-15 0)
(3 -3.74686e-15 0)
(3 -1.71477e-15 0)
(3 -7.9342e-16 0)
(3 -5.4528e-16 0)
(3 -8.63423e-16 0)
(3 -8.65512e-16 0)
(3 3.69149e-16 0)
(3 1.60197e-15 0)
(3 1.86376e-15 0)
(3 2.08288e-15 0)
(3 2.21537e-15 0)
(3 1.59999e-15 0)
(3 1.27334e-15 0)
(3 7.36181e-16 0)
(3 1.02573e-15 0)
(3 7.23566e-16 0)
(3 4.89571e-16 0)
(3 3.33166e-16 0)
(3 2.08842e-16 0)
(3 -8.61775e-17 0)
(3 7.57048e-17 0)
(3 3.36447e-16 0)
(3 5.80375e-16 0)
(3 -6.58982e-16 0)
(3 -6.22207e-16 0)
(3 -3.79932e-16 0)
(3 8.93438e-16 0)
(3 1.14823e-15 0)
(3 7.46708e-16 0)
(3 -1.62149e-16 0)
(3 -4.96704e-16 0)
(3 6.17567e-16 0)
(3 1.60425e-15 0)
(3 1.4324e-15 0)
(3 1.30265e-15 0)
(3 1.29956e-15 0)
(3 6.62882e-16 0)
(3 -8.80312e-18 0)
(3 -3.6882e-16 0)
(3 -4.8573e-16 0)
(3 -8.75544e-16 0)
(3 -8.71828e-16 0)
(3 -1.01707e-15 0)
(3 -1.53551e-15 0)
(3 -1.51824e-15 0)
(3 -1.60309e-15 0)
(3 -1.14077e-15 0)
(3 -8.38106e-16 0)
(3 -1.35666e-16 0)
(3 -4.21491e-16 0)
(3 -3.47395e-16 0)
(3 -3.62639e-16 0)
(3 -4.41967e-16 0)
(3 -8.70545e-16 0)
(3 -2.49969e-16 0)
(3 9.06255e-16 0)
(3 1.37488e-15 0)
(3 8.82398e-16 0)
(3 8.26847e-16 0)
(3 -2.5675e-16 0)
(3 -7.4674e-16 0)
(3 -8.61929e-16 0)
(3 -1.48896e-15 0)
(3 -2.11261e-15 0)
(3 -2.4428e-15 0)
(3 -1.98356e-15 0)
(3 -6.06868e-16 0)
(3 -4.39693e-16 0)
(3 3.76133e-17 0)
(3 1.06611e-15 0)
(3 1.08796e-15 0)
(3 1.00969e-15 0)
(3 2.18632e-16 0)
(3 9.93982e-16 0)
(3 3.21982e-15 0)
(3 2.78977e-15 0)
(3 3.29284e-15 0)
(3 2.7598e-15 0)
(3 2.75325e-15 0)
(3 2.40857e-15 0)
(3 2.84265e-15 0)
(3 3.23123e-15 0)
(3 2.90281e-15 0)
(3 2.90281e-15 0)
(3 9.94487e-17 0)
(3 4.8444e-16 0)
(3 3.45238e-16 0)
(3 2.90046e-16 0)
(3 1.0862e-15 0)
(3 1.72346e-15 0)
(3 2.0423e-15 0)
(3 1.40631e-15 0)
)
;
    }
    procBoundary8to5
    {
        type            processor;
        value           nonuniform List<vector> 
11
(
(3 7.06049e-16 0)
(3 4.61082e-16 0)
(3 6.15409e-16 0)
(3 2.87184e-17 0)
(3 -5.1513e-16 0)
(3 -1.13295e-15 0)
(3 -9.74787e-16 0)
(3 -7.54392e-16 0)
(3 -1.19264e-16 0)
(3 8.24678e-16 0)
(3 -1.05119e-16 0)
)
;
    }
    procBoundary8to9
    {
        type            processor;
        value           nonuniform List<vector> 
29
(
(3 -1.99375e-16 0)
(3 1.01618e-15 0)
(3 2.09393e-15 0)
(3 1.42279e-15 0)
(3 6.80511e-16 0)
(3 1.04315e-16 0)
(3 -1.26865e-16 0)
(3 1.3406e-15 0)
(3 9.37965e-16 0)
(3 -8.69122e-16 0)
(3 -1.1567e-16 0)
(3 1.49543e-15 0)
(3 2.97501e-16 0)
(3 2.54282e-17 0)
(3 -2.14905e-16 0)
(3 4.83164e-16 0)
(3 5.47533e-17 0)
(3 -1.64635e-15 0)
(3 -1.88995e-16 0)
(3 -7.02761e-16 0)
(3 -6.83609e-16 0)
(3 7.42783e-16 0)
(3 1.98549e-15 0)
(3 1.4042e-15 0)
(3 -1.34289e-15 0)
(3 -2.60606e-15 0)
(3 -1.08005e-15 0)
(3 3.40457e-16 0)
(3 6.71395e-16 0)
)
;
    }
    procBoundary8to12
    {
        type            processor;
        value           nonuniform List<vector> 
105
(
(3 1.12603e-15 0)
(3 1.24974e-15 0)
(3 6.89144e-16 0)
(3 -6.42913e-16 0)
(3 -1.40248e-15 0)
(3 -1.02027e-15 0)
(3 -9.95828e-16 0)
(3 -1.03441e-15 0)
(3 -1.2297e-15 0)
(3 -1.18169e-15 0)
(3 -4.03991e-16 0)
(3 -5.79642e-16 0)
(3 -9.60953e-16 0)
(3 -1.07566e-15 0)
(3 -1.34214e-15 0)
(3 -1.13461e-15 0)
(3 -6.32205e-16 0)
(3 -7.19673e-16 0)
(3 -7.68334e-16 0)
(3 -6.72165e-16 0)
(3 -4.07397e-16 0)
(3 -1.01974e-15 0)
(3 -1.32017e-15 0)
(3 -1.49433e-15 0)
(3 -1.97326e-15 0)
(3 -2.87394e-15 0)
(3 -3.74845e-15 0)
(3 -3.35898e-15 0)
(3 -2.758e-15 0)
(3 -1.55461e-15 0)
(3 -5.59518e-16 0)
(3 -4.01325e-16 0)
(3 3.79007e-16 0)
(3 4.44564e-16 0)
(3 -5.612e-16 0)
(3 -1.09937e-15 0)
(3 4.90812e-17 0)
(3 6.06532e-16 0)
(3 3.77427e-16 0)
(3 6.46745e-16 0)
(3 1.0041e-15 0)
(3 1.09665e-15 0)
(3 8.1286e-16 0)
(3 -6.90642e-16 0)
(3 -1.50624e-15 0)
(3 -1.57002e-15 0)
(3 -8.03707e-16 0)
(3 -3.89663e-16 0)
(3 -1.22717e-16 0)
(3 5.49618e-17 0)
(3 -1.95889e-16 0)
(3 5.6383e-16 0)
(3 9.22922e-16 0)
(3 2.29399e-15 0)
(3 1.64719e-15 0)
(3 9.50401e-16 0)
(3 3.48471e-16 0)
(3 7.47617e-16 0)
(3 1.24527e-15 0)
(3 2.04782e-15 0)
(3 2.36904e-15 0)
(3 2.24975e-15 0)
(3 1.22927e-15 0)
(3 4.16198e-16 0)
(3 -6.81274e-17 0)
(3 2.36262e-17 0)
(3 3.3197e-17 0)
(3 9.44465e-16 0)
(3 1.22274e-15 0)
(3 1.24477e-15 0)
(3 1.56805e-15 0)
(3 1.72712e-15 0)
(3 1.02795e-15 0)
(3 6.43772e-16 0)
(3 6.54075e-16 0)
(3 4.8974e-16 0)
(3 3.97723e-16 0)
(3 5.84688e-16 0)
(3 8.12984e-16 0)
(3 -2.13527e-16 0)
(3 -8.97034e-16 0)
(3 -1.48901e-15 0)
(3 -2.64768e-15 0)
(3 -3.18627e-15 0)
(3 -2.62285e-15 0)
(3 -2.27645e-15 0)
(3 -1.62861e-15 0)
(3 -6.20454e-16 0)
(3 3.4108e-17 0)
(3 1.3733e-15 0)
(3 1.69364e-15 0)
(3 1.40639e-15 0)
(3 1.22045e-15 0)
(3 9.76137e-16 0)
(3 7.4904e-16 0)
(3 1.12603e-15 0)
(3 1.0401e-15 0)
(3 -6.78801e-16 0)
(3 -1.56304e-15 0)
(3 -2.4755e-15 0)
(3 -2.16506e-15 0)
(3 -2.14113e-15 0)
(3 -1.53588e-15 0)
(3 -4.10152e-16 0)
(3 9.14629e-17 0)
)
;
    }
}


// ************************************************************************* //
