/*--------------------------------*- C++ -*----------------------------------*\
  =========                 |
  \\      /  F ield         | OpenFOAM: The Open Source CFD Toolbox
   \\    /   O peration     | Website:  https://openfoam.org
    \\  /    A nd           | Version:  7
     \\/     M anipulation  |
\*---------------------------------------------------------------------------*/
FoamFile
{
    version     2.0;
    format      ascii;
    class       volScalarField;
    location    "3.8";
    object      p;
}
// * * * * * * * * * * * * * * * * * * * * * * * * * * * * * * * * * * * * * //

dimensions      [1 -1 -2 0 0 0 0];

internalField   nonuniform List<scalar> 
16192
(
1
1
1
1
1
1
1
1
1
1
1
1
1
1
1
1
1
1
1
1
1
1
1
1
1
1
1
1
1
1
1
1
1
1
1
1
1
1
1
1
1
1
1
1
1
1
1
1
1
1
1
1
1
1
1
1
1
1
1
1
1
1
1
1
1
1
1
1
1
1
1
1
1
1
1
1
1
1
1
1
1
1
1
1
1
1
1
1
1
1
1
1
1
1
1
1
1
1
1
1
1
1
1
1
1
1
1
1
1
1
1
1
1
1
1
1
1
1
1
1
1
1
1
1
1
1
1
1
1
1
1
1
1
1
1
1
1
1
1
1
1
1
1
1.44936
7.84553
10.4382
10.459
10.5179
10.5707
10.6228
10.6752
10.7294
10.7844
10.8379
10.889
10.9387
10.9885
11.0401
11.0935
11.1463
11.1945
11.2366
11.2748
11.3129
11.3533
11.3968
11.4422
11.4867
11.5285
11.5673
11.6045
11.6409
11.6764
11.7099
11.7405
11.7679
11.7927
11.816
11.8384
11.8599
11.8809
11.9019
11.9232
11.9446
11.9651
11.9834
11.9986
12.0113
12.0227
12.0328
12.0416
12.047
1
1
1
1
1
1
1
1
1
1
1
1
1
1
1
1
1
1
1
1
1
1
1
1
1
1
1
1
1
1
1
1
1
1
1
1
1
1
1
1
1
1
1
1
1
1
1
1
1
1
1
1
1
1
1
1
1
1
1
1
1
1
1
1
1
1
1
1
1
1
1
1
1
1
1
1
1
1
1
1
1
1
1
1
1
1
1
1
1
1
1
1
1
1
1
1
1
1
1
1
1
1
1
1
1
1
1
1
1
1
1
1
1
1
1
1
1
1
1
1
1
1
1
1
1
1
1
1
1
1
1
1
1
1
1
1
1
1
1
1
1
1
1
1.43566
7.80794
10.4306
10.4613
10.5183
10.5706
10.6224
10.6747
10.7289
10.7839
10.8373
10.8883
10.9377
10.9872
11.0387
11.0918
11.1443
11.1922
11.2342
11.2725
11.3108
11.3514
11.395
11.4404
11.4851
11.5269
11.5658
11.603
11.6393
11.6748
11.7083
11.7387
11.7659
11.7905
11.8136
11.836
11.8577
11.879
11.9001
11.9213
11.9424
11.9625
11.9803
11.9953
12.0081
12.0195
12.0297
12.0383
12.0438
1
1
1
1
1
1
1
1
1
1
1
1
1
1
1
1
1
1
1
1
1
1
1
1
1
1
1
1
1
1
1
1
1
1
1
1
1
1
1
1
1
1
1
1
1
1
1
1
1
1
1
1
1
1
1
1
1
1
1
1
1
1
1
1
1
1
1
1
1
1
1
1
1
1
1
1
1
1
1
1
1
1
1
1
1
1
1
1
1
1
1
1
1
1
1
1
1
1
1
1
1
1
1
1
1
1
1
1
1
1
1
1
1
1
1
1
1
1
1
1
1
1
1
1
1
1
1
1
1
1
1
1
1
1
1
1
1
1
1
1
1
1
1
1.40567
7.73572
10.4261
10.4588
10.5147
10.567
10.6191
10.6717
10.7262
10.7815
10.8351
10.886
10.9354
10.9846
11.036
11.0888
11.1407
11.1882
11.23
11.2683
11.3068
11.3476
11.3914
11.437
11.4818
11.5239
11.563
11.6001
11.6364
11.6718
11.7052
11.7356
11.7626
11.7871
11.81
11.8323
11.8543
11.8759
11.8973
11.9184
11.9389
11.958
11.975
11.9896
12.0025
12.0141
12.0242
12.0325
12.0378
1
1
1
1
1
1
1
1
1
1
1
1
1
1
1
1
1
1
1
1
1
1
1
1
1
1
1
1
1
1
1
1
1
1
1
1
1
1
1
1
1
1
1
1
1
1
1
1
1
1
1
1
1
1
1
1
1
1
1
1
1
1
1
1
1
1
1
1
1
1
1
1
1
1
1
1
1
1
1
1
1
1
1
1
1
1
1
1
1
1
1
1
1
1
1
1
1
1
1
1
1
1
1
1
1
1
1
1
1
1
1
1
1
1
1
1
1
1
1
1
1
1
1
1
1
1
1
1
1
1
1
1
1
1
1
1
1
1
1
1
1
1
1
1.36483
7.63087
10.4208
10.457
10.5113
10.5633
10.6152
10.6677
10.7222
10.7775
10.831
10.8819
10.9313
10.9804
11.0317
11.084
11.1353
11.1821
11.2235
11.2618
11.3004
11.3413
11.3852
11.4309
11.476
11.5184
11.5576
11.5949
11.6312
11.6664
11.6997
11.7299
11.7567
11.781
11.804
11.8264
11.8488
11.871
11.8929
11.914
11.9338
11.9519
11.9679
11.982
11.9947
12.0062
12.0161
12.0238
12.0289
1
1
1
1
1
1
1
1
1
1
1
1
1
1
1
1
1
1
1
1
1
1
1
1
1
1
1
1
1
1
1
1
1
1
1
1
1
1
1
1
1
1
1
1
1
1
1
1
1
1
1
1
1
1
1
1
1
1
1
1
1
1
1
1
1
1
1
1
1
1
1
1
1
1
1
1
1
1
1
1
1
1
1
1
1
1
1
1
1
1
1
1
1
1
1
1
1
1
1
1
1
1
1
1
1
1
1
1
1
1
1
1
1
1
1
1
1
1
1
1
1
1
1
1
1
1
1
1
1
1
1
1
1
1
1
1
1
1
1
1
1
1
1
1.31485
7.49265
10.4158
10.4554
10.5075
10.5587
10.6102
10.6626
10.7172
10.7727
10.8264
10.8774
10.9269
10.9758
11.0269
11.0786
11.129
11.1749
11.2158
11.254
11.2925
11.3335
11.3774
11.4232
11.4684
11.511
11.5506
11.5881
11.6243
11.6594
11.6923
11.7221
11.7488
11.773
11.7961
11.8189
11.8418
11.8646
11.8866
11.9074
11.9265
11.9435
11.9587
11.9724
11.985
11.9964
12.006
12.0133
12.0183
1
1
1
1
1
1
1
1
1
1
1
1
1
1
1
1
1
1
1
1
1
1
1
1
1
1
1
1
1
1
1
1
1
1
1
1
1
1
1
1
1
1
1
1
1
1
1
1
1
1
1
1
1
1
1
1
1
1
1
1
1
1
1
1
1
1
1
1
1
1
1
1
1
1
1
1
1
1
1
1
1
1
1
1
1
1
1
1
1
1
1
1
1
1
1
1
1
1
1
1
1
1
1
1
1
1
1
1
1
1
1
1
1
1
1
1
1
1
1
1
1
1
1
1
1
1
1
1
1
1
1
1
1
1
1
1
1
1
1
1
1
1
1
1.25042
7.31184
10.4111
10.4506
10.5014
10.5522
10.6035
10.6559
10.7106
10.7663
10.8203
10.8717
10.9215
10.9705
11.0216
11.0728
11.1224
11.1674
11.2077
11.2454
11.2838
11.3246
11.3684
11.414
11.4592
11.502
11.5419
11.5796
11.6159
11.6506
11.683
11.7123
11.7386
11.7628
11.7862
11.8096
11.8332
11.8565
11.8787
11.899
11.9171
11.9332
11.9475
11.9608
11.9731
11.9843
11.9936
12.0003
12.0053
1
1
1
1
1
1
1
1
1
1
1
1
1
1
1
1
1
1
1
1
1
1
1
1
1
1
1
1
1
1
1
1
1
1
1
1
1
1
1
1
1
1
1
1
1
1
1
1
1
1
1
1
1
1
1
1
1
1
1
1
1
1
1
1
1
1
1
1
1
1
1
1
1
1
1
1
1
1
1
1
1
1
1
1
1
1
1
1
1
1
1
1
1
1
1
1
1
1
1
1
1
1
1
1
1
1
1
1
1
1
1
1
1
1
1
1
1
1
1
1
1
1
1
1
1
1
1
1
1
1
1
1
1
1
1
1
1
1
1
1
1
1
1
1.17291
7.10148
10.4019
10.4427
10.4923
10.5431
10.594
10.6463
10.7011
10.7573
10.8121
10.8641
10.9142
10.9632
11.0141
11.065
11.1139
11.158
11.1976
11.2349
11.2729
11.3134
11.3569
11.4023
11.4475
11.4904
11.5307
11.5688
11.6053
11.6399
11.6717
11.7003
11.7261
11.7502
11.774
11.7982
11.8226
11.8464
11.8684
11.888
11.9051
11.9202
11.934
11.9469
11.959
11.97
11.9792
11.9857
11.991
1
1
1
1
1
1
1
1
1
1
1
1
1
1
1
1
1
1
1
1
1
1
1
1
1
1
1
1
1
1
1
1
1
1
1
1
1
1
1
1
1
1
1
1
1
1
1
1
1
1
1
1
1
1
1
1
1
1
1
1
1
1
1
1
1
1
1
1
1
1
1
1
1
1
1
1
1
1
1
1
1
1
1
1
1
1
1
1
1
1
1
1
1
1
1
1
1
1
1
1
1
1
1
1
1
1
1
1
1
1
1
1
1
1
1
1
1
1
1
1
1
1
1
1
1
1
1
1
1
1
1
1
1
1
1
1
1
1
1
1
1
1
1
1.07782
6.8837
10.3865
10.4302
10.4801
10.5331
10.5849
10.6377
10.6922
10.7474
10.801
10.8522
10.9018
10.9508
11.0024
11.0539
11.1033
11.1474
11.1868
11.2239
11.2615
11.3016
11.3445
11.3894
11.4341
11.477
11.5175
11.556
11.5927
11.6272
11.6586
11.6866
11.7119
11.7358
11.76
11.785
11.8103
11.8345
11.8563
11.875
11.891
11.9051
11.9182
11.9307
11.9424
11.9531
11.9623
11.9688
11.9744
1
1
1
1
1
1
1
1
1
1
1
1
1
1
1
1
1
1
1
1
1
1
1
1
1
1
1
1
1
1
1
1
1
1
1
1
1
1
1
1
1
1
1
1
1
1
1
1
1
1
1
1
1
1
1
1
1
1
1
1
1
1
1
1
1
1
1
1
1
1
1
1
1
1
1
1
1
1
1
1
1
1
1
1
1
1
1
1
1
1
1
1
1
1
1
1
1
1
1
1
1
1
1
1
1
1
1
1
1
1
1
1
1
1
1
1
1
1
1
1
1
1
1
1
1
1
1
1
1
1
1
1
1
1
1
1
1
1
1
1
1
1
1
1.00381
6.59164
10.3565
10.418
10.4656
10.5203
10.5723
10.6254
10.6804
10.7364
10.7913
10.8438
10.8941
10.9435
10.9951
11.0462
11.0949
11.1378
11.1759
11.212
11.2486
11.2877
11.3297
11.3738
11.418
11.4607
11.5013
11.5401
11.5772
11.6117
11.6429
11.6705
11.6954
11.7192
11.7437
11.7693
11.7953
11.82
11.8416
11.8596
11.8745
11.8876
11.8999
11.912
11.9235
11.9341
11.9436
11.9501
11.9561
1
1
1
1
1
1
1
1
1
1
1
1
1
1
1
1
1
1
1
1
1
1
1
1
1
1
1
1
1
1
1
1
1
1
1
1
1
1
1
1
1
1
1
1
1
1
1
1
1
1
1
1
1
1
1
1
1
1
1
1
1
1
1
1
1
1
1
1
1
1
1
1
1
1
1
1
1
1
1
1
1
1
1
1
1
1
1
1
1
1
1
1
1
1
1
1
1
1
1
1
1
1
1
1
1
1
1
1
1
1
1
1
1
1
1
1
1
1
1
1
1
1
1
1
1
1
1
1
1
1
1
1
1
1
1
1
1
1
1
1
1
1
1
1.00004
6.20754
10.3091
10.4014
10.4484
10.5066
10.5594
10.6132
10.6679
10.7232
10.7774
10.8292
10.8788
10.9274
10.9782
11.0286
11.0769
11.1199
11.1584
11.1953
11.2326
11.2721
11.3141
11.3575
11.4007
11.4425
11.4827
11.5215
11.5588
11.5937
11.6252
11.6528
11.6774
11.701
11.7254
11.7513
11.7778
11.803
11.8246
11.842
11.8558
11.8677
11.879
11.8905
11.9018
11.9124
11.9222
11.9289
11.9351
1
1
1
1
1
1
1
1
1
1
1
1
1
1
1
1
1
1
1
1
1
1
1
1
1
1
1
1
1
1
1
1
1
1
1
1
1
1
1
1
1
1
1
1
1
1
1
1
1
1
1
1
1
1
1
1
1
1
1
1
1
1
1
1
1
1
1
1
1
1
1
1
1
1
1
1
1
1
1
1
1
1
1
1
1
1
1
1
1
1
1
1
1
1
1
1
1
1
1
1
1
1
1
1
1
1
1
1
1
1
1
1
1
1
1
1
1
1
1
1
1
1
1
1
1
1
1
1
1
1
1
1
1
1
1
1
1
1
1
1
1
1
1
1
5.7669
10.2567
10.383
10.4318
10.4936
10.5476
10.602
10.6567
10.7115
10.7652
10.8169
10.8665
10.9149
10.9653
11.0149
11.0624
11.1047
11.1426
11.179
11.2157
11.2544
11.2952
11.3374
11.3795
11.4207
11.4609
11.5002
11.5382
11.5736
11.6052
11.6327
11.6571
11.6802
11.7043
11.7302
11.7572
11.7829
11.8048
11.8219
11.8348
11.8455
11.8556
11.8663
11.8774
11.8884
11.8986
11.9056
11.9121
1
1
1
1
1
1
1
1
1
1
1
1
1
1
1
1
1
1
1
1
1
1
1
1
1
1
1
1
1
1
1
1
1
1
1
1
1
1
1
1
1
1
1
1
1
1
1
1
1
1
1
1
1
1
1
1
1
1
1
1
1
1
1
1
1
1
1
1
1
1
1
1
1
1
1
1
1
1
1
1
1
1
1
1
1
1
1
1
1
1
1
1
1
1
1
1
1
1
1
1
1
1
1
1
1
1
1
1
1
1
1
1
1
1
1
1
1
1
1
1
1
1
1
1
1
1
1
1
1
1
1
1
1
1
1
1
1
1
1
1
1
1
1
1
5.28394
10.1851
10.3655
10.4166
10.4813
10.5361
10.5904
10.6446
10.6986
10.7516
10.803
10.8526
10.9009
10.9509
10.9997
11.0461
11.0877
11.1247
11.1606
11.1971
11.2354
11.2754
11.3165
11.3574
11.3976
11.4372
11.4762
11.514
11.5495
11.5812
11.609
11.6336
11.6568
11.6808
11.7065
11.7335
11.7595
11.7817
11.7987
11.811
11.8206
11.8294
11.8393
11.8502
11.8614
11.8721
11.8792
11.8859
1
1
1
1
1
1
1
1
1
1
1
1
1
1
1
1
1
1
1
1
1
1
1
1
1
1
1
1
1
1
1
1
1
1
1
1
1
1
1
1
1
1
1
1
1
1
1
1
1
1
1
1
1
1
1
1
1
1
1
1
1
1
1
1
1
1
1
1
1
1
1
1
1
1
1
1
1
1
1
1
1
1
1
1
1
1
1
1
1
1
1
1
1
1
1
1
1
1
1
1
1
1
1
1
1
1
1
1
1
1
1
1
1
1
1
1
1
1
1
1
1
1
1
1
1
1
1
1
1
1
1
1
1
1
1
1
1
1
1
1
1
1
1
1
4.7694
10.0828
10.3514
10.4045
10.4706
10.5251
10.5785
10.6317
10.6849
10.7371
10.7881
10.8378
10.886
10.9356
10.9837
11.0287
11.0696
11.106
11.1415
11.1776
11.2154
11.2545
11.2942
11.3335
11.3723
11.4112
11.4501
11.4882
11.524
11.556
11.5839
11.6084
11.6314
11.6546
11.6796
11.7062
11.7322
11.755
11.7723
11.7844
11.793
11.8007
11.8096
11.8201
11.8316
11.8427
11.8501
11.857
1
1
1
1
1
1
1
1
1
1
1
1
1
1
1
1
1
1
1
1
1
1
1
1
1
1
1
1
1
1
1
1
1
1
1
1
1
1
1
1
1
1
1
1
1
1
1
1
1
1
1
1
1
1
1
1
1
1
1
1
1
1
1
1
1
1
1
1
1
1
1
1
1
1
1
1
1
1
1
1
1
1
1
1
1
1
1
1
1
1
1
1
1
1
1
1
1
1
1
1
1
1
1
1
1
1
1
1
1
1
1
1
1
1
1
1
1
1
1
1
1
1
1
1
1
1
1
1
1
1
1
1
1
1
1
1
1
1
1
1
1
1
1
1
4.23159
9.93814
10.3419
10.3966
10.4625
10.5158
10.5674
10.6191
10.6713
10.7227
10.7731
10.8226
10.8708
10.92
10.9671
11.0107
11.0508
11.0866
11.1215
11.1571
11.1943
11.2324
11.2705
11.308
11.3452
11.383
11.4215
11.4596
11.4953
11.5273
11.555
11.5794
11.602
11.6249
11.6494
11.6756
11.7017
11.7247
11.7424
11.7544
11.7624
11.769
11.7769
11.7869
11.7983
11.8097
11.8174
11.8245
1
1
1
1
1
1
1
1
1
1
1
1
1
1
1
1
1
1
1
1
1
1
1
1
1
1
1
1
1
1
1
1
1
1
1
1
1
1
1
1
1
1
1
1
1
1
1
1
1
1
1
1
1
1
1
1
1
1
1
1
1
1
1
1
1
1
1
1
1
1
1
1
1
1
1
1
1
1
1
1
1
1
1
1
1
1
1
1
1
1
1
1
1
1
1
1
1
1
1
1
1
1
1
1
1
1
1
1
1
1
1
1
1
1
1
1
1
1
1
1
1
1
1
1
1
1
1
1
1
1
1
1
1
1
1
1
1
1
1
1
1
1
1
1
3.68225
9.73892
10.3344
10.3885
10.4529
10.5043
10.5538
10.6041
10.6554
10.7062
10.7562
10.8053
10.8537
10.9026
10.9491
10.9913
11.0305
11.0658
11.1003
11.1356
11.1725
11.2098
11.2466
11.2824
11.3176
11.3538
11.3913
11.4288
11.4643
11.496
11.5235
11.5475
11.5698
11.5921
11.6159
11.6414
11.6671
11.6902
11.7083
11.7204
11.7282
11.7342
11.7411
11.7505
11.7617
11.7732
11.7812
11.7887
1
1
1
1
1
1
1
1
1
1
1
1
1
1
1
1
1
1
1
1
1
1
1
1
1
1
1
1
1
1
1
1
1
1
1
1
1
1
1
1
1
1
1
1
1
1
1
1
1
1
1
1
1
1
1
1
1
1
1
1
1
1
1
1
1
1
1
1
1
1
1
1
1
1
1
1
1
1
1
1
1
1
1
1
1
1
1
1
1
1
1
1
1
1
1
1
1
1
1
1
1
1
1
1
1
1
1
1
1
1
1
1
1
1
1
1
1
1
1
1
1
1
1
1
1
1
1
1
1
1
1
1
1
1
1
1
1
1
1
1
1
1
1
1
3.13177
9.46959
10.3313
10.3822
10.4436
10.4925
10.5399
10.5887
10.6387
10.6884
10.7373
10.7857
10.834
10.8826
10.9289
10.9705
11.009
11.0439
11.078
11.1129
11.1493
11.1861
11.2218
11.256
11.2895
11.324
11.3602
11.3968
11.4315
11.4625
11.4892
11.5124
11.534
11.5556
11.5787
11.6035
11.6287
11.6518
11.6702
11.6827
11.6905
11.696
11.7021
11.7105
11.7211
11.7323
11.7406
11.7482
1
1
1
1
1
1
1
1
1
1
1
1
1
1
1
1
1
1
1
1
1
1
1
1
1
1
1
1
1
1
1
1
1
1
1
1
1
1
1
1
1
1
1
1
1
1
1
1
1
1
1
1
1
1
1
1
1
1
1
1
1
1
1
1
1
1
1
1
1
1
1
1
1
1
1
1
1
1
1
1
1
1
1
1
1
1
1
1
1
1
1
1
1
1
1
1
1
1
1
1
1
1
1
1
1
1
1
1
1
1
1
1
1
1
1
1
1
1
1
1
1
1
1
1
1
1
1
1
1
1
1
1
1
1
1
1
1
1
1
1
1
1
1
1
2.59372
9.11817
10.3454
10.3809
10.438
10.4835
10.5282
10.5747
10.6232
10.6717
10.7196
10.7671
10.8152
10.8633
10.9088
10.9492
10.9861
11.02
11.0531
11.0877
11.1237
11.1601
11.1953
11.2283
11.2604
11.2934
11.3282
11.3637
11.3973
11.427
11.4525
11.4745
11.495
11.5156
11.5378
11.5617
11.5863
11.609
11.6275
11.6403
11.6483
11.6536
11.659
11.6666
11.6764
11.6874
11.6959
11.7035
1
1
1
1
1
1
1
1
1
1
1
1
1
1
1
1
1
1
1
1
1
1
1
1
1
1
1
1
1
1
1
1
1
1
1
1
1
1
1
1
1
1
1
1
1
1
1
1
1
1
1
1
1
1
1
1
1
1
1
1
1
1
1
1
1
1
1
1
1
1
1
1
1
1
1
1
1
1
1
1
1
1
1
1
1
1
1
1
1
1
1
1
1
1
1
1
1
1
1
1
1
1
1
1
1
1
1
1
1
1
1
1
1
1
1
1
1
1
1
1
1
1
1
1
1
1
1
1
1
1
1
1
1
1
1
1
1
1
1
1
1
1
1
1
2.08169
8.66322
10.3654
10.387
10.4334
10.4727
10.5145
10.5596
10.6073
10.655
10.7022
10.7489
10.7963
10.8437
10.8884
10.9277
10.9628
10.9954
11.0277
11.0617
11.0973
11.1333
11.1678
11.1997
11.2301
11.2613
11.2945
11.3286
11.3609
11.3893
11.4134
11.4341
11.4531
11.4725
11.4935
11.5163
11.5399
11.5621
11.5804
11.5935
11.6018
11.6069
11.6117
11.6182
11.627
11.6373
11.6457
11.6529
1
1
1
1
1
1
1
1
1
1
1
1
1
1
1
1
1
1
1
1
1
1
1
1
1
1
1
1
1
1
1
1
1
1
1
1
1
1
1
1
1
1
1
1
1
1
1
1
1
1
1
1
1
1
1
1
1
1
1
1
1
1
1
1
1
1
1
1
1
1
1
1
1
1
1
1
1
1
1
1
1
1
1
1
1
1
1
1
1
1
1
1
1
1
1
1
1
1
1
1
1
1
1
1
1
1
1
1
1
1
1
1
1
1
1
1
1
1
1
1
1
1
1
1
1
1
1
1
1
1
1
1
1
1
1
1
1
1
1
1
1
1
1
1
1.62997
8.1287
10.4171
10.3784
10.4203
10.4572
10.4984
10.5422
10.5886
10.6351
10.6818
10.7281
10.7748
10.8216
10.8659
10.9049
10.9388
10.9702
11.0016
11.0349
11.0697
11.1049
11.1385
11.1692
11.198
11.2275
11.2589
11.2915
11.3224
11.3496
11.3722
11.3912
11.4085
11.4261
11.4455
11.467
11.4893
11.5106
11.5284
11.5414
11.5497
11.5547
11.559
11.5647
11.5726
11.5822
11.5904
11.5971
1
1
1
1
1
1
1
1
1
1
1
1
1
1
1
1
1
1
1
1
1
1
1
1
1
1
1
1
1
1
1
1
1
1
1
1
1
1
1
1
1
1
1
1
1
1
1
1
1
1
1
1
1
1
1
1
1
1
1
1
1
1
1
1
1
1
1
1
1
1
1
1
1
1
1
1
1
1
1
1
1
1
1
1
1
1
1
1
1
1
1
1
1
1
1
1
1
1
1
1
1
1
1
1
1
1
1
1
1
1
1
1
1
1
1
1
1
1
1
1
1
1
1
1
1
1
1
1
1
1
1
1
1
1
1
1
1
1
1
1
1
1
1
1
1.25587
7.48895
10.4187
10.3793
10.3972
10.428
10.4675
10.5118
10.5599
10.6088
10.6574
10.7046
10.7508
10.7971
10.8412
10.8801
10.9134
10.9436
10.9742
11.0068
11.0408
11.075
11.1077
11.1374
11.1647
11.1923
11.2218
11.2526
11.2819
11.3074
11.3282
11.3454
11.3607
11.3764
11.3939
11.4138
11.4349
11.455
11.472
11.4845
11.4925
11.4972
11.5009
11.5056
11.5122
11.5206
11.528
11.5335
1
1
1
1
1
1
1
1
1
1
1
1
1
1
1
1
1
1
1
1
1
1
1
1
1
1
1
1
1
1
1
1
1
1
1
1
1
1
1
1
1
1
1
1
1
1
1
1
1
1
1
1
1
1
1
1
1
1
1
1
1
1
1
1
1
1
1
1
1
1
1
1
1
1
1
1
1
1
1
1
1
1
1
1
1
1
1
1
1
1
1
1
1
1
1
1
1
1
1
1
1
1
1
1
1
1
1
1
1
1
1
1
1
1
1
1
1
1
1
1
1
1
1
1
1
1
1
1
1
1
1
1
1
1
1
1
1
1
1
1
1
1
1
1
1.01325
6.82239
10.3075
10.3117
10.3511
10.396
10.4443
10.4926
10.5397
10.5857
10.6316
10.6783
10.7236
10.7689
10.8123
10.8516
10.8849
10.9144
10.9442
10.9761
11.0097
11.0432
11.0752
11.104
11.1299
11.1554
11.1828
11.2114
11.2389
11.2626
11.2816
11.2969
11.3101
11.3235
11.3389
11.3568
11.3761
11.3945
11.41
11.4213
11.4284
11.4324
11.4355
11.4396
11.4452
11.4526
11.459
11.4633
1
1
1
1
1
1
1
1
1
1
1
1
1
1
1
1
1
1
1
1
1
1
1
1
1
1
1
1
1
1
1
1
1
1
1
1
1
1
1
1
1
1
1
1
1
1
1
1
1
1
1
1
1
1
1
1
1
1
1
1
1
1
1
1
1
1
1
1
1
1
1
1
1
1
1
1
1
1
1
1
1
1
1
1
1
1
1
1
1
1
1
1
1
1
1
1
1
1
1
1
1
1
1
1
1
1
1
1
1
1
1
1
1
1
1
1
1
1
1
1
1
1
1
1
1
1
1
1
1
1
1
1
1
1
1
1
1
1
1
1
1
1
1
1
1.00008
5.9971
10.1458
10.2485
10.3071
10.3565
10.4042
10.4533
10.5028
10.5518
10.5994
10.6449
10.6896
10.7357
10.7798
10.8196
10.8533
10.8826
10.9115
10.9427
10.976
11.0093
11.0405
11.0686
11.0931
11.1166
11.1415
11.168
11.1934
11.2153
11.2326
11.2459
11.2569
11.2677
11.2803
11.2957
11.3127
11.3292
11.3429
11.3525
11.3584
11.3615
11.3637
11.3665
11.3706
11.3757
11.3799
11.3826
1
1
1
1
1
1
1
1
1
1
1
1
1
1
1
1
1
1
1
1
1
1
1
1
1
1
1
1
1
1
1
1
1
1
1
1
1
1
1
1
1
1
1
1
1
1
1
1
1
1
1
1
1
1
1
1
1
1
1
1
1
1
1
1
1
1
1
1
1
1
1
1
1
1
1
1
1
1
1
1
1
1
1
1
1
1
1
1
1
1
1
1
1
1
1
1
1
1
1
1
1
1
1
1
1
1
1
1
1
1
1
1
1
1
1
1
1
1
1
1
1
1
1
1
1
1
1
1
1
1
1
1
1
1
1
1
1
1
1
1
1
1
1
1
1
5.13802
9.97903
10.1823
10.2608
10.3312
10.3882
10.4384
10.4845
10.5289
10.572
10.6166
10.6589
10.7026
10.7452
10.7849
10.8191
10.8481
10.8759
10.9063
10.9391
10.9724
11.0032
11.0305
11.0539
11.0755
11.098
11.1221
11.1454
11.1654
11.1809
11.1922
11.2007
11.2086
11.218
11.2302
11.2446
11.2585
11.2695
11.2765
11.2801
11.2814
11.2821
11.2835
11.2864
11.2897
11.292
11.2936
1
1
1
1
1
1
1
1
1
1
1
1
1
1
1
1
1
1
1
1
1
1
1
1
1
1
1
1
1
1
1
1
1
1
1
1
1
1
1
1
1
1
1
1
1
1
1
1
1
1
1
1
1
1
1
1
1
1
1
1
1
1
1
1
1
1
1
1
1
1
1
1
1
1
1
1
1
1
1
1
1
1
1
1
1
1
1
1
1
1
1
1
1
1
1
1
1
1
1
1
1
1
1
1
1
1
1
1
1
1
1
1
1
1
1
1
1
1
1
1
1
1
1
1
1
1
1
1
1
1
1
1
1
1
1
1
1
1
1
1
1
1
1
1
1
4.22567
9.7175
10.1548
10.2362
10.3008
10.3587
10.4099
10.4582
10.504
10.5467
10.5893
10.6304
10.6708
10.7101
10.7481
10.7806
10.8101
10.837
10.8663
10.8984
10.932
10.9627
10.9895
11.0121
11.0321
11.0522
11.0736
11.0946
11.1126
11.1263
11.1356
11.1416
11.1464
11.1522
11.1605
11.1713
11.1821
11.1899
11.1938
11.1948
11.194
11.1925
11.1918
11.1915
11.1908
11.1901
11.1893
1
1
1
1
1
1
1
1
1
1
1
1
1
1
1
1
1
1
1
1
1
1
1
1
1
1
1
1
1
1
1
1
1
1
1
1
1
1
1
1
1
1
1
1
1
1
1
1
1
1
1
1
1
1
1
1
1
1
1
1
1
1
1
1
1
1
1
1
1
1
1
1
1
1
1
1
1
1
1
1
1
1
1
1
1
1
1
1
1
1
1
1
1
1
1
1
1
1
1
1
1
1
1
1
1
1
1
1
1
1
1
1
1
1
1
1
1
1
1
1
1
1
1
1
1
1
1
1
1
1
1
1
1
1
1
1
1
1
1
1
1
1
1
1
1
3.33921
9.34838
10.1559
10.2248
10.2966
10.3527
10.3975
10.4383
10.4778
10.5164
10.5566
10.5985
10.6381
10.6765
10.7112
10.7446
10.7708
10.7961
10.8243
10.8547
10.888
10.919
10.9454
10.9674
10.986
11.0038
11.0224
11.0409
11.0569
11.0687
11.0759
11.0793
11.0807
11.0823
11.0861
11.0928
11.0993
11.1028
11.1029
11.0997
11.0947
11.0894
11.0852
11.0815
11.078
11.0752
11.0733
1
1
1
1
1
1
1
1
1
1
1
1
1
1
1
1
1
1
1
1
1
1
1
1
1
1
1
1
1
1
1
1
1
1
1
1
1
1
1
1
1
1
1
1
1
1
1
1
1
1
1
1
1
1
1
1
1
1
1
1
1
1
1
1
1
1
1
1
1
1
1
1
1
1
1
1
1
1
1
1
1
1
1
1
1
1
1
1
1
1
1
1
1
1
1
1
1
1
1
1
1
1
1
1
1
1
1
1
1
1
1
1
1
1
1
1
1
1
1
1
1
1
1
1
1
1
1
1
1
1
1
1
1
1
1
1
1
1
1
1
1
1
1
1
1
2.48883
8.77446
10.1968
10.2351
10.2858
10.3226
10.3661
10.413
10.4563
10.4936
10.5293
10.5655
10.603
10.6396
10.6741
10.704
10.7334
10.7548
10.7793
10.8077
10.8403
10.8717
10.898
10.9194
10.9368
10.9524
10.9682
10.9841
10.998
11.0077
11.0129
11.0136
11.0112
11.0084
11.0072
11.0087
11.0099
11.0087
11.0037
10.9956
10.986
10.9763
10.9671
10.9571
10.9469
10.9384
10.9322
1
1
1
1
1
1
1
1
1
1
1
1
1
1
1
1
1
1
1
1
1
1
1
1
1
1
1
1
1
1
1
1
1
1
1
1
1
1
1
1
1
1
1
1
1
1
1
1
1
1
1
1
1
1
1
1
1
1
1
1
1
1
1
1
1
1
1
1
1
1
1
1
1
1
1
1
1
1
1
1
1
1
1
1
1
1
1
1
1
1
1
1
1
1
1
1
1
1
1
1
1
1
1
1
1
1
1
1
1
1
1
1
1
1
1
1
1
1
1
1
1
1
1
1
1
1
1
1
1
1
1
1
1
1
1
1
1
1
1
1
1
1
1
1
1
1.68838
8.15462
10.3118
10.2148
10.2612
10.305
10.3488
10.3879
10.4254
10.4624
10.4987
10.5354
10.5711
10.6046
10.6367
10.6648
10.6887
10.7135
10.7345
10.7594
10.7889
10.8206
10.8471
10.868
10.8842
10.8977
10.9107
10.9239
10.9356
10.9436
10.9462
10.9439
10.9376
10.9299
10.9234
10.9187
10.9137
10.9063
10.895
10.8802
10.8627
10.8441
10.8254
10.8073
10.7912
10.7791
10.7727
1
1
1
1
1
1
1
1
1
1
1
1
1
1
1
1
1
1
1
1
1
1
1
1
1
1
1
1
1
1
1
1
1
1
1
1
1
1
1
1
1
1
1
1
1
1
1
1
1
1
1
1
1
1
1
1
1
1
1
1
1
1
1
1
1
1
1
1
1
1
1
1
1
1
1
1
1
1
1
1
1
1
1
1
1
1
1
1
1
1
1
1
1
1
1
1
1
1
1
1
1
1
1
1
1
1
1
1
1
1
1
1
1
1
1
1
1
1
1
1
1
1
1
1
1
1
1
1
1
1
1
1
1
1
1
1
1
1
1
1
1
1
1
1
1
1.09192
7.2686
10.3499
10.2418
10.2461
10.2672
10.3063
10.3505
10.3943
10.4325
10.4674
10.5012
10.5352
10.5692
10.6007
10.6276
10.6496
10.6693
10.6889
10.71
10.7365
10.7664
10.7927
10.8131
10.828
10.8395
10.8497
10.86
10.8697
10.8754
10.8756
10.87
10.8597
10.8471
10.8346
10.823
10.8104
10.7954
10.7764
10.753
10.7263
10.6981
10.6693
10.6397
10.609
10.5821
10.5636
1
1
1
1
1
1
1
1
1
1
1
1
1
1
1
1
1
1
1
1
1
1
1
1
1
1
1
1
1
1
1
1
1
1
1
1
1
1
1
1
1
1
1
1
1
1
1
1
1
1
1
1
1
1
1
1
1
1
1
1
1
1
1
1
1
1
1
1
1
1
1
1
1
1
1
1
1
1
1
1
1
1
1
1
1
1
1
1
1
1
1
1
1
1
1
1
1
1
1
1
1
1
1
1
1
1
1
1
1
1
1
1
1
1
1
1
1
1
1
1
1
1
1
1
1
1
1
1
1
1
1
1
1
1
1
1
1
1
1
1
1
1
1
1
1
1.00119
6.22526
10.098
10.0987
10.1724
10.2254
10.2746
10.3157
10.3579
10.4002
10.4356
10.4674
10.499
10.5316
10.5623
10.589
10.6102
10.6284
10.6458
10.6631
10.6836
10.7101
10.7362
10.755
10.7684
10.7778
10.7854
10.7925
10.7994
10.8029
10.8006
10.7919
10.7774
10.7595
10.7403
10.7209
10.6998
10.6758
10.6474
10.6134
10.5739
10.5288
10.4781
10.4247
10.3744
10.3342
10.3179
1
1
1
1
1
1
1
1
1
1
1
1
1
1
1
1
1
1
1
1
1
1
1
1
1
1
1
1
1
1
1
1
1
1
1
1
1
1
1
1
1
1
1
1
1
1
1
1
1
1
1
1
1
1
1
1
1
1
1
1
1
1
1
1
1
1
1
1
1
1
1
1
1
1
1
1
1
1
1
1
1
1
1
1
1
1
1
1
1
1
1
1
1
1
1
1
1
1
1
1
1
1
1
1
1
1
1
1
1
1
1
1
1
1
1
1
1
1
1
1
1
1
1
1
1
1
1
1
1
1
1
1
1
1
1
1
1
1
1
1
1
1
1
1
1
0.999996
5.03518
9.84367
10.0582
10.1471
10.1937
10.2401
10.2864
10.3282
10.3625
10.3968
10.4291
10.4596
10.4912
10.5221
10.5488
10.5696
10.5864
10.6024
10.6175
10.6342
10.6543
10.6769
10.6952
10.7064
10.7133
10.7183
10.7216
10.7253
10.7261
10.7212
10.7095
10.6908
10.6671
10.6408
10.6128
10.5823
10.5479
10.5081
10.4603
10.4033
10.3375
10.2646
10.1872
10.1084
10.023
9.95045
1
1
1
1
1
1
1
1
1
1
1
1
1
1
1
1
1
1
1
1
1
1
1
1
1
1
1
1
1
1
1
1
1
1
1
1
1
1
1
1
1
1
1
1
1
1
1
1
1
1
1
1
1
1
1
1
1
1
1
1
1
1
1
1
1
1
1
1
1
1
1
1
1
1
1
1
1
1
1
1
1
1
1
1
1
1
1
1
1
1
1
1
1
1
1
1
1
1
1
1
1
1
1
1
1
1
1
1
1
1
1
1
1
1
1
1
1
1
1
1
1
1
1
1
1
1
1
1
1
1
1
1
1
1
1
1
1
1
1
1
1
1
1
1
1
0.999999
3.89952
9.4689
10.0286
10.0999
10.1599
10.2106
10.2549
10.2895
10.3244
10.358
10.3881
10.4181
10.449
10.4795
10.5062
10.5271
10.5434
10.558
10.571
10.5846
10.6003
10.6178
10.6339
10.6433
10.6475
10.6491
10.6479
10.6474
10.6452
10.6373
10.6224
10.5995
10.5697
10.5357
10.4987
10.4579
10.4118
10.3582
10.2938
10.2168
10.1246
10.0139
9.87755
9.71639
9.55852
9.44897
1
1
1
1
1
1
1
1
1
1
1
1
1
1
1
1
1
1
1
1
1
1
1
1
1
1
1
1
1
1
1
1
1
1
1
1
1
1
1
1
1
1
1
1
1
1
1
1
1
1
1
1
1
1
1
1
1
1
1
1
1
1
1
1
1
1
1
1
1
1
1
1
1
1
1
1
1
1
1
1
1
1
1
1
1
1
1
1
1
1
1
1
1
1
1
1
1
1
1
1
1
1
1
1
1
1
1
1
1
1
1
1
1
1
1
1
1
1
1
1
1
1
1
1
1
1
1
1
1
1
1
1
1
1
1
1
1
1
1
1
1
1
1
1
1
1
2.81888
8.87745
10.007
10.0823
10.1518
10.1986
10.2333
10.2618
10.2916
10.3196
10.3476
10.3755
10.4048
10.4345
10.4611
10.4822
10.4985
10.512
10.5231
10.5339
10.5458
10.5589
10.5719
10.5794
10.5808
10.5787
10.5727
10.5671
10.561
10.5496
10.5311
10.5038
10.4678
10.4259
10.3794
10.3278
10.2688
10.1996
10.1158
10.0135
9.88588
9.72631
9.53051
9.29501
9.04266
8.8955
1
1
1
1
1
1
1
1
1
1
1
1
1
1
1
1
1
1
1
1
1
1
1
1
1
1
1
1
1
1
1
1
1
1
1
1
1
1
1
1
1
1
1
1
1
1
1
1
1
1
1
1
1
1
1
1
1
1
1
1
1
1
1
1
1
1
1
1
1
1
1
1
1
1
1
1
1
1
1
1
1
1
1
1
1
1
1
1
1
1
1
1
1
1
1
1
1
1
1
1
1
1
1
1
1
1
1
1
1
1
1
1
1
1
1
1
1
1
1
1
1
1
1
1
1
1
1
1
1
1
1
1
1
1
1
1
1
1
1
1
1
1
1
1
1
1
1.78328
8.09802
10.1699
10.1009
10.1258
10.1561
10.1932
10.2282
10.2596
10.2876
10.3116
10.335
10.3607
10.3878
10.4133
10.4345
10.4511
10.4634
10.4728
10.4814
10.49
10.4997
10.5091
10.5146
10.5135
10.5072
10.4963
10.485
10.4739
10.4582
10.4358
10.4038
10.3614
10.3115
10.2552
10.1922
10.1195
10.0333
9.92788
9.79755
9.63323
9.4242
9.14158
8.72571
7.93727
6.58143
1
1
1
1
1
1
1
1
1
1
1
1
1
1
1
1
1
1
1
1
1
1
1
1
1
1
1
1
1
1
1
1
1
1
1
1
1
1
1
1
1
1
1
1
1
1
1
1
1
1
1
1
1
1
1
1
1
1
1
1
1
1
1
1
1
1
1
1
1
1
1
1
1
1
1
1
1
1
1
1
1
1
1
1
1
1
1
1
1
1
1
1
1
1
1
1
1
1
1
1
1
1
1
1
1
1
1
1
1
1
1
1
1
1
1
1
1
1
1
1
1
1
1
1
1
1
1
1
1
1
1
1
1
1
1
1
1
1
1
1
1
1
1
1
1
1
1.08062
7.05259
10.2081
10.107
10.0927
10.1118
10.1559
10.1923
10.2235
10.2514
10.2759
10.2978
10.3197
10.343
10.3661
10.3865
10.4027
10.4135
10.4205
10.4268
10.4332
10.4394
10.4453
10.4483
10.4456
10.4353
10.4193
10.4025
10.3856
10.3649
10.3377
10.3005
10.2519
10.1939
10.1276
10.0529
9.9662
9.86255
9.7347
9.57555
9.37192
9.10457
8.73182
8.17881
7.40374
6.19279
1
1
1
1
1
1
1
1
1
1
1
1
1
1
1
1
1
1
1
1
1
1
1
1
1
1
1
1
1
1
1
1
1
1
1
1
1
1
1
1
1
1
1
1
1
1
1
1
1
1
1
1
1
1
1
1
1
1
1
1
1
1
1
1
1
1
1
1
1
1
1
1
1
1
1
1
1
1
1
1
1
1
1
1
1
1
1
1
1
1
1
1
1
1
1
1
1
1
1
1
1
1
1
1
1
1
1
1
1
1
1
1
1
1
1
1
1
1
1
1
1
1
1
1
1
1
1
1
1
1
1
1
1
1
1
1
1
1
1
1
1
1
1
1
1
1
1.00053
5.75242
9.86755
9.94234
10.0262
10.0758
10.1155
10.1526
10.185
10.2134
10.2377
10.2591
10.2794
10.2997
10.3196
10.338
10.3527
10.3622
10.3665
10.3702
10.3739
10.3776
10.3805
10.381
10.3759
10.362
10.3415
10.3191
10.2962
10.2698
10.2372
10.1945
10.1397
10.0738
9.99767
9.91133
9.8106
9.68986
9.54062
9.35409
9.11613
8.80264
8.37918
7.78179
7.0176
5.87721
1
1
1
1
1
1
1
1
1
1
1
1
1
1
1
1
1
1
1
1
1
1
1
1
1
1
1
1
1
1
1
1
1
1
1
1
1
1
1
1
1
1
1
1
1
1
1
1
1
1
1
1
1
1
1
1
1
1
1
1
1
1
1
1
1
1
1
1
1
1
1
1
1
1
1
1
1
1
1
1
1
1
1
1
1
1
1
1
1
1
1
1
1
1
1
1
1
1
1
1
1
1
1
1
1
1
1
1
1
1
1
1
1
1
1
1
1
1
1
1
1
1
1
1
1
1
1
1
1
1
1
1
1
1
1
1
1
1
1
1
1
1
1
1
1
1
0.999993
4.34922
9.48225
9.91779
10.008
10.0517
10.0783
10.1108
10.1435
10.1723
10.1965
10.2174
10.2367
10.2555
10.2735
10.2896
10.3028
10.311
10.3126
10.3133
10.3136
10.3144
10.3144
10.3126
10.3045
10.2881
10.2639
10.2362
10.207
10.1747
10.1362
10.0876
10.0265
9.95293
9.86723
9.7694
9.65534
9.51889
9.35113
9.14182
8.87818
8.53717
8.09061
7.49569
6.74338
5.85036
1
1
1
1
1
1
1
1
1
1
1
1
1
1
1
1
1
1
1
1
1
1
1
1
1
1
1
1
1
1
1
1
1
1
1
1
1
1
1
1
1
1
1
1
1
1
1
1
1
1
1
1
1
1
1
1
1
1
1
1
1
1
1
1
1
1
1
1
1
1
1
1
1
1
1
1
1
1
1
1
1
1
1
1
1
1
1
1
1
1
1
1
1
1
1
1
1
1
1
1
1
1
1
1
1
1
1
1
1
1
1
1
1
1
1
1
1
1
1
1
1
1
1
1
1
1
1
1
1
1
1
1
1
1
1
1
1
1
1
1
1
1
1
1
1
1
0.999998
3.01669
8.90468
9.95034
9.99471
10.0246
10.0519
10.0772
10.1043
10.1306
10.1537
10.1736
10.1918
10.2093
10.2257
10.24
10.2517
10.2584
10.2583
10.2553
10.2519
10.2494
10.2466
10.2423
10.2319
10.2132
10.1857
10.1529
10.1173
10.0787
10.0342
9.97998
9.91289
9.83219
9.73767
9.62908
9.50286
9.3528
9.17028
8.94458
8.66427
8.31047
7.86116
7.29923
6.62897
5.96683
1
1
1
1
1
1
1
1
1
1
1
1
1
1
1
1
1
1
1
1
1
1
1
1
1
1
1
1
1
1
1
1
1
1
1
1
1
1
1
1
1
1
1
1
1
1
1
1
1
1
1
1
1
1
1
1
1
1
1
1
1
1
1
1
1
1
1
1
1
1
1
1
1
1
1
1
1
1
1
1
1
1
1
1
1
1
1
1
1
1
1
1
1
1
1
1
1
1
1
1
1
1
1
1
1
1
1
1
1
1
1
1
1
1
1
1
1
1
1
1
1
1
1
1
1
1
1
1
1
1
1
1
1
1
1
1
1
1
1
1
1
1
1
1
1
1
1
1.81924
8.16848
10.0357
9.9591
9.97856
10.0127
10.0439
10.0701
10.0939
10.1146
10.1321
10.1478
10.1629
10.1774
10.1901
10.2002
10.2057
10.2046
10.1978
10.1905
10.1844
10.1784
10.1708
10.1582
10.1372
10.1073
10.0703
10.0287
9.98364
9.933
9.87346
9.80071
9.7134
9.61075
9.49235
9.35536
9.1941
9.00076
8.76523
8.47753
8.12423
7.69351
7.18203
6.61922
6.09021
1
1
1
1
1
1
1
1
1
1
1
1
1
1
1
1
1
1
1
1
1
1
1
1
1
1
1
1
1
1
1
1
1
1
1
1
1
1
1
1
1
1
1
1
1
1
1
1
1
1
1
1
1
1
1
1
1
1
1
1
1
1
1
1
1
1
1
1
1
1
1
1
1
1
1
1
1
1
1
1
1
1
1
1
1
1
1
1
1
1
1
1
1
1
1
1
1
1
1
1
1
1
1
1
1
1
1
1
1
1
1
1
1
1
1
1
1
1
1
1
1
1
1
1
1
1
1
1
1
1
1
1
1
1
1
1
1
1
1
1
1
1
1
1
1
1
1
1.08026
6.92006
10.0589
9.96499
9.9525
9.97586
10.0085
10.0333
10.0557
10.0745
10.09
10.1032
10.1157
10.1277
10.1388
10.1473
10.152
10.1497
10.14
10.1289
10.1189
10.1094
10.0985
10.0834
10.0604
10.0283
9.98778
9.94103
9.88943
9.83216
9.76696
9.68945
9.59684
9.48754
9.36103
9.21512
9.04515
8.8447
8.60514
8.31813
7.97526
7.57286
7.11692
6.64121
6.19602
1
1
1
1
1
1
1
1
1
1
1
1
1
1
1
1
1
1
1
1
1
1
1
1
1
1
1
1
1
1
1
1
1
1
1
1
1
1
1
1
1
1
1
1
1
1
1
1
1
1
1
1
1
1
1
1
1
1
1
1
1
1
1
1
1
1
1
1
1
1
1
1
1
1
1
1
1
1
1
1
1
1
1
1
1
1
1
1
1
1
1
1
1
1
1
1
1
1
1
1
1
1
1
1
1
1
1
1
1
1
1
1
1
1
1
1
1
1
1
1
1
1
1
1
1
1
1
1
1
1
1
1
1
1
1
1
1
1
1
1
1
1
1
1
1
1
1
1.00048
5.389
9.64184
9.80536
9.88697
9.92976
9.96323
9.9893
10.0129
10.0322
10.0469
10.0587
10.069
10.0781
10.0872
10.0943
10.0981
10.0944
10.0829
10.0686
10.0546
10.0413
10.0269
10.0084
9.98292
9.94881
9.90551
9.85457
9.79741
9.73395
9.66269
9.58045
9.48369
9.36928
9.2364
9.08344
8.90695
8.70239
8.46326
8.18283
7.85669
7.4852
7.07868
6.6664
6.26603
1
1
1
1
1
1
1
1
1
1
1
1
1
1
1
1
1
1
1
1
1
1
1
1
1
1
1
1
1
1
1
1
1
1
1
1
1
1
1
1
1
1
1
1
1
1
1
1
1
1
1
1
1
1
1
1
1
1
1
1
1
1
1
1
1
1
1
1
1
1
1
1
1
1
1
1
1
1
1
1
1
1
1
1
1
1
1
1
1
1
1
1
1
1
1
1
1
1
1
1
1
1
1
1
1
1
1
1
1
1
1
1
1
1
1
1
1
1
1
1
1
1
1
1
1
1
1
1
1
1
1
1
1
1
1
1
1
1
1
1
1
1
1
1
1
1
1
0.999995
3.82295
9.20999
9.8026
9.8682
9.91244
9.93245
9.95113
9.9716
9.98962
10.0033
10.0136
10.0219
10.028
10.0348
10.0404
10.0426
10.0378
10.0253
10.0082
9.99031
9.97303
9.9551
9.93293
9.90495
9.8689
9.82368
9.76969
9.70793
9.63867
9.56119
9.47357
9.37274
9.25545
9.11872
8.96122
8.7807
8.57442
8.33863
8.06835
7.76091
7.41978
7.05562
6.68635
6.32764
1
1
1
1
1
1
1
1
1
1
1
1
1
1
1
1
1
1
1
1
1
1
1
1
1
1
1
1
1
1
1
1
1
1
1
1
1
1
1
1
1
1
1
1
1
1
1
1
1
1
1
1
1
1
1
1
1
1
1
1
1
1
1
1
1
1
1
1
1
1
1
1
1
1
1
1
1
1
1
1
1
1
1
1
1
1
1
1
1
1
1
1
1
1
1
1
1
1
1
1
1
1
1
1
1
1
1
1
1
1
1
1
1
1
1
1
1
1
1
1
1
1
1
1
1
1
1
1
1
1
1
1
1
1
1
1
1
1
1
1
1
1
1
1
1
1
1
0.999999
2.31716
8.45808
9.89796
9.86799
9.87666
9.89162
9.91342
9.93194
9.94823
9.96069
9.96956
9.9761
9.97933
9.98318
9.98676
9.9868
9.98129
9.96782
9.94858
9.92732
9.90607
9.88443
9.85897
9.82796
9.78924
9.74192
9.68554
9.6203
9.54627
9.46339
9.37083
9.26604
9.14631
9.00816
8.84853
8.66606
8.45998
8.22892
7.9703
7.68202
7.36932
7.04248
6.70672
6.398
1
1
1
1
1
1
1
1
1
1
1
1
1
1
1
1
1
1
1
1
1
1
1
1
1
1
1
1
1
1
1
1
1
1
1
1
1
1
1
1
1
1
1
1
1
1
1
1
1
1
1
1
1
1
1
1
1
1
1
1
1
1
1
1
1
1
1
1
1
1
1
1
1
1
1
1
1
1
1
1
1
1
1
1
1
1
1
1
1
1
1
1
1
1
1
1
1
1
1
1
1
1
1
1
1
1
1
1
1
1
1
1
1
1
1
1
1
1
1
1
1
1
1
1
1
1
1
1
1
1
1
1
1
1
1
1
1
1
1
1
1
1
1
1
1
1
1
1
1.17911
7.36449
10.0063
9.86679
9.8301
9.84514
9.87053
9.88841
9.90398
9.91589
9.92398
9.92925
9.93011
9.9312
9.93234
9.93036
9.92382
9.9096
9.88906
9.86481
9.83937
9.81345
9.78476
9.75106
9.71003
9.66089
9.60283
9.5352
9.45757
9.37015
9.27296
9.16444
9.04216
8.90304
8.74423
8.56286
8.35859
8.1335
7.88657
7.61696
7.32988
7.03518
6.7327
6.46608
1
1
1
1
1
1
1
1
1
1
1
1
1
1
1
1
1
1
1
1
1
1
1
1
1
1
1
1
1
1
1
1
1
1
1
1
1
1
1
1
1
1
1
1
1
1
1
1
1
1
1
1
1
1
1
1
1
1
1
1
1
1
1
1
1
1
1
1
1
1
1
1
1
1
1
1
1
1
1
1
1
1
1
1
1
1
1
1
1
1
1
1
1
1
1
1
1
1
1
1
1
1
1
1
1
1
1
1
1
1
1
1
1
1
1
1
1
1
1
1
1
1
1
1
1
1
1
1
1
1
1
1
1
1
1
1
1
1
1
1
1
1
1
1
1
1
1
1
1.00304
5.83223
9.58467
9.68711
9.75709
9.79329
9.8222
9.84115
9.85758
9.87013
9.87844
9.88295
9.88184
9.88012
9.87831
9.87432
9.8662
9.85146
9.82979
9.80328
9.77422
9.74405
9.71184
9.67562
9.63262
9.5814
9.52116
9.45122
9.37092
9.28026
9.17952
9.06797
8.94387
8.80436
8.64684
8.4691
8.26946
8.04994
7.81469
7.56334
7.29837
7.03204
6.7636
6.52229
1
1
1
1
1
1
1
1
1
1
1
1
1
1
1
1
1
1
1
1
1
1
1
1
1
1
1
1
1
1
1
1
1
1
1
1
1
1
1
1
1
1
1
1
1
1
1
1
1
1
1
1
1
1
1
1
1
1
1
1
1
1
1
1
1
1
1
1
1
1
1
1
1
1
1
1
1
1
1
1
1
1
1
1
1
1
1
1
1
1
1
1
1
1
1
1
1
1
1
1
1
1
1
1
1
1
1
1
1
1
1
1
1
1
1
1
1
1
1
1
1
1
1
1
1
1
1
1
1
1
1
1
1
1
1
1
1
1
1
1
1
1
1
1
1
1
1
1
0.999961
4.07596
9.15498
9.66177
9.73679
9.77175
9.78645
9.79799
9.81139
9.82306
9.83151
9.83539
9.83297
9.82886
9.82404
9.81778
9.80791
9.79278
9.77052
9.74265
9.71053
9.67631
9.64008
9.60078
9.55581
9.50293
9.44083
9.3691
9.28715
9.19462
9.09151
8.97749
8.85169
8.71215
8.55659
8.38289
8.19012
7.97857
7.75262
7.519
7.27266
7.03118
6.79038
6.56521
1
1
1
1
1
1
1
1
1
1
1
1
1
1
1
1
1
1
1
1
1
1
1
1
1
1
1
1
1
1
1
1
1
1
1
1
1
1
1
1
1
1
1
1
1
1
1
1
1
1
1
1
1
1
1
1
1
1
1
1
1
1
1
1
1
1
1
1
1
1
1
1
1
1
1
1
1
1
1
1
1
1
1
1
1
1
1
1
1
1
1
1
1
1
1
1
1
1
1
1
1
1
1
1
1
1
1
1
1
1
1
1
1
1
1
1
1
1
1
1
1
1
1
1
1
1
1
1
1
1
1
1
1
1
1
1
1
1
1
1
1
1
1
1
1
1
1
1
0.99999
2.38314
8.44821
9.75293
9.73264
9.73793
9.74692
9.75797
9.76883
9.7789
9.78644
9.78915
9.78555
9.77904
9.77101
9.76182
9.75003
9.73408
9.71152
9.68252
9.64786
9.61005
9.56997
9.52751
9.48046
9.42604
9.36234
9.28877
9.20524
9.11155
9.00728
8.89192
8.76507
8.62573
8.47272
8.30363
8.11873
7.91728
7.70015
7.48229
7.25202
7.02905
6.80918
6.59916
1
1
1
1
1
1
1
1
1
1
1
1
1
1
1
1
1
1
1
1
1
1
1
1
1
1
1
1
1
1
1
1
1
1
1
1
1
1
1
1
1
1
1
1
1
1
1
1
1
1
1
1
1
1
1
1
1
1
1
1
1
1
1
1
1
1
1
1
1
1
1
1
1
1
1
1
1
1
1
1
1
1
1
1
1
1
1
1
1
1
1
1
1
1
1
1
1
1
1
1
1
1
1
1
1
1
1
1
1
1
1
1
1
1
1
1
1
1
1
1
1
1
1
1
1
1
1
1
1
1
1
1
1
1
1
1
1
1
1
1
1
1
1
1
1
1
1
1
0.999998
1.18549
7.25389
9.84387
9.71962
9.68899
9.69983
9.71265
9.72266
9.7317
9.73866
9.74112
9.7373
9.72918
9.71851
9.70631
9.69245
9.6754
9.65273
9.62309
9.58667
9.54593
9.50238
9.45655
9.40677
9.35028
9.28502
9.21029
9.12595
9.03188
8.92755
8.81193
8.68472
8.54565
8.39502
8.23076
8.05398
7.86315
7.6564
7.45023
7.23752
7.02644
6.82198
6.62225
1
1
1
1
1
1
1
1
1
1
1
1
1
1
1
1
1
1
1
1
1
1
1
1
1
1
1
1
1
1
1
1
1
1
1
1
1
1
1
1
1
1
1
1
1
1
1
1
1
1
1
1
1
1
1
1
1
1
1
1
1
1
1
1
1
1
1
1
1
1
1
1
1
1
1
1
1
1
1
1
1
1
1
1
1
1
1
1
1
1
1
1
1
1
1
1
1
1
1
1
1
1
1
1
1
1
1
1
1
1
1
1
1
1
1
1
1
1
1
1
1
1
1
1
1
1
1
1
1
1
1
1
1
1
1
1
1
1
1
1
1
1
1
1
1
1
1
1
1
1.00309
5.5591
9.38846
9.56743
9.63336
9.65046
9.66467
9.67541
9.68389
9.69048
9.69291
9.68915
9.6797
9.66658
9.65139
9.63528
9.61701
9.59402
9.56379
9.52601
9.48279
9.43615
9.38711
9.33453
9.27601
9.20942
9.13386
9.04919
8.95506
8.851
8.73591
8.60947
8.47155
8.32329
8.16367
7.99438
7.81404
7.61891
7.42221
7.22307
7.02781
6.82835
6.63657
1
1
1
1
1
1
1
1
1
1
1
1
1
1
1
1
1
1
1
1
1
1
1
1
1
1
1
1
1
1
1
1
1
1
1
1
1
1
1
1
1
1
1
1
1
1
1
1
1
1
1
1
1
1
1
1
1
1
1
1
1
1
1
1
1
1
1
1
1
1
1
1
1
1
1
1
1
1
1
1
1
1
1
1
1
1
1
1
1
1
1
1
1
1
1
1
1
1
1
1
1
1
1
1
1
1
1
1
1
1
1
1
1
1
1
1
1
1
1
1
1
1
1
1
1
1
1
1
1
1
1
1
1
1
1
1
1
1
1
1
1
1
1
1
1
1
1
1
1
0.999963
3.6084
8.95205
9.58784
9.60834
9.61971
9.62826
9.63471
9.64026
9.64482
9.64644
9.64236
9.63174
9.61661
9.59865
9.58004
9.55985
9.53576
9.50505
9.46653
9.42165
9.37252
9.32051
9.26507
9.20433
9.13631
9.05989
8.97493
8.88107
8.77799
8.66405
8.53927
8.40346
8.25781
8.1024
7.93919
7.76837
7.58473
7.39827
7.21037
7.02374
6.83435
6.64859
1
1
1
1
1
1
1
1
1
1
1
1
1
1
1
1
1
1
1
1
1
1
1
1
1
1
1
1
1
1
1
1
1
1
1
1
1
1
1
1
1
1
1
1
1
1
1
1
1
1
1
1
1
1
1
1
1
1
1
1
1
1
1
1
1
1
1
1
1
1
1
1
1
1
1
1
1
1
1
1
1
1
1
1
1
1
1
1
1
1
1
1
1
1
1
1
1
1
1
1
1
1
1
1
1
1
1
1
1
1
1
1
1
1
1
1
1
1
1
1
1
1
1
1
1
1
1
1
1
1
1
1
1
1
1
1
1
1
1
1
1
1
1
1
1
1
1
1
1
0.999991
1.90049
8.1861
9.64115
9.56719
9.57081
9.58747
9.59401
9.59655
9.59874
9.59901
9.59439
9.58315
9.56671
9.54655
9.52549
9.50272
9.47712
9.44588
9.40709
9.36126
9.31016
9.25542
9.1972
9.13428
9.06504
8.98819
8.90335
8.80979
8.7077
8.59535
8.47286
8.33997
8.19775
8.04686
7.88845
7.72487
7.55192
7.37686
7.19762
7.016
6.83761
6.66095
1
1
1
1
1
1
1
1
1
1
1
1
1
1
1
1
1
1
1
1
1
1
1
1
1
1
1
1
1
1
1
1
1
1
1
1
1
1
1
1
1
1
1
1
1
1
1
1
1
1
1
1
1
1
1
1
1
1
1
1
1
1
1
1
1
1
1
1
1
1
1
1
1
1
1
1
1
1
1
1
1
1
1
1
1
1
1
1
1
1
1
1
1
1
1
1
1
1
1
1
1
1
1
1
1
1
1
1
1
1
1
1
1
1
1
1
1
1
1
1
1
1
1
1
1
1
1
1
1
1
1
1
1
1
1
1
1
1
1
1
1
1
1
1
1
1
1
1
1
0.999998
1.07923
6.65127
9.58533
9.52493
9.5268
9.54221
9.54921
9.5521
9.55327
9.55235
9.54705
9.53572
9.51865
9.49698
9.47326
9.44754
9.41975
9.38756
9.34864
9.3025
9.25013
9.19312
9.13232
9.06729
8.99686
8.91971
8.8351
8.74191
8.64034
8.52944
8.40975
8.28034
8.14208
7.99637
7.84205
7.68423
7.52
7.35428
7.18204
7.01101
6.83997
6.6682
1
1
1
1
1
1
1
1
1
1
1
1
1
1
1
1
1
1
1
1
1
1
1
1
1
1
1
1
1
1
1
1
1
1
1
1
1
1
1
1
1
1
1
1
1
1
1
1
1
1
1
1
1
1
1
1
1
1
1
1
1
1
1
1
1
1
1
1
1
1
1
1
1
1
1
1
1
1
1
1
1
1
1
1
1
1
1
1
1
1
1
1
1
1
1
1
1
1
1
1
1
1
1
1
1
1
1
1
1
1
1
1
1
1
1
1
1
1
1
1
1
1
1
1
1
1
1
1
1
1
1
1
1
1
1
1
1
1
1
1
1
1
1
1
1
1
1
1
1
1
1.00035
4.59584
9.07639
9.41013
9.48437
9.50961
9.5124
9.5097
9.50799
9.50501
9.49867
9.4874
9.47026
9.44769
9.42154
9.39288
9.36264
9.32921
9.29018
9.24416
9.1912
9.13253
9.06946
9.00239
8.93079
8.85347
8.7694
8.67703
8.57624
8.46678
8.34945
8.22376
8.08966
7.94998
7.79992
7.64723
7.4884
7.33047
7.16769
7.00547
6.83808
6.67286
1
1
1
1
1
1
1
1
1
1
1
1
1
1
1
1
1
1
1
1
1
1
1
1
1
1
1
1
1
1
1
1
1
1
1
1
1
1
1
1
1
1
1
1
1
1
1
1
1
1
1
1
1
1
1
1
1
1
1
1
1
1
1
1
1
1
1
1
1
1
1
1
1
1
1
1
1
1
1
1
1
1
1
1
1
1
1
1
1
1
1
1
1
1
1
1
1
1
1
1
1
1
1
1
1
1
1
1
1
1
1
1
1
1
1
1
1
1
1
1
1
1
1
1
1
1
1
1
1
1
1
1
1
1
1
1
1
1
1
1
1
1
1
1
1
1
1
1
1
1
0.999996
2.51731
8.45333
9.53109
9.48853
9.47337
9.47524
9.4728
9.46742
9.46095
9.45255
9.4406
9.42318
9.39995
9.37191
9.34064
9.30778
9.27261
9.23304
9.18714
9.13408
9.0744
9.00963
8.94077
8.86799
8.79041
8.70682
8.61542
8.51572
8.40777
8.29235
8.16968
8.03968
7.90649
7.76046
7.61294
7.45939
7.30817
7.15094
6.9945
6.83548
6.67958
1
1
1
1
1
1
1
1
1
1
1
1
1
1
1
1
1
1
1
1
1
1
1
1
1
1
1
1
1
1
1
1
1
1
1
1
1
1
1
1
1
1
1
1
1
1
1
1
1
1
1
1
1
1
1
1
1
1
1
1
1
1
1
1
1
1
1
1
1
1
1
1
1
1
1
1
1
1
1
1
1
1
1
1
1
1
1
1
1
1
1
1
1
1
1
1
1
1
1
1
1
1
1
1
1
1
1
1
1
1
1
1
1
1
1
1
1
1
1
1
1
1
1
1
1
1
1
1
1
1
1
1
1
1
1
1
1
1
1
1
1
1
1
1
1
1
1
1
1
1
0.999999
1.197
7.13111
9.58126
9.45994
9.43203
9.42639
9.42749
9.42155
9.41417
9.4048
9.39255
9.37503
9.35172
9.32266
9.28955
9.25433
9.21711
9.17652
9.13056
9.07775
9.01785
8.95214
8.88192
8.80793
8.72987
8.64657
8.55618
8.45807
8.35211
8.23864
8.11855
7.99252
7.86424
7.72312
7.58263
7.43427
7.28517
7.13323
6.98631
6.83402
6.68193
1
1
1
1
1
1
1
1
1
1
1
1
1
1
1
1
1
1
1
1
1
1
1
1
1
1
1
1
1
1
1
1
1
1
1
1
1
1
1
1
1
1
1
1
1
1
1
1
1
1
1
1
1
1
1
1
1
1
1
1
1
1
1
1
1
1
1
1
1
1
1
1
1
1
1
1
1
1
1
1
1
1
1
1
1
1
1
1
1
1
1
1
1
1
1
1
1
1
1
1
1
1
1
1
1
1
1
1
1
1
1
1
1
1
1
1
1
1
1
1
1
1
1
1
1
1
1
1
1
1
1
1
1
1
1
1
1
1
1
1
1
1
1
1
1
1
1
1
1
1
1
1.0032
5.16189
9.09385
9.2986
9.36436
9.39063
9.39008
9.37895
9.3694
9.35841
9.34543
9.32759
9.30434
9.27498
9.24072
9.20342
9.16391
9.12169
9.0752
9.02267
8.96315
8.89733
8.82631
8.7513
8.67246
8.58902
8.49931
8.40295
8.29946
8.18821
8.07077
7.94779
7.82281
7.68787
7.55376
7.40814
7.26454
7.12168
6.97822
6.82678
6.68186
1
1
1
1
1
1
1
1
1
1
1
1
1
1
1
1
1
1
1
1
1
1
1
1
1
1
1
1
1
1
1
1
1
1
1
1
1
1
1
1
1
1
1
1
1
1
1
1
1
1
1
1
1
1
1
1
1
1
1
1
1
1
1
1
1
1
1
1
1
1
1
1
1
1
1
1
1
1
1
1
1
1
1
1
1
1
1
1
1
1
1
1
1
1
1
1
1
1
1
1
1
1
1
1
1
1
1
1
1
1
1
1
1
1
1
1
1
1
1
1
1
1
1
1
1
1
1
1
1
1
1
1
1
1
1
1
1
1
1
1
1
1
1
1
1
1
1
1
1
1
1
0.999969
2.86978
8.53955
9.40616
9.37656
9.35724
9.35214
9.34267
9.33028
9.31577
9.30041
9.28123
9.25756
9.22813
9.19326
9.15432
9.11265
9.06846
9.02093
8.96849
8.9097
8.84452
8.77342
8.69775
8.61802
8.53403
8.44453
8.34984
8.24925
8.14076
8.02645
7.90568
7.78408
7.6542
7.52298
7.38428
7.25114
7.11113
6.96418
6.82172
6.68633
1
1
1
1
1
1
1
1
1
1
1
1
1
1
1
1
1
1
1
1
1
1
1
1
1
1
1
1
1
1
1
1
1
1
1
1
1
1
1
1
1
1
1
1
1
1
1
1
1
1
1
1
1
1
1
1
1
1
1
1
1
1
1
1
1
1
1
1
1
1
1
1
1
1
1
1
1
1
1
1
1
1
1
1
1
1
1
1
1
1
1
1
1
1
1
1
1
1
1
1
1
1
1
1
1
1
1
1
1
1
1
1
1
1
1
1
1
1
1
1
1
1
1
1
1
1
1
1
1
1
1
1
1
1
1
1
1
1
1
1
1
1
1
1
1
1
1
1
1
1
1
0.999992
1.26991
7.33164
9.49774
9.35662
9.32114
9.30188
9.29741
9.28538
9.2704
9.25411
9.23425
9.21056
9.18151
9.1467
9.10677
9.06343
9.01734
8.96839
8.91562
8.8575
8.79343
8.72294
8.64706
8.56663
8.48187
8.3922
8.29884
8.20097
8.09556
7.98496
7.86639
7.7478
7.6203
7.49361
7.36589
7.23468
7.09232
6.95526
6.82533
6.68991
1
1
1
1
1
1
1
1
1
1
1
1
1
1
1
1
1
1
1
1
1
1
1
1
1
1
1
1
1
1
1
1
1
1
1
1
1
1
1
1
1
1
1
1
1
1
1
1
1
1
1
1
1
1
1
1
1
1
1
1
1
1
1
1
1
1
1
1
1
1
1
1
1
1
1
1
1
1
1
1
1
1
1
1
1
1
1
1
1
1
1
1
1
1
1
1
1
1
1
1
1
1
1
1
1
1
1
1
1
1
1
1
1
1
1
1
1
1
1
1
1
1
1
1
1
1
1
1
1
1
1
1
1
1
1
1
1
1
1
1
1
1
1
1
1
1
1
1
1
1
1
0.999999
1.00643
5.35373
9.02417
9.17962
9.23867
9.26437
9.2594
9.24373
9.22703
9.20906
9.18827
9.16435
9.13552
9.1011
9.0607
9.01624
8.96853
8.91801
8.86443
8.80655
8.74357
8.67411
8.59868
8.51808
8.43277
8.34277
8.25053
8.15464
8.05232
7.94584
7.82997
7.71367
7.58863
7.46886
7.34492
7.21128
7.07836
6.95592
6.82465
6.68587
1
1
1
1
1
1
1
1
1
1
1
1
1
1
1
1
1
1
1
1
1
1
1
1
1
1
1
1
1
1
1
1
1
1
1
1
1
1
1
1
1
1
1
1
1
1
1
1
1
1
1
1
1
1
1
1
1
1
1
1
1
1
1
1
1
1
1
1
1
1
1
1
1
1
1
1
1
1
1
1
1
1
1
1
1
1
1
1
1
1
1
1
1
1
1
1
1
1
1
1
1
1
1
1
1
1
1
1
1
1
1
1
1
1
1
1
1
1
1
1
1
1
1
1
1
1
1
1
1
1
1
1
1
1
1
1
1
1
1
1
1
1
1
1
1
1
1
1
1
1
1
1
0.999946
2.92712
8.4741
9.28
9.25467
9.23347
9.22182
9.2092
9.19013
9.16835
9.14508
9.11974
9.09038
9.05604
9.01551
8.97045
8.92159
8.86969
8.81512
8.75693
8.69466
8.62628
8.55175
8.47197
8.38609
8.29719
8.20492
8.10994
8.01042
7.90775
7.79553
7.68165
7.56092
7.44453
7.31885
7.1921
7.07359
6.94968
6.81061
6.683
1
1
1
1
1
1
1
1
1
1
1
1
1
1
1
1
1
1
1
1
1
1
1
1
1
1
1
1
1
1
1
1
1
1
1
1
1
1
1
1
1
1
1
1
1
1
1
1
1
1
1
1
1
1
1
1
1
1
1
1
1
1
1
1
1
1
1
1
1
1
1
1
1
1
1
1
1
1
1
1
1
1
1
1
1
1
1
1
1
1
1
1
1
1
1
1
1
1
1
1
1
1
1
1
1
1
1
1
1
1
1
1
1
1
1
1
1
1
1
1
1
1
1
1
1
1
1
1
1
1
1
1
1
1
1
1
1
1
1
1
1
1
1
1
1
1
1
1
1
1
1
1
0.999986
1.27744
7.23176
9.3716
9.23439
9.19756
9.17573
9.16767
9.14712
9.12431
9.10037
9.07449
9.04499
9.01111
8.97108
8.9261
8.87659
8.82362
8.76803
8.70899
8.64689
8.57924
8.50577
8.42768
8.34197
8.2552
8.16239
8.06783
7.97043
7.87063
7.76271
7.65191
7.53623
7.41879
7.29612
7.17985
7.06293
6.93111
6.80131
6.68828
1
1
1
1
1
1
1
1
1
1
1
1
1
1
1
1
1
1
1
1
1
1
1
1
1
1
1
1
1
1
1
1
1
1
1
1
1
1
1
1
1
1
1
1
1
1
1
1
1
1
1
1
1
1
1
1
1
1
1
1
1
1
1
1
1
1
1
1
1
1
1
1
1
1
1
1
1
1
1
1
1
1
1
1
1
1
1
1
1
1
1
1
1
1
1
1
1
1
1
1
1
1
1
1
1
1
1
1
1
1
1
1
1
1
1
1
1
1
1
1
1
1
1
1
1
1
1
1
1
1
1
1
1
1
1
1
1
1
1
1
1
1
1
1
1
1
1
1
1
1
1
1
0.999998
1.00662
5.15409
8.88687
9.05818
9.11612
9.14334
9.13335
9.10762
9.08299
9.05761
9.03048
9.00039
8.96649
8.92703
8.88249
8.83287
8.77928
8.72287
8.66285
8.60042
8.53313
8.46087
8.38432
8.30043
8.21496
8.12282
8.02846
7.93192
7.83403
7.7302
7.62348
7.51123
7.39443
7.27885
7.16634
7.04295
6.91624
6.80333
6.69105
1
1
1
1
1
1
1
1
1
1
1
1
1
1
1
1
1
1
1
1
1
1
1
1
1
1
1
1
1
1
1
1
1
1
1
1
1
1
1
1
1
1
1
1
1
1
1
1
1
1
1
1
1
1
1
1
1
1
1
1
1
1
1
1
1
1
1
1
1
1
1
1
1
1
1
1
1
1
1
1
1
1
1
1
1
1
1
1
1
1
1
1
1
1
1
1
1
1
1
1
1
1
1
1
1
1
1
1
1
1
1
1
1
1
1
1
1
1
1
1
1
1
1
1
1
1
1
1
1
1
1
1
1
1
1
1
1
1
1
1
1
1
1
1
1
1
1
1
1
1
1
1
1
0.999952
2.65531
8.26316
9.1624
9.13618
9.12973
9.09754
9.07025
9.04526
9.01818
8.98914
8.95787
8.92334
8.88411
8.83995
8.79057
8.73666
8.67972
8.61876
8.5556
8.48836
8.41704
8.34213
8.26042
8.1763
8.08616
7.99231
7.89589
7.79875
7.69828
7.59513
7.48536
7.37292
7.26329
7.14821
7.02512
6.91163
6.80383
6.68534
1
1
1
1
1
1
1
1
1
1
1
1
1
1
1
1
1
1
1
1
1
1
1
1
1
1
1
1
1
1
1
1
1
1
1
1
1
1
1
1
1
1
1
1
1
1
1
1
1
1
1
1
1
1
1
1
1
1
1
1
1
1
1
1
1
1
1
1
1
1
1
1
1
1
1
1
1
1
1
1
1
1
1
1
1
1
1
1
1
1
1
1
1
1
1
1
1
1
1
1
1
1
1
1
1
1
1
1
1
1
1
1
1
1
1
1
1
1
1
1
1
1
1
1
1
1
1
1
1
1
1
1
1
1
1
1
1
1
1
1
1
1
1
1
1
1
1
1
1
1
1
1
1
0.999988
1.21195
6.82746
9.19513
9.11563
9.06952
9.04406
9.02469
9.00302
8.97599
8.94617
8.91422
8.8793
8.84053
8.79716
8.74868
8.69504
8.63812
8.57658
8.51286
8.44528
8.37464
8.30086
8.22151
8.13849
8.05067
7.95816
7.86213
7.76524
7.66699
7.56561
7.45939
7.35348
7.24589
7.12901
7.01435
6.909
6.79554
6.67778
1
1
1
1
1
1
1
1
1
1
1
1
1
1
1
1
1
1
1
1
1
1
1
1
1
1
1
1
1
1
1
1
1
1
1
1
1
1
1
1
1
1
1
1
1
1
1
1
1
1
1
1
1
1
1
1
1
1
1
1
1
1
1
1
1
1
1
1
1
1
1
1
1
1
1
1
1
1
1
1
1
1
1
1
1
1
1
1
1
1
1
1
1
1
1
1
1
1
1
1
1
1
1
1
1
1
1
1
1
1
1
1
1
1
1
1
1
1
1
1
1
1
1
1
1
1
1
1
1
1
1
1
1
1
1
1
1
1
1
1
1
1
1
1
1
1
1
1
1
1
1
1
1
0.999998
1.00346
4.46539
8.69804
8.98656
9.00887
9.00462
8.99476
8.9724
8.94278
8.91015
8.87565
8.83888
8.79932
8.75595
8.70801
8.65473
8.5981
8.53637
8.47237
8.40432
8.33414
8.26085
8.18336
8.10173
8.01574
7.92526
7.83051
7.73447
7.6367
7.53607
7.43468
7.33353
7.22574
7.11233
7.00731
6.90077
6.78386
6.67504
1
1
1
1
1
1
1
1
1
1
1
1
1
1
1
1
1
1
1
1
1
1
1
1
1
1
1
1
1
1
1
1
1
1
1
1
1
1
1
1
1
1
1
1
1
1
1
1
1
1
1
1
1
1
1
1
1
1
1
1
1
1
1
1
1
1
1
1
1
1
1
1
1
1
1
1
1
1
1
1
1
1
1
1
1
1
1
1
1
1
1
1
1
1
1
1
1
1
1
1
1
1
1
1
1
1
1
1
1
1
1
1
1
1
1
1
1
1
1
1
1
1
1
1
1
1
1
1
1
1
1
1
1
1
1
1
1
1
1
1
1
1
1
1
1
1
1
1
1
1
1
1
1
1
0.999978
1.9746
7.98368
9.13872
9.03439
8.99098
8.96431
8.93668
8.90559
8.87203
8.83596
8.79809
8.75809
8.715
8.66778
8.61523
8.55913
8.49777
8.43372
8.36551
8.29539
8.22205
8.14576
8.06546
7.98121
7.89277
7.80028
7.70574
7.60798
7.50909
7.41188
7.31186
7.20502
7.09997
6.99946
6.88881
6.77616
6.67607
1
1
1
1
1
1
1
1
1
1
1
1
1
1
1
1
1
1
1
1
1
1
1
1
1
1
1
1
1
1
1
1
1
1
1
1
1
1
1
1
1
1
1
1
1
1
1
1
1
1
1
1
1
1
1
1
1
1
1
1
1
1
1
1
1
1
1
1
1
1
1
1
1
1
1
1
1
1
1
1
1
1
1
1
1
1
1
1
1
1
1
1
1
1
1
1
1
1
1
1
1
1
1
1
1
1
1
1
1
1
1
1
1
1
1
1
1
1
1
1
1
1
1
1
1
1
1
1
1
1
1
1
1
1
1
1
1
1
1
1
1
1
1
1
1
1
1
1
1
1
1
1
1
1
0.999995
1.07769
6.19728
8.89017
8.92668
8.93597
8.91651
8.89075
8.86191
8.8301
8.79424
8.75645
8.71671
8.67433
8.62786
8.5764
8.52105
8.46063
8.39685
8.329
8.25871
8.1853
8.10935
8.03005
7.94729
7.86087
7.77101
7.67808
7.5815
7.48551
7.38979
7.28911
7.18657
7.08891
6.98739
6.87556
6.773
6.67698
1
1
1
1
1
1
1
1
1
1
1
1
1
1
1
1
1
1
1
1
1
1
1
1
1
1
1
1
1
1
1
1
1
1
1
1
1
1
1
1
1
1
1
1
1
1
1
1
1
1
1
1
1
1
1
1
1
1
1
1
1
1
1
1
1
1
1
1
1
1
1
1
1
1
1
1
1
1
1
1
1
1
1
1
1
1
1
1
1
1
1
1
1
1
1
1
1
1
1
1
1
1
1
1
1
1
1
1
1
1
1
1
1
1
1
1
1
1
1
1
1
1
1
1
1
1
1
1
1
1
1
1
1
1
1
1
1
1
1
1
1
1
1
1
1
1
1
1
1
1
1
1
1
1
0.999999
1.00027
3.44538
8.3544
8.9028
8.90504
8.87953
8.86239
8.83575
8.80118
8.76208
8.72226
8.68091
8.63758
8.59037
8.53923
8.48408
8.42446
8.36096
8.2937
8.22325
8.14996
8.07409
7.99569
7.91432
7.83008
7.74275
7.65155
7.55779
7.46467
7.36867
7.26871
7.17181
7.07626
6.97207
6.86548
6.77198
6.67665
1
1
1
1
1
1
1
1
1
1
1
1
1
1
1
1
1
1
1
1
1
1
1
1
1
1
1
1
1
1
1
1
1
1
1
1
1
1
1
1
1
1
1
1
1
1
1
1
1
1
1
1
1
1
1
1
1
1
1
1
1
1
1
1
1
1
1
1
1
1
1
1
1
1
1
1
1
1
1
1
1
1
1
1
1
1
1
1
1
1
1
1
1
1
1
1
1
1
1
1
1
1
1
1
1
1
1
1
1
1
1
1
1
1
1
1
1
1
1
1
1
1
1
1
1
1
1
1
1
1
1
1
1
1
1
1
1
1
1
1
1
1
1
1
1
1
1
1
1
1
1
1
1
1
1
0.999998
1.3893
7.24055
9.04862
8.91484
8.86494
8.82689
8.79733
8.76051
8.72286
8.68412
8.64318
8.59982
8.55243
8.50208
8.44742
8.38903
8.32634
8.26009
8.18992
8.11695
8.04111
7.96317
7.88279
7.80026
7.71489
7.6257
7.53524
7.444
7.34827
7.25146
7.15781
7.06046
6.95634
6.85938
6.77003
6.67378
1
1
1
1
1
1
1
1
1
1
1
1
1
1
1
1
1
1
1
1
1
1
1
1
1
1
1
1
1
1
1
1
1
1
1
1
1
1
1
1
1
1
1
1
1
1
1
1
1
1
1
1
1
1
1
1
1
1
1
1
1
1
1
1
1
1
1
1
1
1
1
1
1
1
1
1
1
1
1
1
1
1
1
1
1
1
1
1
1
1
1
1
1
1
1
1
1
1
1
1
1
1
1
1
1
1
1
1
1
1
1
1
1
1
1
1
1
1
1
1
1
1
1
1
1
1
1
1
1
1
1
1
1
1
1
1
1
1
1
1
1
1
1
1
1
1
1
1
1
1
1
1
1
1
1
0.999999
1.01281
5.01171
8.60812
8.75204
8.78515
8.7823
8.75999
8.72498
8.68988
8.65187
8.61014
8.56516
8.51661
8.46592
8.4112
8.35365
8.2918
8.22665
8.15721
8.08492
8.00965
7.93236
7.8531
7.77212
7.68852
7.60174
7.51398
7.42401
7.33023
7.23724
7.14386
7.04455
6.94518
6.85603
6.76645
6.66919
1
1
1
1
1
1
1
1
1
1
1
1
1
1
1
1
1
1
1
1
1
1
1
1
1
1
1
1
1
1
1
1
1
1
1
1
1
1
1
1
1
1
1
1
1
1
1
1
1
1
1
1
1
1
1
1
1
1
1
1
1
1
1
1
1
1
1
1
1
1
1
1
1
1
1
1
1
1
1
1
1
1
1
1
1
1
1
1
1
1
1
1
1
1
1
1
1
1
1
1
1
1
1
1
1
1
1
1
1
1
1
1
1
1
1
1
1
1
1
1
1
1
1
1
1
1
1
1
1
1
1
1
1
1
1
1
1
1
1
1
1
1
1
1
1
1
1
1
1
1
1
1
1
1
1
1
0.999955
2.2594
7.95294
8.85545
8.80079
8.76597
8.72517
8.69275
8.6606
8.62251
8.57964
8.53272
8.48309
8.43154
8.37676
8.31975
8.25876
8.19475
8.12644
8.05504
7.98054
7.90379
7.82524
7.74517
7.6629
7.57823
7.49217
7.40358
7.31303
7.2228
7.12882
7.03042
6.93858
6.85223
6.76044
6.66426
1
1
1
1
1
1
1
1
1
1
1
1
1
1
1
1
1
1
1
1
1
1
1
1
1
1
1
1
1
1
1
1
1
1
1
1
1
1
1
1
1
1
1
1
1
1
1
1
1
1
1
1
1
1
1
1
1
1
1
1
1
1
1
1
1
1
1
1
1
1
1
1
1
1
1
1
1
1
1
1
1
1
1
1
1
1
1
1
1
1
1
1
1
1
1
1
1
1
1
1
1
1
1
1
1
1
1
1
1
1
1
1
1
1
1
1
1
1
1
1
1
1
1
1
1
1
1
1
1
1
1
1
1
1
1
1
1
1
1
1
1
1
1
1
1
1
1
1
1
1
1
1
1
1
1
1
0.999988
1.12132
6.20373
8.7539
8.72554
8.70515
8.67851
8.65772
8.62894
8.5907
8.54603
8.49766
8.44776
8.39576
8.34158
8.28514
8.22537
8.16265
8.0958
8.0257
7.95251
7.87684
7.79933
7.72027
7.63937
7.55652
7.47177
7.3849
7.29756
7.20855
7.11437
7.02046
6.93418
6.84741
6.75423
6.66181
1
1
1
1
1
1
1
1
1
1
1
1
1
1
1
1
1
1
1
1
1
1
1
1
1
1
1
1
1
1
1
1
1
1
1
1
1
1
1
1
1
1
1
1
1
1
1
1
1
1
1
1
1
1
1
1
1
1
1
1
1
1
1
1
1
1
1
1
1
1
1
1
1
1
1
1
1
1
1
1
1
1
1
1
1
1
1
1
1
1
1
1
1
1
1
1
1
1
1
1
1
1
1
1
1
1
1
1
1
1
1
1
1
1
1
1
1
1
1
1
1
1
1
1
1
1
1
1
1
1
1
1
1
1
1
1
1
1
1
1
1
1
1
1
1
1
1
1
1
1
1
1
1
1
1
1
0.999998
1.00092
3.35066
8.13206
8.66786
8.67055
8.66142
8.64328
8.60942
8.56686
8.51983
8.46991
8.41877
8.36529
8.31075
8.2537
8.19429
8.132
8.06629
7.9974
7.92555
7.85106
7.77449
7.69618
7.61629
7.5347
7.45117
7.36629
7.28137
7.19328
7.10101
7.01288
6.92891
6.84131
6.74919
6.66104
1
1
1
1
1
1
1
1
1
1
1
1
1
1
1
1
1
1
1
1
1
1
1
1
1
1
1
1
1
1
1
1
1
1
1
1
1
1
1
1
1
1
1
1
1
1
1
1
1
1
1
1
1
1
1
1
1
1
1
1
1
1
1
1
1
1
1
1
1
1
1
1
1
1
1
1
1
1
1
1
1
1
1
1
1
1
1
1
1
1
1
1
1
1
1
1
1
1
1
1
1
1
1
1
1
1
1
1
1
1
1
1
1
1
1
1
1
1
1
1
1
1
1
1
1
1
1
1
1
1
1
1
1
1
1
1
1
1
1
1
1
1
1
1
1
1
1
1
1
1
1
1
1
1
1
1
1
0.999996
1.35986
6.86023
8.79824
8.69292
8.65433
8.62269
8.57963
8.53355
8.48597
8.43613
8.38518
8.33206
8.27818
8.2215
8.16306
8.10168
8.03753
7.9702
7.89994
7.82691
7.75154
7.67422
7.59539
7.51506
7.43304
7.35013
7.26635
7.17897
7.0903
7.00635
6.9231
6.83559
6.74644
6.66101
1
1
1
1
1
1
1
1
1
1
1
1
1
1
1
1
1
1
1
1
1
1
1
1
1
1
1
1
1
1
1
1
1
1
1
1
1
1
1
1
1
1
1
1
1
1
1
1
1
1
1
1
1
1
1
1
1
1
1
1
1
1
1
1
1
1
1
1
1
1
1
1
1
1
1
1
1
1
1
1
1
1
1
1
1
1
1
1
1
1
1
1
1
1
1
1
1
1
1
1
1
1
1
1
1
1
1
1
1
1
1
1
1
1
1
1
1
1
1
1
1
1
1
1
1
1
1
1
1
1
1
1
1
1
1
1
1
1
1
1
1
1
1
1
1
1
1
1
1
1
1
1
1
1
1
1
1
0.999999
1.01046
4.34179
8.32306
8.57628
8.59982
8.57202
8.54021
8.50098
8.45557
8.40686
8.3566
8.30418
8.24999
8.1928
8.13389
8.07246
8.00901
7.94284
7.87402
7.8024
7.72826
7.652
7.57429
7.49527
7.41497
7.33381
7.2511
7.16543
7.0807
6.99913
6.91609
6.83018
6.74437
6.6601
1
1
1
1
1
1
1
1
1
1
1
1
1
1
1
1
1
1
1
1
1
1
1
1
1
1
1
1
1
1
1
1
1
1
1
1
1
1
1
1
1
1
1
1
1
1
1
1
1
1
1
1
1
1
1
1
1
1
1
1
1
1
1
1
1
1
1
1
1
1
1
1
1
1
1
1
1
1
1
1
1
1
1
1
1
1
1
1
1
1
1
1
1
1
1
1
1
1
1
1
1
1
1
1
1
1
1
1
1
1
1
1
1
1
1
1
1
1
1
1
1
1
1
1
1
1
1
1
1
1
1
1
1
1
1
1
1
1
1
1
1
1
1
1
1
1
1
1
1
1
1
1
1
1
1
1
1
1
0.999987
1.68212
7.38961
8.75807
8.63406
8.56807
8.52285
8.47675
8.42733
8.37835
8.32841
8.27634
8.22164
8.16436
8.10558
8.0449
7.98264
7.91796
7.85064
7.78035
7.70733
7.63212
7.55553
7.47766
7.39857
7.31851
7.23715
7.15422
7.07267
6.99226
6.90949
6.82592
6.74258
6.65885
1
1
1
1
1
1
1
1
1
1
1
1
1
1
1
1
1
1
1
1
1
1
1
1
1
1
1
1
1
1
1
1
1
1
1
1
1
1
1
1
1
1
1
1
1
1
1
1
1
1
1
1
1
1
1
1
1
1
1
1
1
1
1
1
1
1
1
1
1
1
1
1
1
1
1
1
1
1
1
1
1
1
1
1
1
1
1
1
1
1
1
1
1
1
1
1
1
1
1
1
1
1
1
1
1
1
1
1
1
1
1
1
1
1
1
1
1
1
1
1
1
1
1
1
1
1
1
1
1
1
1
1
1
1
1
1
1
1
1
1
1
1
1
1
1
1
1
1
1
1
1
1
1
1
1
1
1
1
0.999996
1.03761
5.25008
8.43088
8.49713
8.50764
8.48131
8.43732
8.38978
8.34417
8.29703
8.24653
8.19235
8.13578
8.07738
8.0172
7.95547
7.8917
7.82559
7.75669
7.6852
7.61158
7.53627
7.45966
7.38195
7.30355
7.22418
7.14394
7.06433
6.98426
6.90225
6.82108
6.7394
6.65677
1
1
1
1
1
1
1
1
1
1
1
1
1
1
1
1
1
1
1
1
1
1
1
1
1
1
1
1
1
1
1
1
1
1
1
1
1
1
1
1
1
1
1
1
1
1
1
1
1
1
1
1
1
1
1
1
1
1
1
1
1
1
1
1
1
1
1
1
1
1
1
1
1
1
1
1
1
1
1
1
1
1
1
1
1
1
1
1
1
1
1
1
1
1
1
1
1
1
1
1
1
1
1
1
1
1
1
1
1
1
1
1
1
1
1
1
1
1
1
1
1
1
1
1
1
1
1
1
1
1
1
1
1
1
1
1
1
1
1
1
1
1
1
1
1
1
1
1
1
1
1
1
1
1
1
1
1
1
0.999999
1.00005
2.26885
7.74394
8.58139
8.51949
8.45783
8.40602
8.36259
8.31976
8.27336
8.22259
8.16839
8.11211
8.05389
7.99387
7.93236
7.86901
7.80355
7.7357
7.66558
7.5932
7.51889
7.44339
7.36735
7.2908
7.21335
7.13528
7.05692
6.97716
6.89635
6.81683
6.73605
6.65496
1
1
1
1
1
1
1
1
1
1
1
1
1
1
1
1
1
1
1
1
1
1
1
1
1
1
1
1
1
1
1
1
1
1
1
1
1
1
1
1
1
1
1
1
1
1
1
1
1
1
1
1
1
1
1
1
1
1
1
1
1
1
1
1
1
1
1
1
1
1
1
1
1
1
1
1
1
1
1
1
1
1
1
1
1
1
1
1
1
1
1
1
1
1
1
1
1
1
1
1
1
1
1
1
1
1
1
1
1
1
1
1
1
1
1
1
1
1
1
1
1
1
1
1
1
1
1
1
1
1
1
1
1
1
1
1
1
1
1
1
1
1
1
1
1
1
1
1
1
1
1
1
1
1
1
1
1
1
1
1
1.11758
5.90899
8.47653
8.44068
8.39909
8.36229
8.32849
8.2881
8.24195
8.19097
8.13802
8.08309
8.02634
7.96719
7.90637
7.84354
7.7788
7.71225
7.64406
7.57382
7.50179
7.42834
7.35401
7.27871
7.20257
7.12601
7.04855
6.96952
6.89022
6.81174
6.73156
6.6525
1
1
1
1
1
1
1
1
1
1
1
1
1
1
1
1
1
1
1
1
1
1
1
1
1
1
1
1
1
1
1
1
1
1
1
1
1
1
1
1
1
1
1
1
1
1
1
1
1
1
1
1
1
1
1
1
1
1
1
1
1
1
1
1
1
1
1
1
1
1
1
1
1
1
1
1
1
1
1
1
1
1
1
1
1
1
1
1
1
1
1
1
1
1
1
1
1
1
1
1
1
1
1
1
1
1
1
1
1
1
1
1
1
1
1
1
1
1
1
1
1
1
1
1
1
1
1
1
1
1
1
1
1
1
1
1
1
1
1
1
1
1
1
1
1
1
1
1
1
1
1
1
1
1
1
1
1
1
1
1
1.00093
2.90758
7.7655
8.38968
8.37095
8.34273
8.3149
8.27463
8.22724
8.17476
8.12067
8.06464
8.00698
7.94697
7.88535
7.82213
7.75769
7.69192
7.62495
7.55688
7.48745
7.41606
7.34291
7.26827
7.19285
7.11729
7.0407
6.96286
6.88513
6.80735
6.7277
6.65044
1
1
1
1
1
1
1
1
1
1
1
1
1
1
1
1
1
1
1
1
1
1
1
1
1
1
1
1
1
1
1
1
1
1
1
1
1
1
1
1
1
1
1
1
1
1
1
1
1
1
1
1
1
1
1
1
1
1
1
1
1
1
1
1
1
1
1
1
1
1
1
1
1
1
1
1
1
1
1
1
1
1
1
1
1
1
1
1
1
1
1
1
1
1
1
1
1
1
1
1
1
1
1
1
1
1
1
1
1
1
1
1
1
1
1
1
1
1
1
1
1
1
1
1
1
1
1
1
1
1
1
1
1
1
1
1
1
1
1
1
1
1
1
1
1
1
1
1
1
1
1
1
1
1
1
1
1
1
1
1
0.999999
1.24772
6.2136
8.45781
8.38322
8.3332
8.29646
8.25104
8.20119
8.14817
8.0947
8.03937
7.98235
7.92307
7.86205
7.79942
7.73587
7.67131
7.60602
7.5401
7.4726
7.40288
7.33106
7.25764
7.1833
7.10867
7.03293
6.95629
6.87967
6.80225
6.72326
6.64718
1
1
1
1
1
1
1
1
1
1
1
1
1
1
1
1
1
1
1
1
1
1
1
1
1
1
1
1
1
1
1
1
1
1
1
1
1
1
1
1
1
1
1
1
1
1
1
1
1
1
1
1
1
1
1
1
1
1
1
1
1
1
1
1
1
1
1
1
1
1
1
1
1
1
1
1
1
1
1
1
1
1
1
1
1
1
1
1
1
1
1
1
1
1
1
1
1
1
1
1
1
1
1
1
1
1
1
1
1
1
1
1
1
1
1
1
1
1
1
1
1
1
1
1
1
1
1
1
1
1
1
1
1
1
1
1
1
1
1
1
1
1
1
1
1
1
1
1
1
1
1
1
1
1
1
1
1
1
1
1
1
1.00472
3.3354
7.82727
8.27474
8.28446
8.25854
8.21953
8.17362
8.12381
8.07238
8.01823
7.96172
7.9029
7.84242
7.7806
7.71785
7.65458
7.59091
7.52636
7.46005
7.39163
7.32109
7.24885
7.1754
7.10127
7.02607
6.95024
6.8742
6.79707
6.71902
6.64369
1
1
1
1
1
1
1
1
1
1
1
1
1
1
1
1
1
1
1
1
1
1
1
1
1
1
1
1
1
1
1
1
1
1
1
1
1
1
1
1
1
1
1
1
1
1
1
1
1
1
1
1
1
1
1
1
1
1
1
1
1
1
1
1
1
1
1
1
1
1
1
1
1
1
1
1
1
1
1
1
1
1
1
1
1
1
1
1
1
1
1
1
1
1
1
1
1
1
1
1
1
3.48438
4.40271
4.71823
4.75317
4.75968
4.74523
4.7334
4.71618
4.6891
4.65096
4.59398
4.90565
4.82764
4.74703
4.77278
4.77044
4.7631
4.74282
4.7247
4.69735
4.65746
4.59735
4.94249
4.77166
4.75007
4.77189
4.77692
4.76858
4.75078
4.73278
4.7038
4.66125
4.5988
5.14656
4.92757
4.7715
4.76145
4.77113
4.76621
4.7528
4.73514
4.70555
4.66097
4.59606
5.35892
4.98753
4.78689
4.76967
4.7644
4.75997
4.75086
4.73048
4.70038
4.65661
4.59261
5.53
5.11203
4.88565
4.8231
4.78122
4.76577
4.75101
4.72739
4.69421
4.64853
4.5838
5.66946
5.25213
4.93936
4.80663
4.78827
4.78403
4.76471
4.73669
4.69641
4.64679
4.57916
5.78753
5.40222
5.04065
4.86782
4.8063
4.78395
4.77192
4.74522
4.70464
4.64875
4.57523
5.90565
5.53911
5.14915
4.92369
4.80941
4.76672
4.76063
4.74315
4.71077
4.65209
4.57523
6.02236
5.64768
5.24869
4.99304
4.86227
4.80656
4.76462
4.73039
4.69523
4.6445
4.56562
6.11794
5.73359
5.33122
5.07936
4.91729
4.82052
4.76731
4.72823
4.68557
4.62915
4.55094
6.19555
5.80185
5.39832
5.16013
4.9844
4.8652
4.79493
4.75099
4.68853
4.61725
4.53342
6.25492
5.85378
5.46892
5.24989
5.06295
4.91896
4.81384
4.73523
4.66891
4.60568
4.52222
6.29661
5.90354
5.53697
5.32106
5.13685
4.97754
4.85379
4.76031
4.67917
4.6036
4.5165
6.32789
5.95062
5.60496
5.38528
5.20151
5.03663
4.89647
4.78777
4.68087
4.57897
4.47376
6.35418
5.99344
5.66873
5.44096
5.25472
5.10037
4.95423
4.82102
4.70452
4.5951
4.48852
6.37725
6.0301
5.72289
5.49565
5.30427
5.14411
5.00756
4.87264
4.73355
4.60724
4.47525
6.39803
6.0656
5.76704
5.54931
5.357
5.19506
5.04969
4.91997
4.78266
4.63373
4.49086
6.4171
6.09833
5.80974
5.59893
5.411
5.24296
5.09791
4.96012
4.82446
4.68131
4.52363
6.43375
6.1283
5.85353
5.6413
5.4591
5.29169
5.14161
5.00193
4.85987
4.71311
4.5638
6.44774
6.15364
5.89538
5.6848
5.49694
5.33705
5.18632
5.04671
4.9024
4.74728
4.59288
6.45941
6.17597
5.93081
5.7253
5.5382
5.37289
5.22835
5.08784
4.95043
4.79532
4.6356
6.47103
6.19727
5.96
5.76127
5.57452
5.4118
5.26257
5.12655
4.98937
4.84071
4.68598
6.48101
6.21718
5.98596
5.79245
5.60891
5.44452
5.2964
5.16008
5.02576
4.87629
4.72639
6.4871
6.23406
6.01125
5.81791
5.64082
5.47735
5.32701
5.19002
5.05564
4.90921
4.76111
6.49301
6.25036
6.03443
5.84338
5.66848
5.50837
5.35893
5.21877
5.08185
4.93472
4.79236
6.50302
6.26644
6.05402
5.86795
5.69443
5.53808
5.39003
5.24889
5.11054
4.96332
4.82049
6.51101
6.27951
6.07357
5.88931
5.71958
5.56263
5.41919
5.27931
5.14115
4.99415
4.85272
6.51287
6.29175
6.09272
5.9108
5.74132
5.58682
5.44259
5.30835
5.1721
5.02609
4.88429
6.51384
6.30377
6.10967
5.92936
5.76223
5.60733
5.46579
5.33347
5.20112
5.05785
4.91629
6.51772
6.31402
6.12408
5.94661
5.78148
5.62829
5.4863
5.35525
5.22753
5.08796
4.94796
6.5218
6.32165
6.13631
5.96256
5.79979
5.6476
5.50671
5.37516
5.24773
5.11403
4.97748
6.52496
6.32864
6.14792
5.97747
5.817
5.66645
5.52647
5.39522
5.2673
5.13386
5.00185
6.527
6.33534
6.15818
5.99031
5.83258
5.68487
5.54632
5.41511
5.28697
5.15241
5.01997
6.52868
6.34216
6.16805
6.0028
5.84794
5.70293
5.56547
5.43453
5.30662
5.17233
5.03917
6.52944
6.34859
6.17756
6.01487
5.86241
5.71953
5.58304
5.45298
5.32595
5.19268
5.05992
6.53044
6.35498
6.18692
6.02666
5.87628
5.73516
5.59951
5.47007
5.34365
5.21207
5.08079
6.53171
6.36027
6.19519
6.03759
5.88883
5.7489
5.61394
5.48522
5.35968
5.23023
5.10118
6.53366
6.36477
6.20269
6.04769
5.9001
5.76112
5.62702
5.49915
5.37455
5.24678
5.11994
6.53483
6.36822
6.20925
6.05655
5.90986
5.77175
5.63843
5.51136
5.38786
5.26193
5.13725
6.53579
6.372
6.21569
6.06448
5.91843
5.78123
5.64888
5.52291
5.40095
5.27669
5.15376
6.53623
6.37549
6.2208
6.07066
5.92572
5.78986
5.65896
5.53432
5.41403
5.29122
5.16971
6.53682
6.37859
6.22494
6.07603
5.9326
5.79816
5.66892
5.54587
5.42749
5.30623
5.18609
6.53721
6.38061
6.22772
6.0804
5.93886
5.80606
5.67893
5.55782
5.4413
5.32128
5.20219
6.53759
6.38176
6.22977
6.08454
5.94522
5.81425
5.6893
5.56999
5.45494
5.33598
5.21782
6.53721
6.38218
6.23164
6.0887
5.95161
5.82246
5.69958
5.58188
5.46795
5.3499
5.2326
6.5365
6.38219
6.2334
6.0929
5.95825
5.83107
5.71002
5.59355
5.48026
5.3629
5.24635
6.53414
6.38159
6.23559
6.09781
5.96554
5.83999
5.72015
5.60444
5.4916
5.37507
5.25935
6.53124
6.38104
6.23828
6.10314
5.97298
5.84879
5.72985
5.61477
5.50237
5.3868
5.27185
)
;

boundaryField
{
    inlet
    {
        type            fixedValue;
        value           uniform 1;
    }
    outlet
    {
        type            zeroGradient;
    }
    bottom
    {
        type            zeroGradient;
    }
    top
    {
        type            zeroGradient;
    }
    obstacle
    {
        type            zeroGradient;
    }
    defaultFaces
    {
        type            empty;
    }
    procBoundary0to1
    {
        type            processor;
        value           nonuniform List<scalar> 
49
(
4.51583
4.51505
4.51411
4.50808
4.50404
4.49373
4.48573
4.47548
4.47057
4.45873
4.44483
4.42249
4.41142
4.39834
4.37065
4.36996
4.33532
4.35105
4.35998
4.38964
4.42508
4.45585
4.50365
4.54961
4.59053
4.62337
4.66016
4.69389
4.72798
4.76322
4.7971
4.8276
4.85427
4.87567
4.89561
4.91731
4.94097
4.96513
4.98762
5.00779
5.02608
5.04342
5.06076
5.07814
5.09552
5.11192
5.12751
5.14242
5.15684
)
;
    }
    procBoundary0to4
    {
        type            processor;
        value           nonuniform List<scalar> 
204
(
1
1
1
1
1
1
1
1
1
1
1
1
1
1
1
1
1
1
1
1
1
1
1
1
1
1
1
1
1
1
1
1
1
1
1
1
1
1
1
1
1
1
1
1
1
1
1
1
1
1
1
1
1
1
1
1
1
1
1
1
1
1.35627
6.40214
8.39833
8.31178
8.24869
8.20034
8.15174
8.10209
8.05079
7.99711
7.9408
7.88248
7.82306
7.76279
7.70168
7.6397
7.57667
7.51234
7.4465
7.37903
7.30981
7.23899
7.16673
7.09336
7.01887
6.94374
6.86805
6.79134
6.71435
6.63927
1
1
1
1
1
1
1
1
1
1
1
1
1
1
1
1
1
1
1
1
1
1
1
1
1
1
1
1
1
1
1
1
1
1
1
1
1
1
1
1
1
1
1
1
1
1
1
1
1
1
1
1
1
1
1
1
1
1
1
1
1
1
1
1
1
1
1
1
1
1
1
1
1
1
1
1
1
1
1
1
1
1
1
1
1
1
1
1
1
1
1
1
1
1
1
1
1
1
1
1
1
1
6.52736
6.38047
6.24158
6.1092
5.98091
5.85775
5.73934
5.62464
5.51268
5.39835
5.28432
)
;
    }
}


// ************************************************************************* //
