/*--------------------------------*- C++ -*----------------------------------*\
  =========                 |
  \\      /  F ield         | OpenFOAM: The Open Source CFD Toolbox
   \\    /   O peration     | Website:  https://openfoam.org
    \\  /    A nd           | Version:  7
     \\/     M anipulation  |
\*---------------------------------------------------------------------------*/
FoamFile
{
    version     2.0;
    format      ascii;
    class       volVectorField;
    location    "2.6";
    object      U;
}
// * * * * * * * * * * * * * * * * * * * * * * * * * * * * * * * * * * * * * //

dimensions      [0 1 -1 0 0 0 0];

internalField   nonuniform List<vector> 
4128
(
(2.16734 0.667143 0)
(2.18384 0.650834 0)
(2.19441 0.645803 0)
(2.20039 0.648751 0)
(2.20922 0.640052 0)
(2.22453 0.619961 0)
(2.23409 0.60258 0)
(2.23692 0.597625 0)
(2.23615 0.596066 0)
(2.23229 0.582623 0)
(2.24139 0.556382 0)
(2.25643 0.536616 0)
(2.26768 0.530861 0)
(2.27632 0.533494 0)
(2.28577 0.529877 0)
(2.29994 0.516781 0)
(2.31043 0.501787 0)
(2.31742 0.498064 0)
(2.32334 0.493911 0)
(2.33338 0.479917 0)
(2.34077 0.466394 0)
(2.344 0.45719 0)
(2.34298 0.43945 0)
(2.34483 0.420305 0)
(2.35246 0.412716 0)
(2.36071 0.410389 0)
(2.37252 0.405386 0)
(2.38497 0.398029 0)
(2.39572 0.391155 0)
(2.4063 0.384384 0)
(2.41608 0.376761 0)
(2.4228 0.366017 0)
(2.41752 0.346708 0)
(2.40294 0.323031 0)
(2.40832 0.316505 0)
(2.41821 0.312788 0)
(2.43003 0.306754 0)
(2.44386 0.302431 0)
(2.4568 0.298436 0)
(2.46923 0.293866 0)
(2.48064 0.288421 0)
(2.49008 0.282697 0)
(2.49623 0.275051 0)
(2.49372 0.258935 0)
(2.47718 0.231828 0)
(2.46933 0.213114 0)
(2.47692 0.211667 0)
(2.48688 0.208805 0)
(2.50114 0.206623 0)
(2.5183 0.203534 0)
(2.52736 0.200066 0)
(2.54089 0.197971 0)
(2.55239 0.19446 0)
(2.56126 0.189262 0)
(2.5651 0.180659 0)
(2.5575 0.163339 0)
(2.53709 0.137792 0)
(2.53176 0.122779 0)
(2.53855 0.121297 0)
(2.5475 0.118686 0)
(2.56106 0.117351 0)
(2.57563 0.115689 0)
(2.58602 0.111525 0)
(2.59299 0.107432 0)
(2.60059 0.103279 0)
(2.60715 0.0978844 0)
(2.6081 0.0886414 0)
(2.59633 0.0700947 0)
(2.58187 0.0509073 0)
(2.58552 0.0473257 0)
(2.59233 0.0466523 0)
(2.60293 0.0444057 0)
(2.61435 0.0418824 0)
(2.62545 0.0385942 0)
(2.63212 0.0341643 0)
(2.63618 0.0310551 0)
(2.64142 0.0280214 0)
(2.64469 0.0223427 0)
(2.64037 0.00603358 0)
(2.62439 -0.0273068 0)
(2.59255 -0.0698093 0)
(2.4624 -0.242224 0)
(2.24482 -0.545646 0)
(2.19402 -0.599941 0)
(2.18409 -0.588943 0)
(2.18769 -0.587828 0)
(2.19346 -0.600829 0)
(2.1866 -0.631672 0)
(2.17454 -0.65194 0)
(2.18146 -0.65618 0)
(2.1953 -0.652543 0)
(2.21513 -0.639857 0)
(2.23395 -0.636148 0)
(2.24249 -0.640912 0)
(2.24227 -0.650195 0)
(2.22993 -0.668084 0)
(2.19829 -0.704526 0)
(2.13718 -0.761991 0)
(2.09229 -0.788163 0)
(2.06241 -0.818853 0)
(2.06784 -0.836733 0)
(2.07726 -0.839914 0)
(2.09173 -0.837093 0)
(2.10701 -0.831337 0)
(2.12007 -0.83192 0)
(2.13059 -0.835893 0)
(2.13676 -0.839268 0)
(2.1373 -0.843168 0)
(2.14056 -0.847304 0)
(2.14907 -0.850689 0)
(2.15806 -0.852772 0)
(2.17376 -0.852492 0)
(2.19247 -0.848879 0)
(2.20093 -0.848953 0)
(2.20897 -0.852327 0)
(2.21215 -0.855675 0)
(2.21123 -0.858632 0)
(2.21622 -0.860606 0)
(2.22349 -0.862034 0)
(2.23163 -0.861944 0)
(2.24239 -0.861209 0)
(2.25125 -0.860506 0)
(2.25942 -0.862286 0)
(2.26698 -0.864357 0)
(2.27132 -0.86674 0)
(2.2735 -0.869054 0)
(2.28054 -0.869149 0)
(2.28866 -0.867766 0)
(2.29647 -0.866581 0)
(2.17083 0.680319 0)
(2.18716 0.662707 0)
(2.19772 0.659852 0)
(2.20553 0.658536 0)
(2.21819 0.645694 0)
(2.22999 0.626252 0)
(2.2341 0.61538 0)
(2.23258 0.613299 0)
(2.22911 0.604852 0)
(2.22762 0.582418 0)
(2.24489 0.56451 0)
(2.25914 0.549839 0)
(2.27004 0.54794 0)
(2.2784 0.549 0)
(2.29125 0.542479 0)
(2.30534 0.527016 0)
(2.31424 0.514912 0)
(2.31921 0.514421 0)
(2.32417 0.510378 0)
(2.33323 0.494306 0)
(2.33798 0.478991 0)
(2.3372 0.467234 0)
(2.33769 0.448453 0)
(2.34655 0.434434 0)
(2.35583 0.428127 0)
(2.36483 0.425153 0)
(2.37616 0.419213 0)
(2.38816 0.410723 0)
(2.39829 0.403641 0)
(2.40811 0.396706 0)
(2.41631 0.388025 0)
(2.41875 0.37512 0)
(2.40688 0.353494 0)
(2.40048 0.336011 0)
(2.41054 0.333449 0)
(2.42151 0.329727 0)
(2.43301 0.323423 0)
(2.44569 0.318049 0)
(2.45927 0.313331 0)
(2.47163 0.307547 0)
(2.48207 0.301408 0)
(2.48969 0.295248 0)
(2.49063 0.28453 0)
(2.47797 0.260732 0)
(2.46314 0.236445 0)
(2.46898 0.231839 0)
(2.47845 0.229947 0)
(2.49072 0.226524 0)
(2.50784 0.223976 0)
(2.52066 0.219689 0)
(2.53099 0.216578 0)
(2.54346 0.213681 0)
(2.55398 0.20925 0)
(2.56053 0.201796 0)
(2.55746 0.187344 0)
(2.53908 0.162551 0)
(2.52695 0.142812 0)
(2.53294 0.140012 0)
(2.54086 0.138247 0)
(2.55323 0.136589 0)
(2.56781 0.135575 0)
(2.58031 0.132758 0)
(2.58867 0.128476 0)
(2.59577 0.124756 0)
(2.60259 0.119752 0)
(2.60589 0.111148 0)
(2.59849 0.0940653 0)
(2.58056 0.0716695 0)
(2.57954 0.0629003 0)
(2.58578 0.062862 0)
(2.59427 0.0616039 0)
(2.60583 0.0596746 0)
(2.61731 0.0574609 0)
(2.6271 0.0533858 0)
(2.63161 0.0497706 0)
(2.63728 0.0466596 0)
(2.64125 0.0419427 0)
(2.63868 0.0291101 0)
(2.61714 -0.0164793 0)
(2.57131 -0.0845402 0)
(2.42169 -0.285278 0)
(2.28866 -0.436809 0)
(2.19451 -0.591971 0)
(2.14832 -0.62558 0)
(2.15623 -0.611751 0)
(2.17163 -0.592234 0)
(2.1892 -0.59684 0)
(2.19813 -0.612111 0)
(2.19171 -0.625216 0)
(2.19285 -0.628382 0)
(2.20195 -0.628932 0)
(2.21761 -0.623514 0)
(2.23694 -0.622697 0)
(2.24681 -0.629783 0)
(2.24173 -0.643478 0)
(2.21176 -0.676773 0)
(2.15929 -0.730212 0)
(2.10019 -0.774259 0)
(2.06058 -0.806443 0)
(2.06837 -0.817187 0)
(2.08019 -0.82153 0)
(2.09325 -0.822364 0)
(2.10845 -0.820612 0)
(2.12136 -0.81981 0)
(2.13122 -0.822839 0)
(2.13974 -0.826214 0)
(2.14205 -0.830486 0)
(2.14124 -0.837385 0)
(2.14867 -0.841407 0)
(2.15763 -0.8429 0)
(2.16878 -0.841435 0)
(2.187 -0.837488 0)
(2.20026 -0.834111 0)
(2.20773 -0.836172 0)
(2.21404 -0.839835 0)
(2.21469 -0.843857 0)
(2.21575 -0.846952 0)
(2.22296 -0.848174 0)
(2.23088 -0.848499 0)
(2.23995 -0.847004 0)
(2.25048 -0.845541 0)
(2.25861 -0.847257 0)
(2.26665 -0.850471 0)
(2.27329 -0.853628 0)
(2.27715 -0.855622 0)
(2.2809 -0.855134 0)
(2.28856 -0.854386 0)
(2.29614 -0.853845 0)
(2.30396 -0.85411 0)
(2.17526 0.690346 0)
(2.19123 0.673509 0)
(2.2009 0.671992 0)
(2.2106 0.666864 0)
(2.2235 0.651988 0)
(2.23125 0.635872 0)
(2.23048 0.63055 0)
(2.22584 0.62576 0)
(2.22125 0.607324 0)
(2.22996 0.589494 0)
(2.24868 0.576412 0)
(2.26241 0.563738 0)
(2.27221 0.564064 0)
(2.28191 0.562589 0)
(2.29673 0.553962 0)
(2.30931 0.538724 0)
(2.31671 0.531664 0)
(2.32013 0.532481 0)
(2.32529 0.525048 0)
(2.3329 0.503814 0)
(2.33476 0.485178 0)
(2.33195 0.471414 0)
(2.33814 0.456997 0)
(2.34937 0.449168 0)
(2.35852 0.444493 0)
(2.36813 0.440509 0)
(2.37956 0.433138 0)
(2.39126 0.423315 0)
(2.40109 0.415533 0)
(2.41018 0.40777 0)
(2.41609 0.39783 0)
(2.41326 0.383793 0)
(2.39997 0.364597 0)
(2.4015 0.353416 0)
(2.41222 0.350281 0)
(2.42415 0.346351 0)
(2.43642 0.339191 0)
(2.44844 0.332567 0)
(2.46216 0.326651 0)
(2.47384 0.319884 0)
(2.4828 0.313441 0)
(2.48683 0.306112 0)
(2.47905 0.289655 0)
(2.46074 0.263305 0)
(2.46039 0.251749 0)
(2.46992 0.250717 0)
(2.48215 0.247284 0)
(2.4964 0.244167 0)
(2.51297 0.240367 0)
(2.52238 0.235653 0)
(2.53404 0.2323 0)
(2.54533 0.228265 0)
(2.55422 0.221921 0)
(2.55562 0.210154 0)
(2.54192 0.187815 0)
(2.5244 0.164722 0)
(2.52732 0.158391 0)
(2.53482 0.157195 0)
(2.54586 0.155403 0)
(2.56024 0.154458 0)
(2.57238 0.152798 0)
(2.58359 0.149251 0)
(2.59108 0.145229 0)
(2.59796 0.141316 0)
(2.60298 0.13443 0)
(2.60032 0.119821 0)
(2.58357 0.0959443 0)
(2.57512 0.0805157 0)
(2.58061 0.0791847 0)
(2.58809 0.0781141 0)
(2.597 0.0758232 0)
(2.60817 0.0744178 0)
(2.61919 0.072192 0)
(2.62704 0.0681712 0)
(2.633 0.065641 0)
(2.63787 0.0612087 0)
(2.63661 0.0514069 0)
(2.6112 -0.000304848 0)
(2.53838 -0.100058 0)
(2.38259 -0.325604 0)
(2.26479 -0.45992 0)
(2.18073 -0.56317 0)
(2.16228 -0.616286 0)
(2.16061 -0.617121 0)
(2.16582 -0.606365 0)
(2.1765 -0.58931 0)
(2.19121 -0.591371 0)
(2.20179 -0.599979 0)
(2.20528 -0.60694 0)
(2.20734 -0.608349 0)
(2.21536 -0.608733 0)
(2.22543 -0.610498 0)
(2.23544 -0.616696 0)
(2.24288 -0.627208 0)
(2.22486 -0.651507 0)
(2.17947 -0.699834 0)
(2.11925 -0.746262 0)
(2.06491 -0.788331 0)
(2.06027 -0.813823 0)
(2.07049 -0.816634 0)
(2.08843 -0.813207 0)
(2.10822 -0.802365 0)
(2.12348 -0.799231 0)
(2.13369 -0.804053 0)
(2.1418 -0.810668 0)
(2.14504 -0.818584 0)
(2.14351 -0.825591 0)
(2.14704 -0.828101 0)
(2.15632 -0.829176 0)
(2.16619 -0.828239 0)
(2.18164 -0.825099 0)
(2.19821 -0.819494 0)
(2.20597 -0.819427 0)
(2.21381 -0.822873 0)
(2.21733 -0.826834 0)
(2.217 -0.831359 0)
(2.22194 -0.833923 0)
(2.22982 -0.834675 0)
(2.23845 -0.833632 0)
(2.24898 -0.832022 0)
(2.25783 -0.831443 0)
(2.26619 -0.833831 0)
(2.2736 -0.836073 0)
(2.27855 -0.838358 0)
(2.28145 -0.84148 0)
(2.28812 -0.843925 0)
(2.29571 -0.844389 0)
(2.30396 -0.842493 0)
(2.31214 -0.840302 0)
(2.18142 0.694805 0)
(2.19527 0.683803 0)
(2.20262 0.682893 0)
(2.21318 0.675196 0)
(2.22459 0.659463 0)
(2.22938 0.647339 0)
(2.22589 0.642975 0)
(2.2197 0.630091 0)
(2.2199 0.608472 0)
(2.23623 0.601049 0)
(2.25352 0.585873 0)
(2.26536 0.57938 0)
(2.27317 0.580855 0)
(2.28489 0.577604 0)
(2.30039 0.566517 0)
(2.31226 0.551918 0)
(2.31893 0.54836 0)
(2.32204 0.547494 0)
(2.32675 0.533762 0)
(2.32972 0.508927 0)
(2.32902 0.4915 0)
(2.32864 0.480732 0)
(2.3396 0.472931 0)
(2.35077 0.466889 0)
(2.36074 0.4612 0)
(2.37113 0.454601 0)
(2.38277 0.445157 0)
(2.39407 0.434766 0)
(2.40371 0.427197 0)
(2.41208 0.418655 0)
(2.4146 0.407921 0)
(2.40663 0.394594 0)
(2.39695 0.379369 0)
(2.40364 0.370201 0)
(2.4148 0.365704 0)
(2.4275 0.36082 0)
(2.44083 0.352936 0)
(2.4521 0.346151 0)
(2.46481 0.339719 0)
(2.47537 0.332333 0)
(2.48196 0.324977 0)
(2.4798 0.314428 0)
(2.46285 0.292495 0)
(2.45365 0.272638 0)
(2.46259 0.270428 0)
(2.47307 0.267311 0)
(2.48672 0.264105 0)
(2.5019 0.261008 0)
(2.51532 0.2558 0)
(2.52504 0.251135 0)
(2.53603 0.246888 0)
(2.54615 0.241111 0)
(2.55141 0.231333 0)
(2.54379 0.212315 0)
(2.52429 0.188177 0)
(2.52214 0.177588 0)
(2.52936 0.176609 0)
(2.53902 0.174147 0)
(2.55341 0.173217 0)
(2.56385 0.171508 0)
(2.57607 0.169396 0)
(2.5861 0.164832 0)
(2.59305 0.161119 0)
(2.59913 0.156042 0)
(2.60011 0.144896 0)
(2.58831 0.121976 0)
(2.57407 0.101255 0)
(2.57772 0.0975104 0)
(2.58277 0.0960964 0)
(2.59253 0.0931021 0)
(2.59901 0.0909206 0)
(2.61015 0.0889673 0)
(2.62058 0.0857466 0)
(2.62831 0.0839473 0)
(2.63339 0.0803888 0)
(2.63178 0.0697573 0)
(2.60768 0.0152201 0)
(2.53252 -0.0874866 0)
(2.34114 -0.316264 0)
(2.1761 -0.58222 0)
(2.16005 -0.562033 0)
(2.17979 -0.551342 0)
(2.1851 -0.558576 0)
(2.18564 -0.573664 0)
(2.18437 -0.577513 0)
(2.18607 -0.581533 0)
(2.19136 -0.587845 0)
(2.19967 -0.59315 0)
(2.20809 -0.596272 0)
(2.21705 -0.598626 0)
(2.22603 -0.599574 0)
(2.2331 -0.598871 0)
(2.23951 -0.604137 0)
(2.23041 -0.622391 0)
(2.19123 -0.668938 0)
(2.14209 -0.719228 0)
(2.08155 -0.756486 0)
(2.06097 -0.797632 0)
(2.066 -0.807399 0)
(2.07767 -0.806299 0)
(2.09997 -0.797284 0)
(2.12216 -0.787628 0)
(2.13428 -0.78775 0)
(2.14403 -0.792692 0)
(2.14879 -0.798413 0)
(2.1467 -0.806835 0)
(2.1455 -0.816749 0)
(2.15332 -0.820598 0)
(2.16228 -0.820665 0)
(2.17602 -0.816823 0)
(2.19469 -0.809059 0)
(2.20483 -0.806002 0)
(2.21329 -0.808831 0)
(2.21873 -0.812441 0)
(2.21938 -0.817103 0)
(2.22154 -0.820185 0)
(2.22926 -0.820902 0)
(2.23768 -0.820885 0)
(2.24772 -0.819169 0)
(2.25733 -0.817299 0)
(2.26579 -0.819017 0)
(2.27357 -0.821037 0)
(2.27917 -0.82342 0)
(2.28229 -0.826517 0)
(2.28694 -0.82824 0)
(2.29426 -0.828872 0)
(2.30228 -0.828587 0)
(2.31134 -0.827484 0)
(2.31955 -0.827168 0)
(2.18678 0.697279 0)
(2.19574 0.696435 0)
(2.20061 0.695675 0)
(2.2119 0.685523 0)
(2.22205 0.668658 0)
(2.22471 0.658743 0)
(2.22008 0.651156 0)
(2.21448 0.631786 0)
(2.22453 0.62047 0)
(2.24262 0.611723 0)
(2.25725 0.598382 0)
(2.26625 0.598122 0)
(2.27325 0.597734 0)
(2.28749 0.591953 0)
(2.30329 0.577131 0)
(2.31446 0.564786 0)
(2.3199 0.56394 0)
(2.32246 0.559001 0)
(2.32552 0.536459 0)
(2.32545 0.510686 0)
(2.32484 0.50052 0)
(2.32982 0.494394 0)
(2.34241 0.488924 0)
(2.35382 0.48162 0)
(2.36372 0.47493 0)
(2.37396 0.466446 0)
(2.3851 0.456423 0)
(2.39649 0.446047 0)
(2.40624 0.438515 0)
(2.41335 0.429804 0)
(2.41174 0.418847 0)
(2.40006 0.406291 0)
(2.3961 0.393239 0)
(2.40687 0.385966 0)
(2.41798 0.380648 0)
(2.43148 0.374902 0)
(2.44509 0.36675 0)
(2.45587 0.359545 0)
(2.46709 0.352524 0)
(2.47598 0.344933 0)
(2.47892 0.336131 0)
(2.46862 0.320631 0)
(2.45099 0.297708 0)
(2.45607 0.289844 0)
(2.46603 0.288035 0)
(2.47731 0.283839 0)
(2.49113 0.280136 0)
(2.50552 0.276278 0)
(2.51713 0.270654 0)
(2.52696 0.265577 0)
(2.53704 0.260011 0)
(2.54495 0.25171 0)
(2.54316 0.23602 0)
(2.52608 0.21224 0)
(2.51751 0.197259 0)
(2.52476 0.196566 0)
(2.53298 0.19412 0)
(2.54628 0.191451 0)
(2.55657 0.190257 0)
(2.56744 0.188325 0)
(2.57944 0.184763 0)
(2.58777 0.179727 0)
(2.59434 0.175334 0)
(2.59754 0.167155 0)
(2.59064 0.147946 0)
(2.57477 0.123464 0)
(2.57586 0.115599 0)
(2.58166 0.115404 0)
(2.58761 0.113553 0)
(2.59641 0.108642 0)
(2.60191 0.106606 0)
(2.61237 0.103168 0)
(2.62254 0.100835 0)
(2.62802 0.0991673 0)
(2.6248 0.0823404 0)
(2.59671 0.0247632 0)
(2.50944 -0.11948 0)
(2.32781 -0.323755 0)
(2.17317 -0.51483 0)
(2.14785 -0.56804 0)
(2.15968 -0.555662 0)
(2.17445 -0.547196 0)
(2.18749 -0.540175 0)
(2.19619 -0.544735 0)
(2.19718 -0.562302 0)
(2.19008 -0.579324 0)
(2.18877 -0.590082 0)
(2.19919 -0.593544 0)
(2.21155 -0.592981 0)
(2.22343 -0.587499 0)
(2.23426 -0.585264 0)
(2.24265 -0.590133 0)
(2.23736 -0.603441 0)
(2.20425 -0.640035 0)
(2.15348 -0.696831 0)
(2.09805 -0.736704 0)
(2.06777 -0.772865 0)
(2.06729 -0.789754 0)
(2.07514 -0.792254 0)
(2.09172 -0.788881 0)
(2.11484 -0.779373 0)
(2.13204 -0.773962 0)
(2.14288 -0.777093 0)
(2.15069 -0.781744 0)
(2.15049 -0.790448 0)
(2.14637 -0.801417 0)
(2.15167 -0.806225 0)
(2.15968 -0.807191 0)
(2.17046 -0.805156 0)
(2.18861 -0.800003 0)
(2.20341 -0.795131 0)
(2.21155 -0.796369 0)
(2.21921 -0.799033 0)
(2.22169 -0.803025 0)
(2.22225 -0.807912 0)
(2.22926 -0.810102 0)
(2.23782 -0.810583 0)
(2.24753 -0.8088 0)
(2.25784 -0.806184 0)
(2.26632 -0.806547 0)
(2.27429 -0.807405 0)
(2.28011 -0.808033 0)
(2.28288 -0.809786 0)
(2.28571 -0.812841 0)
(2.29282 -0.814936 0)
(2.30021 -0.815815 0)
(2.30879 -0.815522 0)
(2.31827 -0.814001 0)
(2.32664 -0.812992 0)
(2.18769 0.707389 0)
(2.19124 0.711816 0)
(2.19785 0.708227 0)
(2.21022 0.693452 0)
(2.21862 0.675355 0)
(2.21909 0.667087 0)
(2.21401 0.655833 0)
(2.21566 0.637623 0)
(2.23198 0.632669 0)
(2.24932 0.619182 0)
(2.26085 0.613218 0)
(2.26608 0.616579 0)
(2.27347 0.613967 0)
(2.28969 0.604208 0)
(2.30477 0.586719 0)
(2.31443 0.578287 0)
(2.31896 0.576591 0)
(2.32231 0.56128 0)
(2.32279 0.53283 0)
(2.32165 0.517975 0)
(2.32179 0.516657 0)
(2.33134 0.512948 0)
(2.34506 0.505074 0)
(2.3557 0.496723 0)
(2.36422 0.489643 0)
(2.37595 0.478155 0)
(2.38728 0.467116 0)
(2.39859 0.457215 0)
(2.40749 0.45074 0)
(2.41202 0.442832 0)
(2.4061 0.431509 0)
(2.39378 0.417288 0)
(2.39745 0.405083 0)
(2.41145 0.399808 0)
(2.42236 0.393655 0)
(2.43597 0.386997 0)
(2.44873 0.379447 0)
(2.45816 0.372823 0)
(2.46755 0.366117 0)
(2.47488 0.358553 0)
(2.47443 0.345993 0)
(2.45903 0.325711 0)
(2.44992 0.308754 0)
(2.46045 0.305682 0)
(2.4709 0.303931 0)
(2.48177 0.299385 0)
(2.49449 0.294976 0)
(2.50777 0.290584 0)
(2.51876 0.284699 0)
(2.52824 0.278754 0)
(2.53687 0.271536 0)
(2.53985 0.259016 0)
(2.52857 0.237053 0)
(2.51429 0.217686 0)
(2.51947 0.214829 0)
(2.52801 0.2143 0)
(2.53839 0.211875 0)
(2.5514 0.208314 0)
(2.55876 0.20676 0)
(2.57117 0.204005 0)
(2.58158 0.199366 0)
(2.58882 0.193727 0)
(2.59324 0.186648 0)
(2.59021 0.171272 0)
(2.57583 0.14787 0)
(2.57185 0.133704 0)
(2.57956 0.133287 0)
(2.58669 0.132906 0)
(2.59358 0.130785 0)
(2.59983 0.125825 0)
(2.60579 0.122371 0)
(2.61623 0.118394 0)
(2.62311 0.117399 0)
(2.61542 0.0963879 0)
(2.58895 0.0299765 0)
(2.4367 -0.184088 0)
(2.32319 -0.34032 0)
(2.2037 -0.453713 0)
(2.14778 -0.562389 0)
(2.13481 -0.574621 0)
(2.1414 -0.564632 0)
(2.1667 -0.545836 0)
(2.18607 -0.535348 0)
(2.20289 -0.539181 0)
(2.20761 -0.546445 0)
(2.19863 -0.559857 0)
(2.19479 -0.570896 0)
(2.20402 -0.574824 0)
(2.21463 -0.574941 0)
(2.22773 -0.57039 0)
(2.24354 -0.571097 0)
(2.24567 -0.581293 0)
(2.21857 -0.615028 0)
(2.16836 -0.669746 0)
(2.11507 -0.716603 0)
(2.07171 -0.753433 0)
(2.06866 -0.770296 0)
(2.07758 -0.77347 0)
(2.091 -0.771357 0)
(2.11079 -0.763486 0)
(2.12993 -0.760744 0)
(2.14028 -0.76385 0)
(2.14953 -0.769193 0)
(2.15248 -0.774915 0)
(2.14806 -0.782771 0)
(2.15058 -0.789233 0)
(2.15871 -0.791516 0)
(2.16799 -0.791311 0)
(2.18394 -0.788053 0)
(2.20102 -0.782237 0)
(2.20958 -0.782164 0)
(2.2185 -0.786027 0)
(2.22328 -0.791087 0)
(2.2239 -0.796086 0)
(2.22911 -0.798089 0)
(2.23774 -0.798509 0)
(2.24747 -0.797041 0)
(2.25871 -0.794545 0)
(2.2675 -0.794079 0)
(2.276 -0.795106 0)
(2.28268 -0.795872 0)
(2.28597 -0.797602 0)
(2.28679 -0.79998 0)
(2.29141 -0.80079 0)
(2.29869 -0.80101 0)
(2.30645 -0.800888 0)
(2.31561 -0.799954 0)
(2.32485 -0.798924 0)
(2.33307 -0.800247 0)
(2.18606 0.721653 0)
(2.18765 0.725828 0)
(2.19664 0.718741 0)
(2.2082 0.699363 0)
(2.21345 0.681775 0)
(2.21214 0.674882 0)
(2.20975 0.660745 0)
(2.22297 0.649888 0)
(2.24098 0.639939 0)
(2.25374 0.630586 0)
(2.26045 0.633849 0)
(2.26163 0.636499 0)
(2.27312 0.629923 0)
(2.2911 0.61352 0)
(2.30483 0.595347 0)
(2.31342 0.588457 0)
(2.31857 0.580745 0)
(2.3208 0.559267 0)
(2.3184 0.537474 0)
(2.31802 0.535332 0)
(2.32064 0.534945 0)
(2.33401 0.529428 0)
(2.34758 0.517443 0)
(2.35642 0.509632 0)
(2.36501 0.500628 0)
(2.37833 0.488022 0)
(2.38933 0.477658 0)
(2.39945 0.46997 0)
(2.40691 0.464157 0)
(2.40784 0.455969 0)
(2.39931 0.441394 0)
(2.39094 0.426094 0)
(2.4009 0.417001 0)
(2.41562 0.411807 0)
(2.42655 0.406066 0)
(2.43823 0.400279 0)
(2.44985 0.393555 0)
(2.45835 0.386386 0)
(2.46652 0.379128 0)
(2.47287 0.371017 0)
(2.47005 0.353659 0)
(2.45531 0.334699 0)
(2.45292 0.323996 0)
(2.46401 0.321896 0)
(2.47463 0.32014 0)
(2.48556 0.315019 0)
(2.4972 0.309355 0)
(2.51009 0.303761 0)
(2.52056 0.297452 0)
(2.52909 0.290463 0)
(2.53426 0.280481 0)
(2.52896 0.262117 0)
(2.51372 0.240674 0)
(2.51391 0.23378 0)
(2.52161 0.232969 0)
(2.53181 0.231159 0)
(2.54392 0.228895 0)
(2.55373 0.224794 0)
(2.56272 0.221931 0)
(2.57374 0.218603 0)
(2.58278 0.213529 0)
(2.58823 0.205614 0)
(2.5872 0.192104 0)
(2.576 0.170475 0)
(2.56861 0.154353 0)
(2.57436 0.152536 0)
(2.58212 0.149975 0)
(2.59071 0.14934 0)
(2.59865 0.146745 0)
(2.60407 0.143829 0)
(2.61127 0.138569 0)
(2.61954 0.136168 0)
(2.60904 0.113233 0)
(2.56044 0.0179354 0)
(2.44912 -0.152676 0)
(2.23576 -0.413085 0)
(2.12812 -0.54296 0)
(2.13879 -0.534122 0)
(2.16439 -0.521672 0)
(2.16619 -0.523207 0)
(2.16906 -0.527221 0)
(2.18059 -0.526981 0)
(2.19348 -0.527338 0)
(2.20387 -0.529945 0)
(2.20662 -0.534712 0)
(2.20332 -0.545561 0)
(2.20566 -0.555349 0)
(2.21437 -0.559403 0)
(2.2226 -0.560566 0)
(2.23648 -0.562941 0)
(2.24706 -0.569828 0)
(2.22756 -0.597185 0)
(2.18795 -0.646012 0)
(2.13013 -0.697727 0)
(2.07403 -0.73893 0)
(2.06703 -0.761025 0)
(2.07506 -0.762541 0)
(2.08852 -0.75988 0)
(2.10993 -0.750219 0)
(2.12972 -0.744764 0)
(2.14059 -0.74724 0)
(2.14994 -0.753254 0)
(2.15444 -0.759739 0)
(2.15104 -0.768154 0)
(2.15034 -0.775058 0)
(2.15857 -0.776958 0)
(2.1675 -0.776306 0)
(2.1813 -0.773448 0)
(2.19919 -0.768412 0)
(2.20899 -0.767766 0)
(2.2184 -0.77221 0)
(2.22411 -0.776847 0)
(2.22487 -0.780908 0)
(2.22856 -0.783683 0)
(2.23723 -0.784999 0)
(2.24659 -0.784829 0)
(2.25805 -0.783157 0)
(2.26851 -0.781322 0)
(2.27737 -0.782151 0)
(2.2853 -0.783431 0)
(2.29031 -0.7845 0)
(2.29079 -0.785936 0)
(2.29185 -0.787172 0)
(2.29831 -0.787487 0)
(2.30573 -0.787522 0)
(2.31371 -0.787036 0)
(2.32286 -0.785985 0)
(2.33102 -0.785838 0)
(2.33925 -0.787455 0)
(2.18275 0.737329 0)
(2.18495 0.739708 0)
(2.19592 0.7277 0)
(2.20522 0.704732 0)
(2.20758 0.689391 0)
(2.20691 0.681662 0)
(2.21476 0.667555 0)
(2.23422 0.657809 0)
(2.24813 0.647682 0)
(2.25645 0.647195 0)
(2.25669 0.655358 0)
(2.25756 0.652991 0)
(2.27406 0.640706 0)
(2.29166 0.618604 0)
(2.30366 0.602411 0)
(2.31147 0.594851 0)
(2.31676 0.582462 0)
(2.31754 0.562106 0)
(2.31568 0.551688 0)
(2.31623 0.554609 0)
(2.32206 0.552512 0)
(2.33694 0.541966 0)
(2.34848 0.52872 0)
(2.35566 0.520989 0)
(2.36602 0.51058 0)
(2.37974 0.498907 0)
(2.38975 0.490179 0)
(2.39843 0.484217 0)
(2.4034 0.479196 0)
(2.40025 0.468087 0)
(2.39355 0.447288 0)
(2.39294 0.435476 0)
(2.40391 0.429083 0)
(2.41839 0.423605 0)
(2.42877 0.418233 0)
(2.43843 0.413982 0)
(2.4495 0.407484 0)
(2.4579 0.399395 0)
(2.46574 0.390261 0)
(2.4703 0.381259 0)
(2.46468 0.36302 0)
(2.45481 0.348207 0)
(2.456 0.340244 0)
(2.46739 0.337134 0)
(2.4784 0.334473 0)
(2.48983 0.328366 0)
(2.50069 0.32215 0)
(2.5127 0.315858 0)
(2.52215 0.309404 0)
(2.5283 0.300835 0)
(2.52696 0.28631 0)
(2.51383 0.264136 0)
(2.50973 0.252791 0)
(2.51645 0.252466 0)
(2.5249 0.249493 0)
(2.53609 0.247208 0)
(2.54738 0.244164 0)
(2.55639 0.240135 0)
(2.5659 0.23634 0)
(2.57559 0.232127 0)
(2.58293 0.225813 0)
(2.58392 0.213559 0)
(2.57424 0.192526 0)
(2.56457 0.174126 0)
(2.56924 0.171024 0)
(2.57717 0.168857 0)
(2.5847 0.16577 0)
(2.5943 0.165204 0)
(2.60271 0.164129 0)
(2.60924 0.159992 0)
(2.6138 0.154891 0)
(2.60102 0.123654 0)
(2.5359 0.00895246 0)
(2.41173 -0.180002 0)
(2.20028 -0.421905 0)
(2.13552 -0.545741 0)
(2.11961 -0.524502 0)
(2.14814 -0.502205 0)
(2.16919 -0.48731 0)
(2.18426 -0.488968 0)
(2.19543 -0.495784 0)
(2.20045 -0.509363 0)
(2.20169 -0.520853 0)
(2.19862 -0.530582 0)
(2.19847 -0.540809 0)
(2.20799 -0.543267 0)
(2.21851 -0.542782 0)
(2.22588 -0.541342 0)
(2.23579 -0.541698 0)
(2.24474 -0.548734 0)
(2.23402 -0.571403 0)
(2.19326 -0.62255 0)
(2.14626 -0.675094 0)
(2.09373 -0.712874 0)
(2.07401 -0.744196 0)
(2.07565 -0.753323 0)
(2.08482 -0.752299 0)
(2.10332 -0.74329 0)
(2.12692 -0.732513 0)
(2.14043 -0.731488 0)
(2.15155 -0.737002 0)
(2.15791 -0.743362 0)
(2.15661 -0.750973 0)
(2.15292 -0.758328 0)
(2.15928 -0.761334 0)
(2.16802 -0.76201 0)
(2.17934 -0.760116 0)
(2.19667 -0.75647 0)
(2.20899 -0.754296 0)
(2.21833 -0.757334 0)
(2.22611 -0.760826 0)
(2.22744 -0.765733 0)
(2.22888 -0.771409 0)
(2.2368 -0.773247 0)
(2.2456 -0.772796 0)
(2.25622 -0.770405 0)
(2.26803 -0.767228 0)
(2.27722 -0.767191 0)
(2.28618 -0.769322 0)
(2.29352 -0.771341 0)
(2.29675 -0.773946 0)
(2.29612 -0.776241 0)
(2.2996 -0.776 0)
(2.30639 -0.774703 0)
(2.31386 -0.773245 0)
(2.32188 -0.770935 0)
(2.32926 -0.770019 0)
(2.33696 -0.771684 0)
(2.34448 -0.774041 0)
(2.18108 0.750404 0)
(2.18478 0.750095 0)
(2.19412 0.734863 0)
(2.19976 0.712908 0)
(2.20203 0.699639 0)
(2.20867 0.688105 0)
(2.22756 0.676211 0)
(2.24357 0.665362 0)
(2.25247 0.66102 0)
(2.25374 0.669524 0)
(2.24855 0.676201 0)
(2.25569 0.665932 0)
(2.27572 0.64562 0)
(2.29135 0.621982 0)
(2.30203 0.607906 0)
(2.3091 0.598733 0)
(2.31351 0.586011 0)
(2.31404 0.573328 0)
(2.31367 0.572357 0)
(2.31582 0.57357 0)
(2.32628 0.56607 0)
(2.34002 0.549533 0)
(2.34842 0.53798 0)
(2.35487 0.530675 0)
(2.36765 0.520837 0)
(2.38019 0.51043 0)
(2.38871 0.503333 0)
(2.39478 0.500139 0)
(2.39774 0.493323 0)
(2.39399 0.473114 0)
(2.39066 0.453062 0)
(2.39633 0.446255 0)
(2.40626 0.441719 0)
(2.41932 0.43597 0)
(2.42863 0.431197 0)
(2.43726 0.427533 0)
(2.44832 0.420895 0)
(2.45708 0.412206 0)
(2.46466 0.40184 0)
(2.4665 0.390865 0)
(2.45854 0.37281 0)
(2.45529 0.361112 0)
(2.45925 0.356047 0)
(2.47051 0.352053 0)
(2.48207 0.348772 0)
(2.4935 0.342045 0)
(2.50391 0.335342 0)
(2.51466 0.328515 0)
(2.52217 0.321673 0)
(2.52398 0.310165 0)
(2.51426 0.289255 0)
(2.50514 0.271588 0)
(2.51161 0.27036 0)
(2.51957 0.268881 0)
(2.52898 0.265251 0)
(2.53996 0.262074 0)
(2.54975 0.258567 0)
(2.55898 0.254502 0)
(2.5681 0.249918 0)
(2.57643 0.244219 0)
(2.58026 0.234783 0)
(2.5735 0.215817 0)
(2.56061 0.194378 0)
(2.56321 0.188138 0)
(2.57058 0.187586 0)
(2.58052 0.184616 0)
(2.58803 0.183123 0)
(2.59887 0.182237 0)
(2.60658 0.180938 0)
(2.60754 0.173572 0)
(2.59118 0.130573 0)
(2.51088 -0.0118803 0)
(2.31566 -0.285687 0)
(2.22167 -0.377682 0)
(2.17638 -0.444673 0)
(2.15183 -0.505981 0)
(2.13757 -0.517727 0)
(2.14606 -0.511329 0)
(2.16699 -0.492616 0)
(2.18386 -0.481878 0)
(2.19955 -0.484347 0)
(2.20912 -0.495515 0)
(2.20931 -0.512937 0)
(2.20263 -0.525228 0)
(2.20476 -0.529591 0)
(2.21615 -0.529155 0)
(2.22638 -0.523708 0)
(2.237 -0.52149 0)
(2.24669 -0.526385 0)
(2.24147 -0.544084 0)
(2.20223 -0.592007 0)
(2.15402 -0.649987 0)
(2.0999 -0.691002 0)
(2.07842 -0.727402 0)
(2.07725 -0.737933 0)
(2.08647 -0.739713 0)
(2.09933 -0.734243 0)
(2.12092 -0.724726 0)
(2.13904 -0.719471 0)
(2.15003 -0.722424 0)
(2.15932 -0.726548 0)
(2.16163 -0.731603 0)
(2.15742 -0.740475 0)
(2.16109 -0.746356 0)
(2.16934 -0.74794 0)
(2.17902 -0.746824 0)
(2.19429 -0.743563 0)
(2.20875 -0.740176 0)
(2.21794 -0.742791 0)
(2.22733 -0.748098 0)
(2.23206 -0.754164 0)
(2.23258 -0.758892 0)
(2.23764 -0.75977 0)
(2.24611 -0.759825 0)
(2.25556 -0.7588 0)
(2.26687 -0.756403 0)
(2.27644 -0.755311 0)
(2.2857 -0.756631 0)
(2.29366 -0.758206 0)
(2.2992 -0.760228 0)
(2.30116 -0.762731 0)
(2.30256 -0.764232 0)
(2.30838 -0.763834 0)
(2.31595 -0.762432 0)
(2.3232 -0.75959 0)
(2.32989 -0.757721 0)
(2.33649 -0.757556 0)
(2.34282 -0.758211 0)
(2.34866 -0.759669 0)
(2.17778 0.763866 0)
(2.18096 0.761119 0)
(2.18883 0.743068 0)
(2.19549 0.721646 0)
(2.20352 0.706935 0)
(2.22047 0.6947 0)
(2.23893 0.683836 0)
(2.24996 0.677044 0)
(2.25271 0.681666 0)
(2.24674 0.693131 0)
(2.24278 0.690217 0)
(2.25862 0.670652 0)
(2.27817 0.644025 0)
(2.29186 0.622852 0)
(2.30054 0.612499 0)
(2.30525 0.605625 0)
(2.3081 0.597347 0)
(2.30956 0.592802 0)
(2.31193 0.592469 0)
(2.31921 0.587725 0)
(2.33148 0.573415 0)
(2.34161 0.555599 0)
(2.34805 0.546506 0)
(2.35568 0.540319 0)
(2.36845 0.532616 0)
(2.37872 0.52412 0)
(2.38497 0.519625 0)
(2.38986 0.515627 0)
(2.39374 0.499588 0)
(2.38887 0.47635 0)
(2.38951 0.46348 0)
(2.39831 0.458842 0)
(2.40826 0.454537 0)
(2.41906 0.448986 0)
(2.42753 0.444714 0)
(2.43613 0.440697 0)
(2.44772 0.43321 0)
(2.45702 0.423755 0)
(2.46335 0.413097 0)
(2.46132 0.399011 0)
(2.45177 0.382785 0)
(2.45597 0.373848 0)
(2.46232 0.370989 0)
(2.47351 0.366417 0)
(2.48602 0.361741 0)
(2.49699 0.354726 0)
(2.50681 0.347872 0)
(2.51577 0.340993 0)
(2.52051 0.332669 0)
(2.51498 0.317947 0)
(2.50226 0.293966 0)
(2.50565 0.2866 0)
(2.51366 0.285993 0)
(2.52286 0.283036 0)
(2.5327 0.279727 0)
(2.54283 0.276213 0)
(2.55206 0.272543 0)
(2.56115 0.26818 0)
(2.5695 0.262548 0)
(2.57502 0.254008 0)
(2.57212 0.238279 0)
(2.5595 0.217466 0)
(2.55758 0.206933 0)
(2.56429 0.20619 0)
(2.57417 0.203637 0)
(2.58398 0.200532 0)
(2.59381 0.200502 0)
(2.6032 0.200105 0)
(2.60268 0.189974 0)
(2.5762 0.129992 0)
(2.47422 -0.0297236 0)
(2.31781 -0.271276 0)
(2.15224 -0.46442 0)
(2.11983 -0.478486 0)
(2.15115 -0.483602 0)
(2.16357 -0.483171 0)
(2.16518 -0.485399 0)
(2.16713 -0.490128 0)
(2.17774 -0.491155 0)
(2.19258 -0.489212 0)
(2.20762 -0.488681 0)
(2.21663 -0.489748 0)
(2.21741 -0.498126 0)
(2.21321 -0.510976 0)
(2.21797 -0.517111 0)
(2.22665 -0.517532 0)
(2.23442 -0.513165 0)
(2.24589 -0.512437 0)
(2.24732 -0.523043 0)
(2.21516 -0.56388 0)
(2.16874 -0.620472 0)
(2.11247 -0.666784 0)
(2.07902 -0.705479 0)
(2.07612 -0.718703 0)
(2.08679 -0.723246 0)
(2.09984 -0.721825 0)
(2.11819 -0.712957 0)
(2.1368 -0.705962 0)
(2.14804 -0.707838 0)
(2.15858 -0.712498 0)
(2.16403 -0.717537 0)
(2.16203 -0.724782 0)
(2.1625 -0.730154 0)
(2.17082 -0.731788 0)
(2.17986 -0.731651 0)
(2.19273 -0.729852 0)
(2.20849 -0.727265 0)
(2.2175 -0.728558 0)
(2.22743 -0.732875 0)
(2.23386 -0.736978 0)
(2.23555 -0.741468 0)
(2.23923 -0.745467 0)
(2.24765 -0.747416 0)
(2.25635 -0.747414 0)
(2.2665 -0.745191 0)
(2.27578 -0.742998 0)
(2.28468 -0.743021 0)
(2.29283 -0.743412 0)
(2.29913 -0.744894 0)
(2.30267 -0.748163 0)
(2.30444 -0.751848 0)
(2.3101 -0.753152 0)
(2.3174 -0.752579 0)
(2.32486 -0.750109 0)
(2.332 -0.747453 0)
(2.33856 -0.745731 0)
(2.34411 -0.744599 0)
(2.34847 -0.74454 0)
(2.35184 -0.746033 0)
(2.17326 0.776641 0)
(2.17594 0.769045 0)
(2.18476 0.748784 0)
(2.19709 0.72943 0)
(2.21305 0.7142 0)
(2.23192 0.701956 0)
(2.24555 0.694459 0)
(2.25063 0.695475 0)
(2.24593 0.707425 0)
(2.23787 0.712984 0)
(2.24292 0.6965 0)
(2.2639 0.668723 0)
(2.28063 0.641936 0)
(2.29176 0.626354 0)
(2.29752 0.620671 0)
(2.29994 0.617756 0)
(2.3019 0.614952 0)
(2.30509 0.613095 0)
(2.31227 0.608648 0)
(2.32399 0.596559 0)
(2.33512 0.576532 0)
(2.34217 0.560817 0)
(2.34821 0.554929 0)
(2.35677 0.551044 0)
(2.36744 0.545585 0)
(2.37547 0.539657 0)
(2.38089 0.535494 0)
(2.38681 0.525817 0)
(2.38895 0.502353 0)
(2.38523 0.482699 0)
(2.38961 0.47622 0)
(2.39974 0.47224 0)
(2.4097 0.467693 0)
(2.41874 0.462828 0)
(2.4269 0.458465 0)
(2.43679 0.453003 0)
(2.44816 0.445012 0)
(2.45705 0.435923 0)
(2.46002 0.425224 0)
(2.45243 0.406971 0)
(2.44731 0.391674 0)
(2.45696 0.3872 0)
(2.46516 0.38455 0)
(2.47661 0.379698 0)
(2.48887 0.374163 0)
(2.49923 0.367791 0)
(2.50819 0.361241 0)
(2.51519 0.353742 0)
(2.51585 0.342952 0)
(2.50436 0.324181 0)
(2.49937 0.304775 0)
(2.50781 0.302503 0)
(2.5165 0.299226 0)
(2.52513 0.296288 0)
(2.53553 0.293186 0)
(2.5452 0.289549 0)
(2.55414 0.285754 0)
(2.56274 0.281067 0)
(2.56938 0.273676 0)
(2.56913 0.259661 0)
(2.55847 0.23867 0)
(2.55432 0.22599 0)
(2.5599 0.225379 0)
(2.56915 0.222393 0)
(2.5786 0.22001 0)
(2.58805 0.218474 0)
(2.59908 0.218765 0)
(2.59715 0.203405 0)
(2.54714 0.112145 0)
(2.43929 -0.0649296 0)
(2.27459 -0.280257 0)
(2.14921 -0.471665 0)
(2.11964 -0.486322 0)
(2.1269 -0.464511 0)
(2.14788 -0.452236 0)
(2.1694 -0.451269 0)
(2.18312 -0.455113 0)
(2.18928 -0.462676 0)
(2.1949 -0.472014 0)
(2.20297 -0.476044 0)
(2.21406 -0.477161 0)
(2.2206 -0.476656 0)
(2.21975 -0.481156 0)
(2.21989 -0.48982 0)
(2.22787 -0.494246 0)
(2.23354 -0.496106 0)
(2.2409 -0.50078 0)
(2.24595 -0.511561 0)
(2.22304 -0.545511 0)
(2.17967 -0.600621 0)
(2.12946 -0.646848 0)
(2.08756 -0.679934 0)
(2.07689 -0.703434 0)
(2.08507 -0.709484 0)
(2.09659 -0.709312 0)
(2.11468 -0.699868 0)
(2.13418 -0.692228 0)
(2.14681 -0.694013 0)
(2.15757 -0.698648 0)
(2.16483 -0.70265 0)
(2.16505 -0.707764 0)
(2.1632 -0.715052 0)
(2.17119 -0.718278 0)
(2.18055 -0.71895 0)
(2.19193 -0.716857 0)
(2.20767 -0.712577 0)
(2.21743 -0.711318 0)
(2.22733 -0.71515 0)
(2.23464 -0.719405 0)
(2.23741 -0.724812 0)
(2.23993 -0.730323 0)
(2.24801 -0.732681 0)
(2.25665 -0.733053 0)
(2.26659 -0.73155 0)
(2.27588 -0.730257 0)
(2.28433 -0.731305 0)
(2.29243 -0.732116 0)
(2.29885 -0.732489 0)
(2.3027 -0.733998 0)
(2.30427 -0.736809 0)
(2.30951 -0.738691 0)
(2.31733 -0.739113 0)
(2.32498 -0.738201 0)
(2.33256 -0.737385 0)
(2.33994 -0.736747 0)
(2.34679 -0.735465 0)
(2.35228 -0.733699 0)
(2.35538 -0.73278 0)
(2.35569 -0.734636 0)
(2.1686 0.787993 0)
(2.17186 0.773594 0)
(2.186 0.754709 0)
(2.20407 0.736828 0)
(2.22268 0.720233 0)
(2.23817 0.710504 0)
(2.24637 0.709277 0)
(2.24483 0.719066 0)
(2.23595 0.730228 0)
(2.23327 0.722658 0)
(2.24915 0.696198 0)
(2.26942 0.665725 0)
(2.28306 0.643126 0)
(2.29107 0.633471 0)
(2.29403 0.632848 0)
(2.29466 0.63421 0)
(2.29659 0.633586 0)
(2.30333 0.629345 0)
(2.31517 0.618859 0)
(2.32802 0.599326 0)
(2.33621 0.579032 0)
(2.34129 0.569125 0)
(2.34741 0.566407 0)
(2.35557 0.564172 0)
(2.36459 0.559849 0)
(2.3718 0.555072 0)
(2.37889 0.54804 0)
(2.38413 0.530933 0)
(2.38268 0.505301 0)
(2.38405 0.492711 0)
(2.39016 0.489917 0)
(2.40136 0.485918 0)
(2.41084 0.481236 0)
(2.4186 0.477389 0)
(2.42782 0.472533 0)
(2.43895 0.465528 0)
(2.44913 0.457175 0)
(2.45467 0.44926 0)
(2.45128 0.436473 0)
(2.44154 0.413065 0)
(2.44735 0.40258 0)
(2.45782 0.400144 0)
(2.46752 0.396727 0)
(2.47944 0.391847 0)
(2.49062 0.386579 0)
(2.5005 0.380569 0)
(2.50868 0.373774 0)
(2.51337 0.364978 0)
(2.50901 0.351245 0)
(2.49698 0.331593 0)
(2.50086 0.320458 0)
(2.50999 0.31746 0)
(2.51823 0.31302 0)
(2.52713 0.309533 0)
(2.53759 0.306095 0)
(2.54718 0.30236 0)
(2.55584 0.298277 0)
(2.56323 0.292673 0)
(2.56559 0.281612 0)
(2.55706 0.260944 0)
(2.54945 0.244327 0)
(2.55581 0.243073 0)
(2.56373 0.241897 0)
(2.57392 0.23993 0)
(2.58245 0.237477 0)
(2.59129 0.236072 0)
(2.586 0.209815 0)
(2.53335 0.0996762 0)
(2.36164 -0.146411 0)
(2.21448 -0.343578 0)
(2.17976 -0.37341 0)
(2.15952 -0.427682 0)
(2.14636 -0.459396 0)
(2.14213 -0.460072 0)
(2.15252 -0.449444 0)
(2.16736 -0.436375 0)
(2.1827 -0.435724 0)
(2.19589 -0.440241 0)
(2.2065 -0.453846 0)
(2.21218 -0.469587 0)
(2.21779 -0.475033 0)
(2.22142 -0.475806 0)
(2.22225 -0.477066 0)
(2.23055 -0.480358 0)
(2.23695 -0.48185 0)
(2.24121 -0.485122 0)
(2.24385 -0.494889 0)
(2.2284 -0.522732 0)
(2.18214 -0.582153 0)
(2.13898 -0.631743 0)
(2.09726 -0.660448 0)
(2.08377 -0.684994 0)
(2.0868 -0.694835 0)
(2.09559 -0.695935 0)
(2.10851 -0.690669 0)
(2.12961 -0.682129 0)
(2.14476 -0.678622 0)
(2.15615 -0.682348 0)
(2.16562 -0.686739 0)
(2.16953 -0.693034 0)
(2.16669 -0.70194 0)
(2.17063 -0.706585 0)
(2.18025 -0.707973 0)
(2.19075 -0.706318 0)
(2.20576 -0.702213 0)
(2.21735 -0.699212 0)
(2.22753 -0.702096 0)
(2.23585 -0.705404 0)
(2.23908 -0.709601 0)
(2.23998 -0.714153 0)
(2.24668 -0.716107 0)
(2.25531 -0.717008 0)
(2.26493 -0.716838 0)
(2.27528 -0.715792 0)
(2.28383 -0.716043 0)
(2.29195 -0.716956 0)
(2.29874 -0.717779 0)
(2.30309 -0.718661 0)
(2.30348 -0.720683 0)
(2.3073 -0.724079 0)
(2.31532 -0.725786 0)
(2.32317 -0.725893 0)
(2.33153 -0.72509 0)
(2.33952 -0.723999 0)
(2.34706 -0.722801 0)
(2.35417 -0.722089 0)
(2.36035 -0.722408 0)
(2.36304 -0.72341 0)
(2.36137 -0.723867 0)
(2.1648 0.795871 0)
(2.17233 0.778475 0)
(2.19075 0.763637 0)
(2.21083 0.743324 0)
(2.22752 0.727694 0)
(2.23815 0.723 0)
(2.2404 0.729369 0)
(2.23386 0.742352 0)
(2.22852 0.743603 0)
(2.23609 0.722163 0)
(2.25767 0.691562 0)
(2.27411 0.664393 0)
(2.28413 0.648867 0)
(2.28818 0.646413 0)
(2.28811 0.650939 0)
(2.28749 0.653695 0)
(2.29304 0.650108 0)
(2.305 0.640225 0)
(2.31919 0.621914 0)
(2.32971 0.600316 0)
(2.33487 0.58609 0)
(2.33938 0.581527 0)
(2.34566 0.580537 0)
(2.3534 0.579209 0)
(2.36196 0.575852 0)
(2.37032 0.569397 0)
(2.37701 0.556546 0)
(2.37768 0.532039 0)
(2.37736 0.511523 0)
(2.38427 0.505768 0)
(2.39161 0.503881 0)
(2.40249 0.499681 0)
(2.41222 0.494584 0)
(2.41977 0.491487 0)
(2.43022 0.486764 0)
(2.44137 0.479106 0)
(2.44917 0.47031 0)
(2.44896 0.459249 0)
(2.43863 0.439411 0)
(2.43812 0.421405 0)
(2.44807 0.416386 0)
(2.458 0.413093 0)
(2.46984 0.408825 0)
(2.48144 0.403495 0)
(2.49146 0.39888 0)
(2.50056 0.3937 0)
(2.50774 0.386818 0)
(2.50962 0.375989 0)
(2.501 0.358521 0)
(2.49459 0.341568 0)
(2.5028 0.335599 0)
(2.51177 0.331291 0)
(2.5201 0.326154 0)
(2.52921 0.322149 0)
(2.53934 0.318692 0)
(2.54875 0.314863 0)
(2.55666 0.310048 0)
(2.56102 0.301853 0)
(2.55577 0.284602 0)
(2.5448 0.264183 0)
(2.54979 0.259577 0)
(2.55773 0.259963 0)
(2.56843 0.258397 0)
(2.57716 0.257413 0)
(2.58256 0.251304 0)
(2.5694 0.208564 0)
(2.48397 0.0563249 0)
(2.36134 -0.144134 0)
(2.17519 -0.370613 0)
(2.11853 -0.446915 0)
(2.12511 -0.427741 0)
(2.15634 -0.418074 0)
(2.16541 -0.420107 0)
(2.16778 -0.430518 0)
(2.16479 -0.436063 0)
(2.17214 -0.437577 0)
(2.18679 -0.439742 0)
(2.20156 -0.441147 0)
(2.21376 -0.443805 0)
(2.22164 -0.451417 0)
(2.22531 -0.460695 0)
(2.22492 -0.466846 0)
(2.22931 -0.466234 0)
(2.23766 -0.464617 0)
(2.24238 -0.463941 0)
(2.24535 -0.471135 0)
(2.23276 -0.496864 0)
(2.18839 -0.556121 0)
(2.14378 -0.611322 0)
(2.09998 -0.646548 0)
(2.08584 -0.669138 0)
(2.088 -0.679314 0)
(2.09798 -0.682511 0)
(2.10807 -0.679938 0)
(2.12418 -0.671398 0)
(2.14323 -0.665273 0)
(2.15416 -0.66697 0)
(2.16499 -0.671549 0)
(2.17188 -0.676745 0)
(2.17196 -0.683788 0)
(2.17105 -0.690423 0)
(2.17947 -0.69318 0)
(2.18902 -0.693614 0)
(2.20124 -0.690848 0)
(2.21611 -0.686669 0)
(2.22541 -0.687341 0)
(2.23526 -0.690256 0)
(2.24047 -0.693493 0)
(2.24029 -0.698496 0)
(2.24512 -0.702252 0)
(2.25365 -0.70377 0)
(2.26285 -0.703349 0)
(2.27361 -0.701407 0)
(2.28264 -0.700699 0)
(2.29132 -0.702074 0)
(2.29891 -0.703831 0)
(2.30418 -0.706853 0)
(2.30648 -0.710467 0)
(2.30722 -0.711445 0)
(2.3122 -0.709665 0)
(2.32012 -0.709179 0)
(2.32841 -0.709672 0)
(2.33716 -0.71002 0)
(2.34582 -0.709827 0)
(2.35377 -0.710306 0)
(2.36144 -0.711651 0)
(2.36776 -0.712802 0)
(2.36993 -0.713171 0)
(2.36813 -0.712382 0)
(2.16286 0.80124 0)
(2.17708 0.787375 0)
(2.19827 0.769002 0)
(2.2168 0.74751 0)
(2.22964 0.736957 0)
(2.23507 0.73898 0)
(2.23205 0.750113 0)
(2.2258 0.756987 0)
(2.22725 0.74451 0)
(2.24487 0.717165 0)
(2.26376 0.688961 0)
(2.27569 0.668982 0)
(2.2812 0.661225 0)
(2.28171 0.665168 0)
(2.27991 0.670912 0)
(2.28265 0.669409 0)
(2.29436 0.660344 0)
(2.3093 0.643113 0)
(2.32219 0.621656 0)
(2.32913 0.605426 0)
(2.33273 0.598785 0)
(2.33761 0.597372 0)
(2.34457 0.596639 0)
(2.35288 0.595338 0)
(2.36185 0.591333 0)
(2.36946 0.579806 0)
(2.37041 0.55685 0)
(2.36967 0.532864 0)
(2.3761 0.523016 0)
(2.3845 0.520779 0)
(2.39291 0.518038 0)
(2.40346 0.513014 0)
(2.41392 0.50812 0)
(2.42251 0.505293 0)
(2.43339 0.500603 0)
(2.44321 0.492461 0)
(2.44604 0.481499 0)
(2.43799 0.460854 0)
(2.42987 0.440506 0)
(2.43868 0.43603 0)
(2.44799 0.431566 0)
(2.45867 0.426302 0)
(2.47193 0.420993 0)
(2.4829 0.415189 0)
(2.49183 0.410948 0)
(2.50035 0.406186 0)
(2.50648 0.398584 0)
(2.50442 0.384985 0)
(2.49412 0.365447 0)
(2.49451 0.353599 0)
(2.50363 0.34978 0)
(2.51296 0.345396 0)
(2.52152 0.340014 0)
(2.5307 0.335687 0)
(2.54073 0.331856 0)
(2.54977 0.327094 0)
(2.55557 0.320106 0)
(2.5534 0.306779 0)
(2.54208 0.286739 0)
(2.54263 0.277571 0)
(2.55126 0.277904 0)
(2.5617 0.275401 0)
(2.57064 0.275001 0)
(2.5736 0.264871 0)
(2.53746 0.186172 0)
(2.43062 0.00203256 0)
(2.31631 -0.188993 0)
(2.14037 -0.365106 0)
(2.11769 -0.453277 0)
(2.11115 -0.439472 0)
(2.136 -0.407419 0)
(2.15579 -0.38848 0)
(2.17468 -0.39232 0)
(2.18401 -0.403078 0)
(2.18052 -0.41645 0)
(2.18085 -0.423696 0)
(2.19225 -0.425754 0)
(2.2048 -0.426801 0)
(2.21768 -0.430014 0)
(2.22817 -0.436355 0)
(2.23353 -0.444186 0)
(2.23268 -0.449453 0)
(2.23934 -0.453468 0)
(2.24194 -0.454655 0)
(2.24464 -0.459864 0)
(2.23574 -0.479822 0)
(2.19888 -0.52923 0)
(2.15379 -0.589264 0)
(2.10544 -0.629147 0)
(2.08813 -0.655652 0)
(2.08599 -0.662417 0)
(2.09695 -0.667799 0)
(2.10852 -0.667669 0)
(2.12181 -0.659463 0)
(2.14106 -0.653782 0)
(2.15349 -0.653796 0)
(2.164 -0.657508 0)
(2.17252 -0.661019 0)
(2.17515 -0.666693 0)
(2.17284 -0.675841 0)
(2.17836 -0.68026 0)
(2.18755 -0.681289 0)
(2.19804 -0.678993 0)
(2.21272 -0.674302 0)
(2.2228 -0.672944 0)
(2.23337 -0.676521 0)
(2.24055 -0.681224 0)
(2.24205 -0.687157 0)
(2.24375 -0.690599 0)
(2.25177 -0.691119 0)
(2.26074 -0.690649 0)
(2.27155 -0.68865 0)
(2.28156 -0.686935 0)
(2.29037 -0.68789 0)
(2.2984 -0.688998 0)
(2.30433 -0.690459 0)
(2.30715 -0.69368 0)
(2.30876 -0.697257 0)
(2.31251 -0.697719 0)
(2.31802 -0.696148 0)
(2.32565 -0.695341 0)
(2.33408 -0.695615 0)
(2.3427 -0.695955 0)
(2.35143 -0.695799 0)
(2.35963 -0.69635 0)
(2.36743 -0.697741 0)
(2.3735 -0.699619 0)
(2.37567 -0.701149 0)
(2.37528 -0.701164 0)
(2.16539 0.808867 0)
(2.18508 0.793567 0)
(2.2059 0.769374 0)
(2.22047 0.752739 0)
(2.22762 0.749991 0)
(2.22641 0.758748 0)
(2.2204 0.768743 0)
(2.22015 0.764457 0)
(2.2325 0.742274 0)
(2.25309 0.713816 0)
(2.26778 0.689517 0)
(2.27563 0.676396 0)
(2.27695 0.676692 0)
(2.27422 0.684861 0)
(2.27273 0.687841 0)
(2.28255 0.680693 0)
(2.29866 0.664586 0)
(2.31349 0.642975 0)
(2.32333 0.625123 0)
(2.32819 0.616245 0)
(2.33201 0.614817 0)
(2.33774 0.614635 0)
(2.34554 0.613768 0)
(2.35391 0.611994 0)
(2.36171 0.602418 0)
(2.36326 0.5789 0)
(2.36151 0.553465 0)
(2.36678 0.541395 0)
(2.37594 0.538575 0)
(2.38472 0.53605 0)
(2.39418 0.531347 0)
(2.40521 0.526206 0)
(2.41648 0.521613 0)
(2.4263 0.518248 0)
(2.43651 0.513049 0)
(2.44213 0.50354 0)
(2.43597 0.485766 0)
(2.42376 0.46107 0)
(2.42881 0.452105 0)
(2.43897 0.45033 0)
(2.44945 0.444164 0)
(2.46073 0.438827 0)
(2.47421 0.433168 0)
(2.48431 0.427699 0)
(2.49242 0.423688 0)
(2.50016 0.418784 0)
(2.50395 0.409319 0)
(2.49567 0.392393 0)
(2.48906 0.374488 0)
(2.49396 0.366834 0)
(2.50374 0.363339 0)
(2.51411 0.35912 0)
(2.52337 0.353255 0)
(2.53261 0.348156 0)
(2.54217 0.34387 0)
(2.54942 0.33839 0)
(2.5504 0.327476 0)
(2.54042 0.309026 0)
(2.53665 0.296326 0)
(2.54474 0.295782 0)
(2.5543 0.293966 0)
(2.56087 0.290759 0)
(2.55981 0.270716 0)
(2.50834 0.165064 0)
(2.37352 -0.0617212 0)
(2.20698 -0.300018 0)
(2.17222 -0.323071 0)
(2.14116 -0.358703 0)
(2.13572 -0.404748 0)
(2.13991 -0.412134 0)
(2.1502 -0.403448 0)
(2.16461 -0.383004 0)
(2.17446 -0.378595 0)
(2.18095 -0.384344 0)
(2.1836 -0.398757 0)
(2.18989 -0.4131 0)
(2.20015 -0.417113 0)
(2.21114 -0.418697 0)
(2.22284 -0.418511 0)
(2.23251 -0.41892 0)
(2.23704 -0.422633 0)
(2.23944 -0.432505 0)
(2.24321 -0.438827 0)
(2.24354 -0.44507 0)
(2.23567 -0.463358 0)
(2.20381 -0.506553 0)
(2.15561 -0.572698 0)
(2.12047 -0.608867 0)
(2.09891 -0.631325 0)
(2.09076 -0.641309 0)
(2.09494 -0.652485 0)
(2.10676 -0.65471 0)
(2.11871 -0.648568 0)
(2.13662 -0.641829 0)
(2.15284 -0.640297 0)
(2.16314 -0.643547 0)
(2.17265 -0.647633 0)
(2.17766 -0.65339 0)
(2.17615 -0.661396 0)
(2.17779 -0.66599 0)
(2.18637 -0.666829 0)
(2.19572 -0.665348 0)
(2.20865 -0.661417 0)
(2.22032 -0.658381 0)
(2.23041 -0.660966 0)
(2.23871 -0.664183 0)
(2.24126 -0.668244 0)
(2.24179 -0.673544 0)
(2.24968 -0.676305 0)
(2.25859 -0.677027 0)
(2.26864 -0.675881 0)
(2.27979 -0.673673 0)
(2.28877 -0.673602 0)
(2.29747 -0.674867 0)
(2.30428 -0.676949 0)
(2.30804 -0.680694 0)
(2.30995 -0.68458 0)
(2.31433 -0.685983 0)
(2.32043 -0.68541 0)
(2.32597 -0.683494 0)
(2.3316 -0.681063 0)
(2.33964 -0.680248 0)
(2.34805 -0.680536 0)
(2.35649 -0.681984 0)
(2.3648 -0.684036 0)
(2.37235 -0.686071 0)
(2.37812 -0.688072 0)
(2.38056 -0.689507 0)
(2.38191 -0.689335 0)
(2.17133 0.817866 0)
(2.19456 0.794608 0)
(2.21145 0.771013 0)
(2.22134 0.761322 0)
(2.22283 0.765754 0)
(2.21719 0.776809 0)
(2.21329 0.779119 0)
(2.22115 0.764315 0)
(2.24144 0.739494 0)
(2.2595 0.712246 0)
(2.26991 0.693818 0)
(2.27215 0.689405 0)
(2.26903 0.696582 0)
(2.26537 0.703567 0)
(2.26966 0.699524 0)
(2.28638 0.685781 0)
(2.30379 0.664237 0)
(2.3164 0.645123 0)
(2.3236 0.634728 0)
(2.3279 0.632519 0)
(2.33271 0.633199 0)
(2.33962 0.633079 0)
(2.34772 0.631041 0)
(2.35407 0.623643 0)
(2.35523 0.601047 0)
(2.35351 0.572932 0)
(2.35785 0.558525 0)
(2.36693 0.556336 0)
(2.3757 0.554448 0)
(2.38558 0.549759 0)
(2.39636 0.544426 0)
(2.40799 0.539845 0)
(2.41988 0.535249 0)
(2.43013 0.530662 0)
(2.43712 0.523547 0)
(2.43382 0.508822 0)
(2.41881 0.486459 0)
(2.41764 0.467405 0)
(2.42841 0.466701 0)
(2.44114 0.462461 0)
(2.4524 0.456009 0)
(2.46402 0.451138 0)
(2.47641 0.446246 0)
(2.48592 0.44164 0)
(2.49362 0.437468 0)
(2.49964 0.431346 0)
(2.49691 0.418471 0)
(2.48445 0.397788 0)
(2.48599 0.385551 0)
(2.49263 0.379996 0)
(2.50403 0.376103 0)
(2.5154 0.371812 0)
(2.52487 0.366077 0)
(2.53387 0.360934 0)
(2.54261 0.35627 0)
(2.54741 0.348211 0)
(2.54115 0.332576 0)
(2.53151 0.316202 0)
(2.53799 0.313129 0)
(2.54728 0.311995 0)
(2.55068 0.304743 0)
(2.53944 0.265631 0)
(2.45593 0.103813 0)
(2.33677 -0.0777402 0)
(2.19265 -0.276681 0)
(2.11272 -0.392169 0)
(2.10247 -0.385608 0)
(2.12594 -0.375005 0)
(2.15114 -0.371264 0)
(2.15857 -0.374809 0)
(2.16524 -0.379778 0)
(2.1724 -0.381733 0)
(2.17557 -0.384377 0)
(2.18187 -0.391479 0)
(2.19139 -0.397601 0)
(2.20115 -0.400829 0)
(2.21022 -0.403647 0)
(2.21985 -0.405669 0)
(2.23006 -0.406838 0)
(2.23791 -0.407318 0)
(2.24079 -0.412087 0)
(2.24365 -0.420612 0)
(2.2431 -0.426754 0)
(2.2351 -0.444991 0)
(2.20836 -0.482487 0)
(2.15365 -0.554674 0)
(2.12622 -0.591881 0)
(2.10199 -0.612208 0)
(2.09884 -0.620638 0)
(2.09891 -0.634442 0)
(2.1063 -0.639452 0)
(2.1169 -0.637984 0)
(2.13069 -0.631576 0)
(2.14973 -0.627205 0)
(2.16146 -0.628702 0)
(2.17184 -0.632998 0)
(2.17867 -0.638176 0)
(2.17907 -0.645385 0)
(2.17814 -0.652068 0)
(2.18569 -0.653736 0)
(2.19467 -0.652629 0)
(2.20578 -0.648369 0)
(2.21804 -0.643751 0)
(2.22798 -0.645532 0)
(2.23753 -0.649187 0)
(2.2421 -0.654785 0)
(2.242 -0.661671 0)
(2.24764 -0.664486 0)
(2.25664 -0.66475 0)
(2.26668 -0.662829 0)
(2.27784 -0.659954 0)
(2.28705 -0.659853 0)
(2.296 -0.661541 0)
(2.30314 -0.66368 0)
(2.30762 -0.6668 0)
(2.31017 -0.670108 0)
(2.31503 -0.671556 0)
(2.32178 -0.671455 0)
(2.32851 -0.670867 0)
(2.33422 -0.669785 0)
(2.33911 -0.668289 0)
(2.34546 -0.66738 0)
(2.3533 -0.667557 0)
(2.36134 -0.668247 0)
(2.36895 -0.669174 0)
(2.37563 -0.670544 0)
(2.38056 -0.672794 0)
(2.38348 -0.674991 0)
(2.38786 -0.675369 0)
(2.18107 0.819568 0)
(2.20181 0.791761 0)
(2.21456 0.774802 0)
(2.21836 0.773831 0)
(2.21367 0.784503 0)
(2.20667 0.79225 0)
(2.21019 0.78415 0)
(2.22838 0.765009 0)
(2.24985 0.737564 0)
(2.264 0.713314 0)
(2.26858 0.703145 0)
(2.26512 0.707474 0)
(2.26039 0.715826 0)
(2.26036 0.716036 0)
(2.27177 0.704504 0)
(2.2921 0.686194 0)
(2.30785 0.66575 0)
(2.31789 0.65353 0)
(2.32371 0.650417 0)
(2.32852 0.65152 0)
(2.3347 0.652447 0)
(2.34218 0.6509 0)
(2.34814 0.642554 0)
(2.34681 0.621904 0)
(2.34395 0.592582 0)
(2.34915 0.574783 0)
(2.3583 0.572479 0)
(2.36704 0.571939 0)
(2.37627 0.568074 0)
(2.38785 0.563133 0)
(2.39957 0.558059 0)
(2.41184 0.553361 0)
(2.42386 0.548508 0)
(2.4324 0.541897 0)
(2.43121 0.529238 0)
(2.4165 0.509491 0)
(2.40779 0.489728 0)
(2.41709 0.482317 0)
(2.42933 0.478911 0)
(2.44391 0.474146 0)
(2.45603 0.468086 0)
(2.4673 0.464019 0)
(2.47837 0.460515 0)
(2.48752 0.456708 0)
(2.49466 0.451369 0)
(2.49658 0.441657 0)
(2.48488 0.421246 0)
(2.47637 0.404803 0)
(2.48386 0.398223 0)
(2.49164 0.392397 0)
(2.5045 0.387673 0)
(2.51624 0.383547 0)
(2.52567 0.378476 0)
(2.53487 0.372411 0)
(2.54196 0.367954 0)
(2.54413 0.355978 0)
(2.53387 0.34086 0)
(2.52995 0.330327 0)
(2.5386 0.328242 0)
(2.53999 0.314691 0)
(2.50294 0.241282 0)
(2.38785 0.0356075 0)
(2.29975 -0.149234 0)
(2.14761 -0.280466 0)
(2.10217 -0.374941 0)
(2.09592 -0.39795 0)
(2.10227 -0.383677 0)
(2.13266 -0.354287 0)
(2.15902 -0.342623 0)
(2.17236 -0.347418 0)
(2.17934 -0.359797 0)
(2.17904 -0.371844 0)
(2.17728 -0.378643 0)
(2.18585 -0.379982 0)
(2.19813 -0.38094 0)
(2.20966 -0.382785 0)
(2.22072 -0.387108 0)
(2.23056 -0.391513 0)
(2.23848 -0.393691 0)
(2.24155 -0.39715 0)
(2.24386 -0.406681 0)
(2.24328 -0.412406 0)
(2.23637 -0.42656 0)
(2.21095 -0.461131 0)
(2.15582 -0.531452 0)
(2.12635 -0.571687 0)
(2.10124 -0.597816 0)
(2.09769 -0.608077 0)
(2.10048 -0.618599 0)
(2.10761 -0.625623 0)
(2.11799 -0.626101 0)
(2.12895 -0.621527 0)
(2.14528 -0.615612 0)
(2.15889 -0.613759 0)
(2.16957 -0.617028 0)
(2.17799 -0.6212 0)
(2.18072 -0.62779 0)
(2.17896 -0.63618 0)
(2.18479 -0.639223 0)
(2.19357 -0.638801 0)
(2.20415 -0.634725 0)
(2.21633 -0.630018 0)
(2.22644 -0.631273 0)
(2.23626 -0.634449 0)
(2.24191 -0.638367 0)
(2.24216 -0.643244 0)
(2.24597 -0.64667 0)
(2.25469 -0.647917 0)
(2.26411 -0.647503 0)
(2.27536 -0.646345 0)
(2.28516 -0.6466 0)
(2.29451 -0.648253 0)
(2.30204 -0.649776 0)
(2.30628 -0.652699 0)
(2.30895 -0.657037 0)
(2.31508 -0.659311 0)
(2.32261 -0.659703 0)
(2.32992 -0.659494 0)
(2.33652 -0.658377 0)
(2.34194 -0.656675 0)
(2.34673 -0.655439 0)
(2.35221 -0.654808 0)
(2.35886 -0.654694 0)
(2.366 -0.655091 0)
(2.3728 -0.655963 0)
(2.37865 -0.657193 0)
(2.3828 -0.659103 0)
(2.38692 -0.660408 0)
(2.39327 -0.66079 0)
(2.18963 0.814071 0)
(2.20498 0.790268 0)
(2.2117 0.783124 0)
(2.2093 0.791165 0)
(2.20175 0.802759 0)
(2.20059 0.801101 0)
(2.21472 0.787272 0)
(2.23786 0.76304 0)
(2.25633 0.734266 0)
(2.26509 0.717771 0)
(2.26306 0.718147 0)
(2.25645 0.727439 0)
(2.25432 0.731015 0)
(2.25948 0.722295 0)
(2.27717 0.707804 0)
(2.2972 0.688337 0)
(2.3101 0.673014 0)
(2.31818 0.66831 0)
(2.32366 0.669455 0)
(2.32958 0.670865 0)
(2.33662 0.670078 0)
(2.34227 0.662026 0)
(2.34062 0.641087 0)
(2.33375 0.611756 0)
(2.33928 0.591809 0)
(2.3495 0.587916 0)
(2.35818 0.588155 0)
(2.36727 0.585905 0)
(2.37852 0.581555 0)
(2.39143 0.576813 0)
(2.40369 0.571294 0)
(2.41623 0.566631 0)
(2.42661 0.561033 0)
(2.42902 0.550026 0)
(2.41535 0.529081 0)
(2.40128 0.509288 0)
(2.40667 0.503105 0)
(2.41737 0.497635 0)
(2.43104 0.490159 0)
(2.4468 0.485651 0)
(2.45946 0.480603 0)
(2.46983 0.477554 0)
(2.47958 0.475414 0)
(2.48819 0.471958 0)
(2.49337 0.463889 0)
(2.48723 0.446158 0)
(2.47075 0.422605 0)
(2.47354 0.415468 0)
(2.48278 0.410567 0)
(2.49184 0.403434 0)
(2.50483 0.398555 0)
(2.51645 0.39477 0)
(2.52582 0.39028 0)
(2.53478 0.385045 0)
(2.54113 0.378844 0)
(2.53884 0.367482 0)
(2.52958 0.353773 0)
(2.52947 0.340603 0)
(2.52163 0.315424 0)
(2.47296 0.221728 0)
(2.31612 -0.0316791 0)
(2.17961 -0.260915 0)
(2.1581 -0.292621 0)
(2.13321 -0.293392 0)
(2.1228 -0.326291 0)
(2.12149 -0.355681 0)
(2.13006 -0.355618 0)
(2.14877 -0.340677 0)
(2.16469 -0.328859 0)
(2.1782 -0.330984 0)
(2.1851 -0.340901 0)
(2.18288 -0.359608 0)
(2.1837 -0.372373 0)
(2.19422 -0.374646 0)
(2.20591 -0.373048 0)
(2.21778 -0.370786 0)
(2.22978 -0.372137 0)
(2.23989 -0.374647 0)
(2.24478 -0.378972 0)
(2.24536 -0.39122 0)
(2.24331 -0.398251 0)
(2.23778 -0.408491 0)
(2.21132 -0.442639 0)
(2.16341 -0.501324 0)
(2.12807 -0.549372 0)
(2.09972 -0.583247 0)
(2.09435 -0.595915 0)
(2.09796 -0.603467 0)
(2.10703 -0.610152 0)
(2.11793 -0.610933 0)
(2.12903 -0.607755 0)
(2.14297 -0.604491 0)
(2.15678 -0.602422 0)
(2.16736 -0.604469 0)
(2.17622 -0.607238 0)
(2.18069 -0.612262 0)
(2.18002 -0.619627 0)
(2.18394 -0.623541 0)
(2.19254 -0.624168 0)
(2.20261 -0.621546 0)
(2.21505 -0.617786 0)
(2.22544 -0.618026 0)
(2.2356 -0.619825 0)
(2.24193 -0.622148 0)
(2.24269 -0.627821 0)
(2.24561 -0.633734 0)
(2.25425 -0.635158 0)
(2.26317 -0.634356 0)
(2.27368 -0.632348 0)
(2.28331 -0.63141 0)
(2.29265 -0.633029 0)
(2.30092 -0.63543 0)
(2.30636 -0.639193 0)
(2.30868 -0.643536 0)
(2.31431 -0.64531 0)
(2.32219 -0.645103 0)
(2.32975 -0.644755 0)
(2.33692 -0.644658 0)
(2.34324 -0.644588 0)
(2.34857 -0.644466 0)
(2.35349 -0.644673 0)
(2.359 -0.6448 0)
(2.36522 -0.644172 0)
(2.37136 -0.642692 0)
(2.3762 -0.640983 0)
(2.37842 -0.639749 0)
(2.38306 -0.641667 0)
(2.39053 -0.643988 0)
(2.39738 -0.645492 0)
(2.19295 0.807598 0)
(2.20232 0.793114 0)
(2.20352 0.796165 0)
(2.1983 0.809837 0)
(2.19406 0.815754 0)
(2.20198 0.806861 0)
(2.22337 0.78865 0)
(2.24549 0.757397 0)
(2.25822 0.734096 0)
(2.25976 0.729289 0)
(2.25329 0.738663 0)
(2.24876 0.745427 0)
(2.25149 0.740585 0)
(2.26323 0.726281 0)
(2.28397 0.711626 0)
(2.30088 0.693601 0)
(2.31114 0.685803 0)
(2.31754 0.686639 0)
(2.32317 0.688502 0)
(2.32982 0.688073 0)
(2.33562 0.68071 0)
(2.33486 0.660285 0)
(2.32691 0.629868 0)
(2.32919 0.608426 0)
(2.34024 0.603794 0)
(2.34906 0.603908 0)
(2.35811 0.603142 0)
(2.36885 0.59955 0)
(2.38203 0.596013 0)
(2.39595 0.589723 0)
(2.40829 0.58427 0)
(2.41949 0.579665 0)
(2.42493 0.571065 0)
(2.41534 0.551402 0)
(2.39669 0.52835 0)
(2.39776 0.519262 0)
(2.40839 0.516398 0)
(2.41959 0.508075 0)
(2.4331 0.501612 0)
(2.44961 0.498153 0)
(2.46189 0.493865 0)
(2.47091 0.492342 0)
(2.47956 0.490957 0)
(2.48712 0.486241 0)
(2.48729 0.472743 0)
(2.4712 0.446068 0)
(2.46277 0.42796 0)
(2.47279 0.426242 0)
(2.48338 0.420813 0)
(2.49309 0.414635 0)
(2.50468 0.410368 0)
(2.51603 0.40676 0)
(2.52568 0.402496 0)
(2.53496 0.397884 0)
(2.5384 0.393084 0)
(2.53347 0.378856 0)
(2.52407 0.349903 0)
(2.5013 0.310193 0)
(2.404 0.145208 0)
(2.26175 -0.0795435 0)
(2.18291 -0.228618 0)
(2.1089 -0.324361 0)
(2.10014 -0.33092 0)
(2.11664 -0.319313 0)
(2.13233 -0.324282 0)
(2.13968 -0.325055 0)
(2.14853 -0.324956 0)
(2.16165 -0.326635 0)
(2.17426 -0.328011 0)
(2.18468 -0.329758 0)
(2.18729 -0.337265 0)
(2.18564 -0.349033 0)
(2.19281 -0.354753 0)
(2.20204 -0.356159 0)
(2.21389 -0.356354 0)
(2.22564 -0.357111 0)
(2.23811 -0.358862 0)
(2.24758 -0.360908 0)
(2.25015 -0.369764 0)
(2.24481 -0.382891 0)
(2.23828 -0.391816 0)
(2.21431 -0.424255 0)
(2.16875 -0.478603 0)
(2.12514 -0.53097 0)
(2.10102 -0.56751 0)
(2.09502 -0.585063 0)
(2.09707 -0.58853 0)
(2.10441 -0.592701 0)
(2.11516 -0.592712 0)
(2.12692 -0.590722 0)
(2.14043 -0.590337 0)
(2.15379 -0.590857 0)
(2.16467 -0.593025 0)
(2.17437 -0.594695 0)
(2.17989 -0.596755 0)
(2.17959 -0.602238 0)
(2.1828 -0.607563 0)
(2.19151 -0.608881 0)
(2.20107 -0.60762 0)
(2.21331 -0.605102 0)
(2.22396 -0.604751 0)
(2.2347 -0.606924 0)
(2.24307 -0.609503 0)
(2.2458 -0.614182 0)
(2.24608 -0.618778 0)
(2.25357 -0.619763 0)
(2.26248 -0.6192 0)
(2.27245 -0.616747 0)
(2.28171 -0.616184 0)
(2.2911 -0.618107 0)
(2.29947 -0.620604 0)
(2.30563 -0.624296 0)
(2.30885 -0.628516 0)
(2.31356 -0.630794 0)
(2.32137 -0.6309 0)
(2.32915 -0.630794 0)
(2.33664 -0.630978 0)
(2.34339 -0.631412 0)
(2.34899 -0.63181 0)
(2.35369 -0.632065 0)
(2.3587 -0.632354 0)
(2.36472 -0.632557 0)
(2.37123 -0.632189 0)
(2.37738 -0.631045 0)
(2.38205 -0.629646 0)
(2.384 -0.628554 0)
(2.38772 -0.627602 0)
(2.39433 -0.627794 0)
(2.40135 -0.628778 0)
(2.19102 0.807477 0)
(2.19528 0.801434 0)
(2.1944 0.813254 0)
(2.19069 0.825338 0)
(2.19244 0.824269 0)
(2.20815 0.810937 0)
(2.23215 0.782736 0)
(2.24846 0.752704 0)
(2.25445 0.74057 0)
(2.25102 0.747656 0)
(2.24487 0.75824 0)
(2.24503 0.758124 0)
(2.25264 0.745247 0)
(2.27009 0.733042 0)
(2.2905 0.715452 0)
(2.30315 0.703285 0)
(2.31069 0.702449 0)
(2.31564 0.705125 0)
(2.3212 0.705507 0)
(2.32694 0.698782 0)
(2.32801 0.679146 0)
(2.3215 0.648085 0)
(2.32147 0.624325 0)
(2.33077 0.61968 0)
(2.34015 0.619462 0)
(2.34908 0.620275 0)
(2.35893 0.618156 0)
(2.37172 0.615147 0)
(2.38693 0.609243 0)
(2.40061 0.60209 0)
(2.41205 0.597067 0)
(2.419 0.590401 0)
(2.41374 0.573624 0)
(2.39385 0.549053 0)
(2.39009 0.535117 0)
(2.39775 0.534238 0)
(2.41231 0.526122 0)
(2.42164 0.519741 0)
(2.4365 0.514322 0)
(2.4528 0.510437 0)
(2.46333 0.508107 0)
(2.47136 0.507734 0)
(2.47893 0.506024 0)
(2.48372 0.497478 0)
(2.47439 0.474734 0)
(2.45856 0.446872 0)
(2.46138 0.437599 0)
(2.47248 0.43548 0)
(2.48438 0.432155 0)
(2.49419 0.427418 0)
(2.50445 0.423791 0)
(2.51563 0.419925 0)
(2.52624 0.416727 0)
(2.53258 0.414508 0)
(2.53371 0.405424 0)
(2.51697 0.3563 0)
(2.46566 0.275892 0)
(2.32781 0.0573681 0)
(2.20228 -0.157988 0)
(2.16124 -0.204961 0)
(2.13685 -0.264919 0)
(2.11402 -0.311458 0)
(2.10303 -0.32742 0)
(2.11696 -0.321013 0)
(2.1378 -0.310383 0)
(2.15346 -0.306117 0)
(2.16664 -0.309706 0)
(2.17558 -0.31435 0)
(2.18405 -0.317763 0)
(2.18638 -0.321099 0)
(2.184 -0.32929 0)
(2.19113 -0.336641 0)
(2.20113 -0.339794 0)
(2.21234 -0.342907 0)
(2.22451 -0.343783 0)
(2.2358 -0.344929 0)
(2.2469 -0.346218 0)
(2.25367 -0.349217 0)
(2.24965 -0.364122 0)
(2.24071 -0.37937 0)
(2.21808 -0.409745 0)
(2.17795 -0.456176 0)
(2.1194 -0.523086 0)
(2.10175 -0.546006 0)
(2.0985 -0.567932 0)
(2.10152 -0.571308 0)
(2.10576 -0.574862 0)
(2.1119 -0.574825 0)
(2.12291 -0.574468 0)
(2.13574 -0.575059 0)
(2.14939 -0.577022 0)
(2.16082 -0.580008 0)
(2.17146 -0.58286 0)
(2.18003 -0.585303 0)
(2.18304 -0.588517 0)
(2.18292 -0.592065 0)
(2.19044 -0.593319 0)
(2.1995 -0.593266 0)
(2.2109 -0.59162 0)
(2.2222 -0.590941 0)
(2.23293 -0.593413 0)
(2.24266 -0.596356 0)
(2.24844 -0.60018 0)
(2.24887 -0.604785 0)
(2.2537 -0.606992 0)
(2.26284 -0.607286 0)
(2.27231 -0.606098 0)
(2.28152 -0.60501 0)
(2.29021 -0.605 0)
(2.29782 -0.60522 0)
(2.30312 -0.606411 0)
(2.30567 -0.609852 0)
(2.31147 -0.613742 0)
(2.31988 -0.615085 0)
(2.328 -0.615532 0)
(2.33583 -0.6155 0)
(2.34291 -0.615615 0)
(2.34886 -0.616337 0)
(2.35341 -0.617804 0)
(2.35745 -0.619714 0)
(2.36291 -0.621287 0)
(2.36988 -0.621753 0)
(2.3772 -0.62112 0)
(2.38391 -0.620246 0)
(2.38903 -0.619136 0)
(2.39103 -0.616244 0)
(2.39237 -0.612824 0)
(2.39771 -0.611768 0)
(2.40471 -0.611956 0)
(2.18539 0.812869 0)
(2.1887 0.814622 0)
(2.18834 0.829481 0)
(2.18796 0.837312 0)
(2.19464 0.830061 0)
(2.21482 0.810228 0)
(2.23521 0.778371 0)
(2.24464 0.756711 0)
(2.24535 0.756796 0)
(2.24064 0.769639 0)
(2.23935 0.774606 0)
(2.24455 0.7656 0)
(2.25808 0.751939 0)
(2.27867 0.736985 0)
(2.29397 0.72122 0)
(2.30329 0.716651 0)
(2.30795 0.719816 0)
(2.31142 0.721881 0)
(2.31598 0.716598 0)
(2.31916 0.698009 0)
(2.31576 0.666597 0)
(2.31546 0.640698 0)
(2.32278 0.635008 0)
(2.33173 0.635414 0)
(2.34025 0.636888 0)
(2.34943 0.6369 0)
(2.36139 0.634287 0)
(2.37653 0.629097 0)
(2.39204 0.620705 0)
(2.40452 0.614207 0)
(2.41264 0.607707 0)
(2.41001 0.593776 0)
(2.3915 0.570631 0)
(2.38199 0.552448 0)
(2.38907 0.550645 0)
(2.39991 0.546407 0)
(2.416 0.535972 0)
(2.42542 0.531471 0)
(2.44121 0.52643 0)
(2.45513 0.52353 0)
(2.46422 0.523183 0)
(2.47135 0.523106 0)
(2.47708 0.519107 0)
(2.47421 0.501355 0)
(2.45616 0.472295 0)
(2.45549 0.45544 0)
(2.46142 0.450674 0)
(2.47373 0.446947 0)
(2.48593 0.444469 0)
(2.49521 0.44123 0)
(2.50539 0.438134 0)
(2.51641 0.435195 0)
(2.52314 0.435956 0)
(2.52377 0.419115 0)
(2.50271 0.358738 0)
(2.42464 0.222608 0)
(2.26002 -0.0034996 0)
(2.1475 -0.201198 0)
(2.11633 -0.261833 0)
(2.11592 -0.266118 0)
(2.12325 -0.279517 0)
(2.12017 -0.299807 0)
(2.12161 -0.307616 0)
(2.13007 -0.306709 0)
(2.14522 -0.296728 0)
(2.16312 -0.291201 0)
(2.17575 -0.29258 0)
(2.18682 -0.297396 0)
(2.19225 -0.306297 0)
(2.18839 -0.318046 0)
(2.18883 -0.324239 0)
(2.19917 -0.32476 0)
(2.20956 -0.324382 0)
(2.2215 -0.323602 0)
(2.23337 -0.324992 0)
(2.24527 -0.327797 0)
(2.25358 -0.330375 0)
(2.25457 -0.340428 0)
(2.24214 -0.361302 0)
(2.22215 -0.393751 0)
(2.18644 -0.434426 0)
(2.11833 -0.50856 0)
(2.09965 -0.534694 0)
(2.09673 -0.552871 0)
(2.10257 -0.553387 0)
(2.11029 -0.55618 0)
(2.11506 -0.560346 0)
(2.11991 -0.561432 0)
(2.1306 -0.562604 0)
(2.14296 -0.564149 0)
(2.15646 -0.566547 0)
(2.16766 -0.569312 0)
(2.17814 -0.571945 0)
(2.18609 -0.574306 0)
(2.18778 -0.576509 0)
(2.18978 -0.577625 0)
(2.19865 -0.578556 0)
(2.20839 -0.578957 0)
(2.21969 -0.578549 0)
(2.23031 -0.580071 0)
(2.24076 -0.582273 0)
(2.2488 -0.585042 0)
(2.2516 -0.589353 0)
(2.25392 -0.592838 0)
(2.26264 -0.593304 0)
(2.27177 -0.592375 0)
(2.28086 -0.591008 0)
(2.28947 -0.590675 0)
(2.29736 -0.591579 0)
(2.30368 -0.594458 0)
(2.30729 -0.599096 0)
(2.3111 -0.60191 0)
(2.3189 -0.601479 0)
(2.3269 -0.600659 0)
(2.33476 -0.600094 0)
(2.34214 -0.599881 0)
(2.34859 -0.600281 0)
(2.35348 -0.601557 0)
(2.3568 -0.603674 0)
(2.36026 -0.60586 0)
(2.36637 -0.606955 0)
(2.37413 -0.607178 0)
(2.38207 -0.607234 0)
(2.38978 -0.607321 0)
(2.39597 -0.607249 0)
(2.39864 -0.605994 0)
(2.39946 -0.60284 0)
(2.40379 -0.600214 0)
(2.41019 -0.598879 0)
(2.18018 0.82289 0)
(2.18403 0.830015 0)
(2.18545 0.842383 0)
(2.18742 0.845193 0)
(2.19681 0.833586 0)
(2.21825 0.810752 0)
(2.23357 0.781603 0)
(2.23895 0.768854 0)
(2.23769 0.778191 0)
(2.23557 0.787311 0)
(2.23885 0.78426 0)
(2.24816 0.769641 0)
(2.2654 0.757687 0)
(2.28358 0.739632 0)
(2.29447 0.730101 0)
(2.30006 0.731788 0)
(2.30195 0.73577 0)
(2.30438 0.733156 0)
(2.30822 0.716661 0)
(2.30897 0.685873 0)
(2.31006 0.657646 0)
(2.31682 0.650148 0)
(2.32477 0.65151 0)
(2.3323 0.653323 0)
(2.34052 0.655103 0)
(2.35139 0.653315 0)
(2.36571 0.649232 0)
(2.38269 0.63998 0)
(2.39608 0.631599 0)
(2.4058 0.624168 0)
(2.40539 0.611827 0)
(2.38914 0.590714 0)
(2.37499 0.571012 0)
(2.37948 0.56665 0)
(2.38962 0.564531 0)
(2.40542 0.557072 0)
(2.4186 0.547631 0)
(2.43022 0.54294 0)
(2.44499 0.539922 0)
(2.45631 0.538842 0)
(2.46428 0.539105 0)
(2.47018 0.537631 0)
(2.47055 0.526114 0)
(2.45642 0.497049 0)
(2.44763 0.473733 0)
(2.45575 0.468994 0)
(2.46348 0.464082 0)
(2.47647 0.459724 0)
(2.48821 0.457592 0)
(2.49693 0.456628 0)
(2.50651 0.453426 0)
(2.51675 0.454281 0)
(2.50737 0.428042 0)
(2.46866 0.334046 0)
(2.3524 0.136693 0)
(2.23849 -0.0345792 0)
(2.11009 -0.222684 0)
(2.09564 -0.272731 0)
(2.10002 -0.260121 0)
(2.11039 -0.253071 0)
(2.12858 -0.261483 0)
(2.1322 -0.276181 0)
(2.13737 -0.277799 0)
(2.14398 -0.276533 0)
(2.15803 -0.276402 0)
(2.17091 -0.277591 0)
(2.18357 -0.280127 0)
(2.19308 -0.284867 0)
(2.19464 -0.294062 0)
(2.19028 -0.304976 0)
(2.19696 -0.308672 0)
(2.20754 -0.309285 0)
(2.219 -0.309419 0)
(2.23153 -0.310029 0)
(2.24382 -0.312048 0)
(2.25297 -0.313539 0)
(2.25728 -0.319491 0)
(2.24522 -0.339198 0)
(2.22602 -0.374517 0)
(2.18903 -0.417213 0)
(2.12077 -0.489076 0)
(2.09966 -0.520478 0)
(2.096 -0.539157 0)
(2.10181 -0.53931 0)
(2.11131 -0.539261 0)
(2.11977 -0.54333 0)
(2.12228 -0.547495 0)
(2.12717 -0.549688 0)
(2.13787 -0.551872 0)
(2.14996 -0.55375 0)
(2.16382 -0.555133 0)
(2.17487 -0.55694 0)
(2.18538 -0.559301 0)
(2.19308 -0.561761 0)
(2.19482 -0.564102 0)
(2.1982 -0.565336 0)
(2.20748 -0.566384 0)
(2.21738 -0.566834 0)
(2.22751 -0.567439 0)
(2.23767 -0.569231 0)
(2.24707 -0.571306 0)
(2.25323 -0.574059 0)
(2.25485 -0.577119 0)
(2.26128 -0.57823 0)
(2.27052 -0.578459 0)
(2.27978 -0.578758 0)
(2.28903 -0.579447 0)
(2.29747 -0.580228 0)
(2.30364 -0.581425 0)
(2.3066 -0.583558 0)
(2.30901 -0.585832 0)
(2.31628 -0.586259 0)
(2.32477 -0.585948 0)
(2.33324 -0.585528 0)
(2.34122 -0.585053 0)
(2.34822 -0.584636 0)
(2.35368 -0.584728 0)
(2.35699 -0.586019 0)
(2.35876 -0.588374 0)
(2.36326 -0.590735 0)
(2.37112 -0.592125 0)
(2.37897 -0.593132 0)
(2.38717 -0.594156 0)
(2.39518 -0.595242 0)
(2.40182 -0.595929 0)
(2.40538 -0.595139 0)
(2.40658 -0.59239 0)
(2.41019 -0.589744 0)
(2.41648 -0.588374 0)
(2.17759 0.829482 0)
(2.18409 0.841262 0)
(2.18444 0.853035 0)
(2.18489 0.851401 0)
(2.19909 0.838557 0)
(2.22011 0.811302 0)
(2.23187 0.786564 0)
(2.23486 0.786211 0)
(2.23217 0.798988 0)
(2.23278 0.802672 0)
(2.23895 0.790197 0)
(2.25233 0.776215 0)
(2.27152 0.758647 0)
(2.2833 0.743662 0)
(2.29062 0.741316 0)
(2.29198 0.747299 0)
(2.29332 0.747794 0)
(2.29742 0.735063 0)
(2.3009 0.707339 0)
(2.30435 0.675537 0)
(2.31154 0.665032 0)
(2.31902 0.667261 0)
(2.3257 0.67063 0)
(2.33211 0.673057 0)
(2.34129 0.672512 0)
(2.35503 0.669316 0)
(2.37265 0.660328 0)
(2.38735 0.649425 0)
(2.39804 0.64037 0)
(2.4001 0.62846 0)
(2.38689 0.609209 0)
(2.36956 0.588922 0)
(2.37026 0.582307 0)
(2.37969 0.581856 0)
(2.39329 0.575882 0)
(2.41131 0.566662 0)
(2.42287 0.559391 0)
(2.43548 0.556258 0)
(2.44748 0.555475 0)
(2.45677 0.555454 0)
(2.46336 0.554966 0)
(2.46559 0.548029 0)
(2.4552 0.523463 0)
(2.44205 0.494172 0)
(2.44768 0.486447 0)
(2.45771 0.481808 0)
(2.46679 0.476548 0)
(2.47967 0.47453 0)
(2.49029 0.472798 0)
(2.49895 0.472304 0)
(2.50393 0.467861 0)
(2.4919 0.428106 0)
(2.41778 0.287824 0)
(2.29641 0.0697795 0)
(2.13038 -0.170764 0)
(2.08847 -0.213952 0)
(2.1045 -0.261301 0)
(2.10889 -0.266058 0)
(2.11103 -0.261303 0)
(2.11865 -0.248119 0)
(2.12701 -0.245299 0)
(2.13588 -0.253502 0)
(2.14806 -0.259024 0)
(2.16032 -0.262879 0)
(2.17143 -0.266834 0)
(2.18151 -0.268788 0)
(2.19072 -0.270605 0)
(2.19595 -0.275844 0)
(2.19484 -0.287955 0)
(2.19727 -0.297141 0)
(2.20737 -0.2987 0)
(2.2182 -0.298535 0)
(2.23017 -0.296592 0)
(2.24202 -0.2967 0)
(2.25223 -0.297964 0)
(2.25827 -0.302618 0)
(2.24891 -0.319161 0)
(2.22917 -0.356867 0)
(2.19209 -0.400143 0)
(2.12488 -0.467682 0)
(2.0986 -0.506561 0)
(2.09583 -0.525182 0)
(2.10106 -0.525182 0)
(2.11051 -0.524541 0)
(2.12136 -0.527752 0)
(2.12736 -0.532862 0)
(2.12764 -0.536302 0)
(2.13505 -0.53861 0)
(2.1457 -0.540514 0)
(2.15821 -0.541696 0)
(2.17157 -0.542466 0)
(2.18236 -0.544568 0)
(2.19281 -0.54714 0)
(2.19993 -0.549999 0)
(2.20189 -0.553004 0)
(2.20715 -0.554331 0)
(2.21665 -0.554642 0)
(2.22605 -0.555448 0)
(2.23551 -0.556871 0)
(2.24463 -0.558456 0)
(2.25251 -0.56021 0)
(2.25684 -0.562209 0)
(2.25978 -0.563512 0)
(2.26808 -0.563958 0)
(2.27732 -0.564617 0)
(2.28662 -0.565386 0)
(2.29558 -0.56617 0)
(2.30322 -0.566993 0)
(2.30701 -0.568751 0)
(2.30792 -0.572308 0)
(2.31413 -0.574227 0)
(2.32278 -0.574252 0)
(2.33155 -0.573626 0)
(2.3401 -0.572491 0)
(2.34783 -0.571359 0)
(2.35418 -0.570737 0)
(2.35826 -0.571127 0)
(2.3597 -0.572564 0)
(2.36177 -0.574147 0)
(2.36828 -0.5745 0)
(2.37564 -0.574592 0)
(2.38333 -0.575295 0)
(2.39138 -0.5767 0)
(2.39913 -0.578428 0)
(2.40562 -0.58021 0)
(2.40973 -0.581715 0)
(2.41238 -0.581945 0)
(2.41701 -0.580903 0)
(2.42363 -0.579644 0)
(2.17832 0.838823 0)
(2.17417 0.859101 0)
(2.17328 0.865716 0)
(2.18262 0.856774 0)
(2.20322 0.837242 0)
(2.21952 0.808874 0)
(2.22622 0.798053 0)
(2.22469 0.808607 0)
(2.2241 0.815679 0)
(2.22997 0.808048 0)
(2.24069 0.791407 0)
(2.25685 0.778009 0)
(2.27081 0.759143 0)
(2.27905 0.750431 0)
(2.28284 0.754947 0)
(2.28271 0.759988 0)
(2.28472 0.754093 0)
(2.29293 0.730124 0)
(2.29741 0.698226 0)
(2.30587 0.679727 0)
(2.31534 0.681585 0)
(2.32061 0.686208 0)
(2.32464 0.69029 0)
(2.33094 0.691286 0)
(2.34389 0.688877 0)
(2.36148 0.681527 0)
(2.37852 0.668396 0)
(2.38996 0.656467 0)
(2.39389 0.643962 0)
(2.38445 0.626695 0)
(2.36596 0.606467 0)
(2.36274 0.597478 0)
(2.37103 0.598458 0)
(2.38324 0.594123 0)
(2.40117 0.585634 0)
(2.4159 0.57742 0)
(2.42845 0.573051 0)
(2.43915 0.57242 0)
(2.44877 0.572593 0)
(2.4562 0.572068 0)
(2.45967 0.567901 0)
(2.45207 0.548133 0)
(2.43661 0.51683 0)
(2.44022 0.502176 0)
(2.44994 0.499347 0)
(2.46114 0.494044 0)
(2.47088 0.491483 0)
(2.48297 0.488733 0)
(2.49075 0.489278 0)
(2.49153 0.477719 0)
(2.45404 0.3949 0)
(2.35997 0.21357 0)
(2.24033 0.020972 0)
(2.10815 -0.189016 0)
(2.08235 -0.225667 0)
(2.09055 -0.205462 0)
(2.10971 -0.208749 0)
(2.12527 -0.216466 0)
(2.13284 -0.227167 0)
(2.13045 -0.23693 0)
(2.13043 -0.24499 0)
(2.14224 -0.248714 0)
(2.15556 -0.24999 0)
(2.16866 -0.251024 0)
(2.18084 -0.253767 0)
(2.1905 -0.258141 0)
(2.19709 -0.263019 0)
(2.19771 -0.269917 0)
(2.19634 -0.276889 0)
(2.20433 -0.278856 0)
(2.21478 -0.279176 0)
(2.22661 -0.278496 0)
(2.23922 -0.279141 0)
(2.25054 -0.280876 0)
(2.25729 -0.284234 0)
(2.25238 -0.295431 0)
(2.23191 -0.332278 0)
(2.19465 -0.379367 0)
(2.12734 -0.445885 0)
(2.09539 -0.492453 0)
(2.09445 -0.512241 0)
(2.10219 -0.51051 0)
(2.10968 -0.509506 0)
(2.12069 -0.511498 0)
(2.12977 -0.516444 0)
(2.13124 -0.520608 0)
(2.13282 -0.523276 0)
(2.14305 -0.525367 0)
(2.15403 -0.527098 0)
(2.16691 -0.52817 0)
(2.17866 -0.529233 0)
(2.18932 -0.531564 0)
(2.19916 -0.534362 0)
(2.20515 -0.538359 0)
(2.20825 -0.541926 0)
(2.2158 -0.542942 0)
(2.22523 -0.543457 0)
(2.23461 -0.544083 0)
(2.24342 -0.544761 0)
(2.2513 -0.545819 0)
(2.25748 -0.547373 0)
(2.26081 -0.548691 0)
(2.26532 -0.548724 0)
(2.2738 -0.548913 0)
(2.28299 -0.550085 0)
(2.29238 -0.552115 0)
(2.30119 -0.554903 0)
(2.30778 -0.558464 0)
(2.31017 -0.561715 0)
(2.31289 -0.561971 0)
(2.32031 -0.560511 0)
(2.32883 -0.559375 0)
(2.3376 -0.558343 0)
(2.346 -0.557489 0)
(2.35352 -0.556972 0)
(2.35916 -0.556959 0)
(2.36149 -0.557819 0)
(2.36217 -0.55942 0)
(2.36716 -0.559587 0)
(2.37437 -0.558928 0)
(2.3817 -0.559068 0)
(2.38918 -0.560052 0)
(2.39647 -0.56124 0)
(2.40307 -0.562435 0)
(2.40853 -0.563997 0)
(2.41247 -0.566338 0)
(2.41624 -0.568536 0)
(2.42224 -0.569409 0)
(2.42952 -0.569319 0)
(2.17258 0.860555 0)
(2.16439 0.8739 0)
(2.16848 0.86917 0)
(2.18586 0.858567 0)
(2.20866 0.832059 0)
(2.21974 0.810862 0)
(2.22198 0.813666 0)
(2.21862 0.823502 0)
(2.22032 0.822259 0)
(2.22753 0.807443 0)
(2.24024 0.796468 0)
(2.25782 0.778433 0)
(2.26641 0.761688 0)
(2.27272 0.760691 0)
(2.27367 0.76869 0)
(2.2743 0.769515 0)
(2.2789 0.753252 0)
(2.29215 0.72336 0)
(2.30004 0.698774 0)
(2.31095 0.696173 0)
(2.31707 0.700887 0)
(2.31835 0.707095 0)
(2.32044 0.70936 0)
(2.33187 0.707065 0)
(2.34937 0.701512 0)
(2.36856 0.688086 0)
(2.38156 0.672609 0)
(2.38685 0.658295 0)
(2.38128 0.642992 0)
(2.364 0.624612 0)
(2.35671 0.613229 0)
(2.36347 0.614275 0)
(2.37432 0.612223 0)
(2.39187 0.604266 0)
(2.40869 0.595329 0)
(2.42186 0.590702 0)
(2.43258 0.589676 0)
(2.44113 0.590351 0)
(2.44869 0.589902 0)
(2.45343 0.585626 0)
(2.44789 0.56939 0)
(2.43193 0.53877 0)
(2.43289 0.518405 0)
(2.44344 0.515373 0)
(2.45383 0.511569 0)
(2.46428 0.50839 0)
(2.47545 0.50632 0)
(2.47984 0.503787 0)
(2.47272 0.47402 0)
(2.40844 0.343213 0)
(2.2706 0.107271 0)
(2.17838 -0.0663775 0)
(2.07472 -0.184238 0)
(2.07499 -0.254916 0)
(2.07704 -0.24866 0)
(2.09997 -0.218127 0)
(2.11398 -0.199007 0)
(2.12999 -0.200319 0)
(2.13862 -0.211139 0)
(2.13512 -0.227881 0)
(2.13839 -0.236647 0)
(2.14919 -0.23734 0)
(2.16209 -0.236906 0)
(2.17537 -0.238257 0)
(2.18787 -0.240524 0)
(2.19807 -0.244126 0)
(2.20169 -0.251022 0)
(2.19814 -0.260697 0)
(2.20224 -0.265463 0)
(2.21235 -0.266142 0)
(2.2237 -0.265797 0)
(2.2364 -0.265494 0)
(2.24842 -0.266097 0)
(2.25723 -0.268336 0)
(2.25446 -0.276653 0)
(2.23308 -0.311421 0)
(2.19623 -0.361563 0)
(2.12954 -0.425033 0)
(2.09089 -0.475852 0)
(2.08951 -0.500072 0)
(2.10191 -0.497525 0)
(2.10929 -0.495515 0)
(2.12002 -0.49491 0)
(2.13057 -0.499193 0)
(2.13522 -0.504749 0)
(2.13379 -0.509321 0)
(2.13993 -0.511728 0)
(2.15111 -0.513372 0)
(2.16275 -0.514111 0)
(2.17498 -0.514574 0)
(2.18548 -0.516577 0)
(2.19587 -0.519315 0)
(2.20424 -0.52285 0)
(2.20878 -0.526946 0)
(2.21405 -0.529686 0)
(2.22307 -0.530835 0)
(2.23274 -0.53169 0)
(2.24221 -0.532379 0)
(2.25097 -0.533131 0)
(2.25846 -0.534153 0)
(2.26384 -0.53518 0)
(2.26721 -0.53544 0)
(2.27171 -0.535177 0)
(2.27922 -0.535885 0)
(2.28794 -0.537384 0)
(2.29659 -0.539163 0)
(2.30402 -0.54112 0)
(2.3083 -0.54336 0)
(2.31068 -0.545351 0)
(2.31738 -0.545859 0)
(2.32616 -0.545783 0)
(2.33518 -0.545471 0)
(2.34404 -0.544888 0)
(2.35226 -0.544286 0)
(2.35914 -0.54415 0)
(2.36351 -0.545322 0)
(2.36505 -0.547501 0)
(2.36795 -0.547915 0)
(2.37451 -0.546308 0)
(2.3817 -0.544767 0)
(2.3886 -0.543825 0)
(2.39496 -0.543745 0)
(2.40077 -0.544266 0)
(2.40565 -0.545367 0)
(2.40944 -0.547508 0)
(2.41301 -0.550697 0)
(2.41847 -0.553542 0)
(2.42589 -0.55494 0)
(2.43367 -0.555735 0)
(2.16089 0.888788 0)
(2.16029 0.888099 0)
(2.16736 0.878642 0)
(2.19345 0.860261 0)
(2.21337 0.831085 0)
(2.21928 0.821457 0)
(2.21628 0.829263 0)
(2.21424 0.831319 0)
(2.21668 0.821085 0)
(2.22618 0.808961 0)
(2.24133 0.797871 0)
(2.25412 0.778244 0)
(2.26151 0.768693 0)
(2.26426 0.77528 0)
(2.26385 0.781504 0)
(2.26752 0.77287 0)
(2.27908 0.746774 0)
(2.29669 0.722028 0)
(2.30587 0.711833 0)
(2.31387 0.715463 0)
(2.31373 0.723015 0)
(2.31121 0.727084 0)
(2.3195 0.72381 0)
(2.33671 0.718977 0)
(2.35694 0.70617 0)
(2.37208 0.688759 0)
(2.37914 0.671477 0)
(2.37665 0.657455 0)
(2.36256 0.642584 0)
(2.35218 0.630328 0)
(2.35685 0.630433 0)
(2.36633 0.630196 0)
(2.3829 0.623092 0)
(2.40154 0.61296 0)
(2.41532 0.607977 0)
(2.42637 0.607282 0)
(2.43427 0.608397 0)
(2.44117 0.608479 0)
(2.44656 0.604546 0)
(2.44262 0.588239 0)
(2.4279 0.560178 0)
(2.42467 0.536788 0)
(2.43728 0.530026 0)
(2.44636 0.528313 0)
(2.4581 0.524472 0)
(2.46657 0.523023 0)
(2.46791 0.514301 0)
(2.43311 0.439345 0)
(2.33538 0.242192 0)
(2.24571 0.0709986 0)
(2.11849 -0.123236 0)
(2.08253 -0.169995 0)
(2.07587 -0.175792 0)
(2.08218 -0.190774 0)
(2.09558 -0.191094 0)
(2.11496 -0.188847 0)
(2.12936 -0.191983 0)
(2.13609 -0.197918 0)
(2.1345 -0.206882 0)
(2.13473 -0.216689 0)
(2.14506 -0.219575 0)
(2.15642 -0.220199 0)
(2.17063 -0.219045 0)
(2.18258 -0.219349 0)
(2.19445 -0.221513 0)
(2.20286 -0.227199 0)
(2.20243 -0.238525 0)
(2.19964 -0.248708 0)
(2.20866 -0.250644 0)
(2.21921 -0.250605 0)
(2.23161 -0.248898 0)
(2.2447 -0.249073 0)
(2.25487 -0.251994 0)
(2.2557 -0.2598 0)
(2.23625 -0.289815 0)
(2.19856 -0.342208 0)
(2.13508 -0.403936 0)
(2.08817 -0.457322 0)
(2.08387 -0.48718 0)
(2.09813 -0.485532 0)
(2.1077 -0.481121 0)
(2.11833 -0.479427 0)
(2.13039 -0.482542 0)
(2.13774 -0.48824 0)
(2.13716 -0.49419 0)
(2.13764 -0.49851 0)
(2.1477 -0.500159 0)
(2.15897 -0.500793 0)
(2.17127 -0.499738 0)
(2.18199 -0.50042 0)
(2.19227 -0.502414 0)
(2.20126 -0.504994 0)
(2.20728 -0.509297 0)
(2.21121 -0.514293 0)
(2.21919 -0.517004 0)
(2.22903 -0.518287 0)
(2.23891 -0.519217 0)
(2.24854 -0.519968 0)
(2.25764 -0.520714 0)
(2.26545 -0.52135 0)
(2.27088 -0.521712 0)
(2.274 -0.521872 0)
(2.27771 -0.522199 0)
(2.28412 -0.523052 0)
(2.29193 -0.524569 0)
(2.29976 -0.526866 0)
(2.30641 -0.530029 0)
(2.31094 -0.533158 0)
(2.31588 -0.533949 0)
(2.32374 -0.533051 0)
(2.33255 -0.532216 0)
(2.34143 -0.531516 0)
(2.34993 -0.530996 0)
(2.35754 -0.530755 0)
(2.36317 -0.531038 0)
(2.36559 -0.532245 0)
(2.36778 -0.53369 0)
(2.3739 -0.533603 0)
(2.38145 -0.53269 0)
(2.38903 -0.5313 0)
(2.39589 -0.529726 0)
(2.40147 -0.528769 0)
(2.40591 -0.528995 0)
(2.4096 -0.53081 0)
(2.41238 -0.534067 0)
(2.416 -0.537184 0)
(2.42208 -0.538964 0)
(2.42919 -0.540008 0)
(2.43673 -0.540953 0)
(2.16112 0.907141 0)
(2.16212 0.899339 0)
(2.17549 0.885131 0)
(2.20128 0.858099 0)
(2.21669 0.833887 0)
(2.2176 0.83468 0)
(2.21202 0.840598 0)
(2.20968 0.835428 0)
(2.21444 0.822084 0)
(2.22557 0.814663 0)
(2.24166 0.796754 0)
(2.25037 0.782104 0)
(2.25492 0.782881 0)
(2.25298 0.792094 0)
(2.25622 0.790397 0)
(2.26722 0.769269 0)
(2.28878 0.744612 0)
(2.30197 0.729764 0)
(2.30962 0.729622 0)
(2.3095 0.737819 0)
(2.30338 0.744652 0)
(2.30665 0.741595 0)
(2.32334 0.735137 0)
(2.34382 0.722577 0)
(2.36104 0.703694 0)
(2.36984 0.684599 0)
(2.37044 0.669946 0)
(2.36011 0.65882 0)
(2.34818 0.648067 0)
(2.35046 0.647257 0)
(2.35907 0.648442 0)
(2.37427 0.642652 0)
(2.39411 0.631071 0)
(2.4085 0.624564 0)
(2.41988 0.624308 0)
(2.42737 0.626485 0)
(2.4334 0.627227 0)
(2.43874 0.623339 0)
(2.43716 0.606584 0)
(2.42364 0.577529 0)
(2.41924 0.554307 0)
(2.43038 0.545348 0)
(2.43964 0.54327 0)
(2.45215 0.540662 0)
(2.45555 0.537015 0)
(2.44708 0.507119 0)
(2.38107 0.375091 0)
(2.2483 0.144928 0)
(2.17153 -0.0319642 0)
(2.08223 -0.133655 0)
(2.06295 -0.211513 0)
(2.06024 -0.211052 0)
(2.0731 -0.193068 0)
(2.09792 -0.167368 0)
(2.11085 -0.163488 0)
(2.12729 -0.168102 0)
(2.13768 -0.177533 0)
(2.1346 -0.193909 0)
(2.13264 -0.20847 0)
(2.14331 -0.211838 0)
(2.15496 -0.210816 0)
(2.16926 -0.206917 0)
(2.18169 -0.204832 0)
(2.19327 -0.205912 0)
(2.20247 -0.208699 0)
(2.2033 -0.216793 0)
(2.19761 -0.228854 0)
(2.20372 -0.234688 0)
(2.21449 -0.235483 0)
(2.22649 -0.2348 0)
(2.24037 -0.233826 0)
(2.25267 -0.23638 0)
(2.25542 -0.243605 0)
(2.23696 -0.270515 0)
(2.20047 -0.322989 0)
(2.13729 -0.387702 0)
(2.08571 -0.442125 0)
(2.07914 -0.472159 0)
(2.09324 -0.47254 0)
(2.10665 -0.46667 0)
(2.11617 -0.464051 0)
(2.12863 -0.466264 0)
(2.13751 -0.471401 0)
(2.13908 -0.478188 0)
(2.13697 -0.485841 0)
(2.14485 -0.489393 0)
(2.15576 -0.490261 0)
(2.16802 -0.488233 0)
(2.17955 -0.485993 0)
(2.18996 -0.486347 0)
(2.19914 -0.487656 0)
(2.2057 -0.491224 0)
(2.20872 -0.497117 0)
(2.21383 -0.502278 0)
(2.22367 -0.504646 0)
(2.23377 -0.50574 0)
(2.24414 -0.505781 0)
(2.25406 -0.50636 0)
(2.26368 -0.507318 0)
(2.27211 -0.508042 0)
(2.27773 -0.508391 0)
(2.28013 -0.508922 0)
(2.28281 -0.510192 0)
(2.28852 -0.511831 0)
(2.29572 -0.513448 0)
(2.3027 -0.514994 0)
(2.30848 -0.516339 0)
(2.31368 -0.517031 0)
(2.3204 -0.51688 0)
(2.32884 -0.516572 0)
(2.33789 -0.516507 0)
(2.34685 -0.516668 0)
(2.35517 -0.517125 0)
(2.36212 -0.518107 0)
(2.36643 -0.519877 0)
(2.36833 -0.521718 0)
(2.37285 -0.521821 0)
(2.38027 -0.520885 0)
(2.38796 -0.51983 0)
(2.39543 -0.518363 0)
(2.40226 -0.516352 0)
(2.40751 -0.514314 0)
(2.4099 -0.513431 0)
(2.40921 -0.515285 0)
(2.41165 -0.519164 0)
(2.41879 -0.521139 0)
(2.42559 -0.521982 0)
(2.43228 -0.522753 0)
(2.43952 -0.523966 0)
(2.17977 0.907757 0)
(2.17677 0.894787 0)
(2.19048 0.879845 0)
(2.20796 0.855448 0)
(2.21628 0.84296 0)
(2.21284 0.850368 0)
(2.20651 0.851122 0)
(2.20658 0.838881 0)
(2.21437 0.831103 0)
(2.23035 0.815576 0)
(2.24025 0.798451 0)
(2.24679 0.793679 0)
(2.24512 0.802031 0)
(2.24577 0.804283 0)
(2.25711 0.789633 0)
(2.27939 0.766747 0)
(2.29684 0.748914 0)
(2.30473 0.744368 0)
(2.30559 0.751253 0)
(2.29657 0.76098 0)
(2.29469 0.759911 0)
(2.30987 0.750714 0)
(2.32988 0.736681 0)
(2.34776 0.716723 0)
(2.35875 0.697023 0)
(2.36179 0.68202 0)
(2.35517 0.67302 0)
(2.34307 0.665694 0)
(2.34317 0.664263 0)
(2.35163 0.666325 0)
(2.36589 0.662027 0)
(2.38636 0.650056 0)
(2.40142 0.641304 0)
(2.41291 0.640114 0)
(2.42023 0.643324 0)
(2.42529 0.645259 0)
(2.42987 0.641964 0)
(2.42982 0.625231 0)
(2.41768 0.596877 0)
(2.4151 0.569885 0)
(2.42272 0.561602 0)
(2.43375 0.558331 0)
(2.44267 0.555364 0)
(2.44286 0.544518 0)
(2.4052 0.469561 0)
(2.29535 0.250347 0)
(2.21692 0.0893989 0)
(2.12061 -0.0576389 0)
(2.08124 -0.123622 0)
(2.07254 -0.13746 0)
(2.06876 -0.163281 0)
(2.07772 -0.168009 0)
(2.09241 -0.160006 0)
(2.11469 -0.150775 0)
(2.12399 -0.150098 0)
(2.13246 -0.155721 0)
(2.13428 -0.170469 0)
(2.12955 -0.185751 0)
(2.13741 -0.190391 0)
(2.14953 -0.1903 0)
(2.16405 -0.188846 0)
(2.17959 -0.187912 0)
(2.19115 -0.189317 0)
(2.20168 -0.192478 0)
(2.20532 -0.199496 0)
(2.1988 -0.2111 0)
(2.19907 -0.217891 0)
(2.20962 -0.218157 0)
(2.22079 -0.217368 0)
(2.23486 -0.215724 0)
(2.24853 -0.217815 0)
(2.25384 -0.225465 0)
(2.23772 -0.25025 0)
(2.20133 -0.302184 0)
(2.14309 -0.366322 0)
(2.08443 -0.427847 0)
(2.0748 -0.456353 0)
(2.0882 -0.457429 0)
(2.10432 -0.450858 0)
(2.1142 -0.447337 0)
(2.12697 -0.448985 0)
(2.1368 -0.453987 0)
(2.13927 -0.46234 0)
(2.13592 -0.472929 0)
(2.14202 -0.478498 0)
(2.1528 -0.479407 0)
(2.16487 -0.476992 0)
(2.17766 -0.472756 0)
(2.18817 -0.471678 0)
(2.1982 -0.471613 0)
(2.20523 -0.473035 0)
(2.20735 -0.478044 0)
(2.20829 -0.485199 0)
(2.217 -0.489023 0)
(2.2269 -0.490636 0)
(2.23764 -0.491402 0)
(2.2493 -0.491149 0)
(2.25944 -0.491771 0)
(2.26944 -0.493227 0)
(2.27801 -0.49462 0)
(2.28312 -0.496275 0)
(2.28458 -0.498298 0)
(2.28705 -0.499823 0)
(2.29273 -0.500567 0)
(2.29951 -0.501163 0)
(2.30608 -0.501981 0)
(2.31224 -0.502936 0)
(2.31869 -0.503628 0)
(2.32624 -0.503901 0)
(2.33483 -0.503876 0)
(2.34376 -0.503721 0)
(2.35238 -0.503516 0)
(2.35996 -0.50353 0)
(2.36532 -0.504206 0)
(2.36761 -0.505847 0)
(2.37039 -0.507506 0)
(2.37726 -0.50777 0)
(2.38532 -0.507286 0)
(2.39322 -0.506294 0)
(2.40068 -0.504991 0)
(2.40759 -0.503698 0)
(2.41327 -0.502735 0)
(2.41513 -0.50318 0)
(2.4124 -0.504721 0)
(2.4136 -0.504725 0)
(2.41962 -0.503992 0)
(2.42712 -0.504004 0)
(2.43542 -0.504866 0)
(2.44339 -0.506248 0)
(2.24696 0.865528 0)
(2.20858 0.881059 0)
(2.20607 0.870412 0)
(2.20982 0.860114 0)
(2.20961 0.862736 0)
(2.20366 0.868585 0)
(2.20116 0.859338 0)
(2.20747 0.848532 0)
(2.2219 0.834561 0)
(2.23223 0.815678 0)
(2.23885 0.807852 0)
(2.23883 0.813169 0)
(2.23734 0.81686 0)
(2.24874 0.807076 0)
(2.27095 0.78807 0)
(2.2904 0.76818 0)
(2.2991 0.760127 0)
(2.30019 0.764039 0)
(2.29018 0.775576 0)
(2.28303 0.777314 0)
(2.2967 0.765939 0)
(2.31643 0.748876 0)
(2.33498 0.727575 0)
(2.34792 0.708414 0)
(2.35207 0.694212 0)
(2.3469 0.685991 0)
(2.33628 0.683446 0)
(2.33514 0.682181 0)
(2.34338 0.684134 0)
(2.35789 0.680224 0)
(2.37849 0.668349 0)
(2.39414 0.658405 0)
(2.40523 0.655618 0)
(2.41195 0.658521 0)
(2.41604 0.661225 0)
(2.41985 0.658399 0)
(2.4205 0.643002 0)
(2.41157 0.615457 0)
(2.40832 0.587736 0)
(2.4159 0.576978 0)
(2.42796 0.573865 0)
(2.43158 0.567473 0)
(2.41968 0.532595 0)
(2.34656 0.394931 0)
(2.20665 0.152942 0)
(2.14472 0.000266076 0)
(2.08653 -0.0941307 0)
(2.05926 -0.155434 0)
(2.0519 -0.162533 0)
(2.0587 -0.155564 0)
(2.07616 -0.145024 0)
(2.0965 -0.138182 0)
(2.11254 -0.137754 0)
(2.12851 -0.138454 0)
(2.13624 -0.142036 0)
(2.13376 -0.153141 0)
(2.12893 -0.170521 0)
(2.13567 -0.180328 0)
(2.1476 -0.180968 0)
(2.16144 -0.178997 0)
(2.17775 -0.175315 0)
(2.18968 -0.175131 0)
(2.20134 -0.177223 0)
(2.20733 -0.183146 0)
(2.20263 -0.195998 0)
(2.19871 -0.206474 0)
(2.20768 -0.207231 0)
(2.21833 -0.204144 0)
(2.23143 -0.200227 0)
(2.24542 -0.200858 0)
(2.25158 -0.207418 0)
(2.23752 -0.229954 0)
(2.20057 -0.281789 0)
(2.14424 -0.34722 0)
(2.08316 -0.412064 0)
(2.07169 -0.443535 0)
(2.08363 -0.444704 0)
(2.10141 -0.436909 0)
(2.11242 -0.431382 0)
(2.12523 -0.432257 0)
(2.13589 -0.437061 0)
(2.13915 -0.446112 0)
(2.13451 -0.45849 0)
(2.13809 -0.465664 0)
(2.14897 -0.467243 0)
(2.16126 -0.465714 0)
(2.17624 -0.460689 0)
(2.18675 -0.45731 0)
(2.19747 -0.457143 0)
(2.20592 -0.457487 0)
(2.20855 -0.460923 0)
(2.20541 -0.468543 0)
(2.21053 -0.474289 0)
(2.22072 -0.476019 0)
(2.2311 -0.47662 0)
(2.24327 -0.47582 0)
(2.25469 -0.475035 0)
(2.2648 -0.476661 0)
(2.27456 -0.478654 0)
(2.28206 -0.481348 0)
(2.28559 -0.485046 0)
(2.28687 -0.488378 0)
(2.29124 -0.489911 0)
(2.2981 -0.489923 0)
(2.30502 -0.489271 0)
(2.31107 -0.4884 0)
(2.31662 -0.487913 0)
(2.32291 -0.488025 0)
(2.33063 -0.488426 0)
(2.33935 -0.488853 0)
(2.34827 -0.489298 0)
(2.35678 -0.489767 0)
(2.36395 -0.490407 0)
(2.36816 -0.491543 0)
(2.36972 -0.493018 0)
(2.37397 -0.493553 0)
(2.38147 -0.493227 0)
(2.38959 -0.492606 0)
(2.39756 -0.491753 0)
(2.40526 -0.491312 0)
(2.41236 -0.491965 0)
(2.41753 -0.49318 0)
(2.41818 -0.493863 0)
(2.41524 -0.493309 0)
(2.41741 -0.491716 0)
(2.42393 -0.490371 0)
(2.43119 -0.48926 0)
(2.43846 -0.488365 0)
(2.44571 -0.488245 0)
(2.37499 0.760298 0)
(2.28997 0.832788 0)
(2.22417 0.857369 0)
(2.20984 0.871905 0)
(2.19187 0.881789 0)
(2.18853 0.876315 0)
(2.20079 0.86324 0)
(2.21521 0.850882 0)
(2.22619 0.832592 0)
(2.23172 0.822685 0)
(2.23254 0.825301 0)
(2.23006 0.829123 0)
(2.24006 0.821343 0)
(2.26282 0.807126 0)
(2.28417 0.785995 0)
(2.29416 0.775289 0)
(2.29565 0.776211 0)
(2.28638 0.787445 0)
(2.27443 0.792874 0)
(2.2828 0.781258 0)
(2.30396 0.761319 0)
(2.32333 0.738443 0)
(2.33715 0.719347 0)
(2.34161 0.706335 0)
(2.33624 0.699109 0)
(2.32708 0.699798 0)
(2.32731 0.700716 0)
(2.33485 0.70214 0)
(2.3503 0.697766 0)
(2.37073 0.685675 0)
(2.38655 0.675272 0)
(2.39696 0.671005 0)
(2.4027 0.672318 0)
(2.40592 0.675197 0)
(2.4088 0.672674 0)
(2.4096 0.659177 0)
(2.4036 0.633063 0)
(2.39998 0.606237 0)
(2.41067 0.593443 0)
(2.41577 0.588974 0)
(2.41711 0.57228 0)
(2.37639 0.491754 0)
(2.25217 0.256623 0)
(2.16895 0.0967614 0)
(2.10868 -0.00367007 0)
(2.07174 -0.0767553 0)
(2.06197 -0.103501 0)
(2.05833 -0.133485 0)
(2.062 -0.140026 0)
(2.07115 -0.135025 0)
(2.08759 -0.12346 0)
(2.10931 -0.117694 0)
(2.12124 -0.118856 0)
(2.13391 -0.125458 0)
(2.13646 -0.138331 0)
(2.12952 -0.151762 0)
(2.13068 -0.15843 0)
(2.14138 -0.158443 0)
(2.15447 -0.157454 0)
(2.17242 -0.156121 0)
(2.18589 -0.156602 0)
(2.19833 -0.159188 0)
(2.20678 -0.164871 0)
(2.20565 -0.176659 0)
(2.19826 -0.187261 0)
(2.20467 -0.188659 0)
(2.21488 -0.18703 0)
(2.22779 -0.1833 0)
(2.24226 -0.182771 0)
(2.24919 -0.189223 0)
(2.23731 -0.2106 0)
(2.20056 -0.261401 0)
(2.14633 -0.326516 0)
(2.08273 -0.393921 0)
(2.06838 -0.429971 0)
(2.07922 -0.43144 0)
(2.09789 -0.422706 0)
(2.11043 -0.415589 0)
(2.12346 -0.416258 0)
(2.13489 -0.420427 0)
(2.13869 -0.429107 0)
(2.13302 -0.442435 0)
(2.13332 -0.451154 0)
(2.14372 -0.453076 0)
(2.1555 -0.451842 0)
(2.1724 -0.447701 0)
(2.18617 -0.442743 0)
(2.19659 -0.442905 0)
(2.20642 -0.443641 0)
(2.21087 -0.446422 0)
(2.20684 -0.453594 0)
(2.20551 -0.460449 0)
(2.21507 -0.462068 0)
(2.22556 -0.462467 0)
(2.23749 -0.461232 0)
(2.25013 -0.459097 0)
(2.26036 -0.459827 0)
(2.27024 -0.461486 0)
(2.27803 -0.463987 0)
(2.2835 -0.468043 0)
(2.28498 -0.473614 0)
(2.28872 -0.477329 0)
(2.29632 -0.478039 0)
(2.30447 -0.477488 0)
(2.31172 -0.476241 0)
(2.3172 -0.474881 0)
(2.32167 -0.474319 0)
(2.32751 -0.474704 0)
(2.33544 -0.475297 0)
(2.34418 -0.475789 0)
(2.35282 -0.476291 0)
(2.36078 -0.476994 0)
(2.36706 -0.478048 0)
(2.37014 -0.479284 0)
(2.37226 -0.479688 0)
(2.37812 -0.478817 0)
(2.38582 -0.477617 0)
(2.3938 -0.476468 0)
(2.40169 -0.476088 0)
(2.40924 -0.476806 0)
(2.41573 -0.478394 0)
(2.41952 -0.480908 0)
(2.41937 -0.483509 0)
(2.41988 -0.483646 0)
(2.42483 -0.481501 0)
(2.43116 -0.479172 0)
(2.43759 -0.477192 0)
(2.4441 -0.475705 0)
(2.45081 -0.474069 0)
(2.51995 0.618669 0)
(2.42447 0.726108 0)
(2.28229 0.829437 0)
(2.20725 0.886073 0)
(2.18121 0.885827 0)
(2.18414 0.872656 0)
(2.20534 0.861043 0)
(2.22089 0.847238 0)
(2.22711 0.837142 0)
(2.22857 0.836935 0)
(2.22461 0.841041 0)
(2.23066 0.833904 0)
(2.25195 0.823542 0)
(2.27522 0.803728 0)
(2.28785 0.790328 0)
(2.29035 0.789372 0)
(2.28298 0.797986 0)
(2.27009 0.806561 0)
(2.27048 0.797181 0)
(2.29114 0.775105 0)
(2.31255 0.750416 0)
(2.32726 0.731034 0)
(2.33213 0.71892 0)
(2.32668 0.713336 0)
(2.31684 0.715899 0)
(2.31844 0.718783 0)
(2.32623 0.720309 0)
(2.34319 0.71476 0)
(2.36357 0.701475 0)
(2.37887 0.6914 0)
(2.38825 0.686495 0)
(2.39247 0.686319 0)
(2.39485 0.687739 0)
(2.39719 0.685464 0)
(2.39852 0.672976 0)
(2.39376 0.649057 0)
(2.39404 0.623375 0)
(2.39958 0.609579 0)
(2.40268 0.602328 0)
(2.3882 0.556437 0)
(2.31054 0.403979 0)
(2.16687 0.146101 0)
(2.10322 0.0128039 0)
(2.06872 -0.0598912 0)
(2.05587 -0.0924458 0)
(2.04539 -0.111547 0)
(2.04459 -0.115238 0)
(2.05417 -0.114744 0)
(2.07131 -0.116299 0)
(2.08956 -0.114586 0)
(2.10919 -0.109594 0)
(2.12084 -0.107144 0)
(2.13043 -0.109577 0)
(2.13352 -0.120346 0)
(2.12869 -0.138521 0)
(2.13047 -0.151209 0)
(2.14169 -0.15222 0)
(2.15369 -0.148903 0)
(2.16969 -0.14299 0)
(2.18285 -0.139838 0)
(2.19516 -0.14156 0)
(2.2048 -0.146215 0)
(2.20554 -0.157967 0)
(2.199 -0.173253 0)
(2.20404 -0.178772 0)
(2.21464 -0.176606 0)
(2.22681 -0.171665 0)
(2.24061 -0.169742 0)
(2.24803 -0.174143 0)
(2.23781 -0.192846 0)
(2.20012 -0.243033 0)
(2.14547 -0.309183 0)
(2.08114 -0.376702 0)
(2.06452 -0.41717 0)
(2.07476 -0.420047 0)
(2.0939 -0.410838 0)
(2.10877 -0.401674 0)
(2.12148 -0.401547 0)
(2.134 -0.405133 0)
(2.13866 -0.412593 0)
(2.13208 -0.425373 0)
(2.12873 -0.435213 0)
(2.13838 -0.437984 0)
(2.14949 -0.437257 0)
(2.16622 -0.433984 0)
(2.18386 -0.42836 0)
(2.19408 -0.427689 0)
(2.20515 -0.429471 0)
(2.21238 -0.432462 0)
(2.21108 -0.439787 0)
(2.20479 -0.448971 0)
(2.21105 -0.451705 0)
(2.22154 -0.451565 0)
(2.23313 -0.449021 0)
(2.24627 -0.445111 0)
(2.25691 -0.444306 0)
(2.26706 -0.444931 0)
(2.27487 -0.445942 0)
(2.27951 -0.44916 0)
(2.27973 -0.455896 0)
(2.28388 -0.461191 0)
(2.29272 -0.462947 0)
(2.30171 -0.463463 0)
(2.31058 -0.463615 0)
(2.31831 -0.463459 0)
(2.32349 -0.463023 0)
(2.3271 -0.462424 0)
(2.3326 -0.461657 0)
(2.34021 -0.460958 0)
(2.3484 -0.460734 0)
(2.35645 -0.461222 0)
(2.36363 -0.462602 0)
(2.36873 -0.464903 0)
(2.37137 -0.467074 0)
(2.37592 -0.467305 0)
(2.38368 -0.465947 0)
(2.39178 -0.464045 0)
(2.39952 -0.461882 0)
(2.40669 -0.46056 0)
(2.41313 -0.461207 0)
(2.41797 -0.463959 0)
(2.42019 -0.467977 0)
(2.41981 -0.471327 0)
(2.42451 -0.471366 0)
(2.43198 -0.470033 0)
(2.43946 -0.468117 0)
(2.44607 -0.465481 0)
(2.45118 -0.463019 0)
(2.45584 -0.461039 0)
(2.59154 0.536886 0)
(2.53847 0.604214 0)
(2.41544 0.729899 0)
(2.24074 0.873587 0)
(2.20035 0.873236 0)
(2.19901 0.867796 0)
(2.21043 0.863365 0)
(2.22006 0.854981 0)
(2.22401 0.850907 0)
(2.22052 0.855028 0)
(2.22186 0.848581 0)
(2.2391 0.838335 0)
(2.26259 0.821521 0)
(2.2782 0.804931 0)
(2.28396 0.802551 0)
(2.27928 0.809243 0)
(2.26678 0.819009 0)
(2.26074 0.813005 0)
(2.27721 0.789911 0)
(2.30097 0.76364 0)
(2.31734 0.743535 0)
(2.32341 0.731796 0)
(2.31962 0.728869 0)
(2.30897 0.732544 0)
(2.30876 0.737482 0)
(2.31698 0.739237 0)
(2.3348 0.732437 0)
(2.35662 0.716366 0)
(2.37188 0.704953 0)
(2.37994 0.700727 0)
(2.3824 0.700357 0)
(2.38285 0.700732 0)
(2.38488 0.697638 0)
(2.38715 0.685686 0)
(2.38453 0.663981 0)
(2.3863 0.638586 0)
(2.38883 0.624841 0)
(2.38096 0.602648 0)
(2.33447 0.504277 0)
(2.20643 0.256119 0)
(2.12569 0.09324 0)
(2.09036 0.017012 0)
(2.05887 -0.0313891 0)
(2.04933 -0.0532098 0)
(2.05068 -0.086508 0)
(2.04636 -0.106874 0)
(2.04915 -0.103997 0)
(2.05636 -0.0966191 0)
(2.07709 -0.0887642 0)
(2.10022 -0.087454 0)
(2.11531 -0.0893826 0)
(2.12775 -0.0959034 0)
(2.13087 -0.106425 0)
(2.12587 -0.120421 0)
(2.12458 -0.129986 0)
(2.13528 -0.130768 0)
(2.14796 -0.128779 0)
(2.16485 -0.125234 0)
(2.18017 -0.122711 0)
(2.19211 -0.124063 0)
(2.20194 -0.128577 0)
(2.20406 -0.139293 0)
(2.19738 -0.152758 0)
(2.19901 -0.158039 0)
(2.20945 -0.156936 0)
(2.22227 -0.153536 0)
(2.23732 -0.15205 0)
(2.24597 -0.157514 0)
(2.23694 -0.17683 0)
(2.20092 -0.22575 0)
(2.14745 -0.291542 0)
(2.08114 -0.359146 0)
(2.06054 -0.403325 0)
(2.06934 -0.407239 0)
(2.08861 -0.398434 0)
(2.10672 -0.387921 0)
(2.1189 -0.386976 0)
(2.13277 -0.390374 0)
(2.13912 -0.39705 0)
(2.13293 -0.408528 0)
(2.12533 -0.419136 0)
(2.13306 -0.422422 0)
(2.14402 -0.421913 0)
(2.15918 -0.419132 0)
(2.17908 -0.41343 0)
(2.19063 -0.411312 0)
(2.20196 -0.4136 0)
(2.21112 -0.417088 0)
(2.2137 -0.424457 0)
(2.20678 -0.435573 0)
(2.20825 -0.440211 0)
(2.2184 -0.440288 0)
(2.22949 -0.437786 0)
(2.24309 -0.433359 0)
(2.25431 -0.431154 0)
(2.26485 -0.43114 0)
(2.27315 -0.430722 0)
(2.27727 -0.432258 0)
(2.27609 -0.438038 0)
(2.27938 -0.444153 0)
(2.28839 -0.446351 0)
(2.29718 -0.44639 0)
(2.30624 -0.44702 0)
(2.31535 -0.448581 0)
(2.32322 -0.450224 0)
(2.32824 -0.451401 0)
(2.33255 -0.451368 0)
(2.33914 -0.450183 0)
(2.34676 -0.448675 0)
(2.35409 -0.447373 0)
(2.3606 -0.447115 0)
(2.36614 -0.448695 0)
(2.36984 -0.451955 0)
(2.37316 -0.454337 0)
(2.38044 -0.454233 0)
(2.38912 -0.453075 0)
(2.39771 -0.451234 0)
(2.40557 -0.449197 0)
(2.41207 -0.447387 0)
(2.41644 -0.446565 0)
(2.41791 -0.448625 0)
(2.41649 -0.453712 0)
(2.42035 -0.456903 0)
(2.42865 -0.457215 0)
(2.43705 -0.456535 0)
(2.44547 -0.455229 0)
(2.45325 -0.453646 0)
(2.45984 -0.451428 0)
(2.46417 -0.448502 0)
)
;

boundaryField
{
    inlet
    {
        type            fixedValue;
        value           nonuniform 0();
    }
    outlet
    {
        type            inletOutlet;
        inletValue      nonuniform 0();
        value           nonuniform 0();
    }
    bottom
    {
        type            slip;
    }
    top
    {
        type            slip;
    }
    obstacle
    {
        type            slip;
    }
    defaultFaces
    {
        type            empty;
    }
    procBoundary10to6
    {
        type            processor;
        value           nonuniform List<vector> 
129
(
(2.16232 0.653186 0)
(2.18064 0.638172 0)
(2.19253 0.627963 0)
(2.1985 0.632468 0)
(2.20186 0.630884 0)
(2.21584 0.614452 0)
(2.23115 0.593238 0)
(2.23933 0.581467 0)
(2.24219 0.580409 0)
(2.24053 0.576753 0)
(2.24216 0.553931 0)
(2.25359 0.526931 0)
(2.26412 0.515916 0)
(2.2733 0.517981 0)
(2.28108 0.516765 0)
(2.29473 0.505717 0)
(2.30729 0.48926 0)
(2.3161 0.482274 0)
(2.32295 0.477247 0)
(2.33228 0.465525 0)
(2.34079 0.454415 0)
(2.34745 0.445309 0)
(2.34748 0.430975 0)
(2.3444 0.410354 0)
(2.34899 0.399186 0)
(2.35673 0.395431 0)
(2.36943 0.390533 0)
(2.38226 0.384253 0)
(2.39367 0.377671 0)
(2.4047 0.371251 0)
(2.41574 0.364384 0)
(2.42592 0.354628 0)
(2.42854 0.339112 0)
(2.41479 0.31719 0)
(2.4068 0.299643 0)
(2.41621 0.293775 0)
(2.42758 0.289157 0)
(2.44106 0.286137 0)
(2.45461 0.282816 0)
(2.4665 0.278902 0)
(2.47877 0.274432 0)
(2.48929 0.269036 0)
(2.49791 0.262641 0)
(2.50275 0.252714 0)
(2.49671 0.231608 0)
(2.4782 0.203863 0)
(2.47673 0.191785 0)
(2.4852 0.190931 0)
(2.49612 0.188941 0)
(2.51325 0.187065 0)
(2.52423 0.18303 0)
(2.53746 0.181304 0)
(2.55009 0.178584 0)
(2.5598 0.174256 0)
(2.56689 0.168416 0)
(2.56821 0.158712 0)
(2.55654 0.138495 0)
(2.5374 0.113048 0)
(2.53765 0.103124 0)
(2.54475 0.101367 0)
(2.55471 0.0990792 0)
(2.56906 0.0979007 0)
(2.58249 0.0946971 0)
(2.58978 0.0902092 0)
(2.59766 0.0864671 0)
(2.60566 0.0828617 0)
(2.61164 0.0781908 0)
(2.60963 0.0674798 0)
(2.59501 0.0466671 0)
(2.58586 0.0325959 0)
(2.59189 0.0308271 0)
(2.60073 0.0286903 0)
(2.61149 0.0259142 0)
(2.622 0.0230892 0)
(2.63206 0.0186467 0)
(2.63586 0.0156044 0)
(2.64079 0.0127879 0)
(2.64604 0.00964016 0)
(2.64839 0.00156594 0)
(2.64043 -0.0176764 0)
(2.62985 -0.0384809 0)
(2.5991 -0.0808237 0)
(2.4944 -0.239545 0)
(2.28846 -0.520007 0)
(2.22491 -0.583153 0)
(2.19777 -0.607592 0)
(2.18462 -0.628568 0)
(2.16611 -0.650117 0)
(2.16453 -0.660225 0)
(2.18093 -0.66022 0)
(2.19988 -0.653134 0)
(2.21386 -0.64703 0)
(2.2223 -0.646994 0)
(2.22856 -0.650317 0)
(2.23317 -0.658371 0)
(2.23414 -0.670232 0)
(2.22289 -0.688449 0)
(2.18261 -0.729796 0)
(2.12497 -0.779758 0)
(2.07717 -0.807651 0)
(2.05609 -0.842837 0)
(2.06333 -0.853509 0)
(2.07833 -0.85436 0)
(2.09312 -0.848363 0)
(2.10858 -0.843872 0)
(2.11989 -0.843768 0)
(2.12788 -0.846669 0)
(2.13084 -0.85177 0)
(2.13281 -0.859069 0)
(2.14063 -0.863014 0)
(2.14953 -0.864553 0)
(2.16277 -0.864741 0)
(2.18311 -0.86409 0)
(2.1934 -0.862918 0)
(2.20183 -0.865165 0)
(2.20682 -0.86768 0)
(2.20664 -0.870743 0)
(2.2098 -0.873161 0)
(2.21686 -0.875311 0)
(2.22432 -0.87635 0)
(2.23487 -0.875886 0)
(2.24367 -0.875111 0)
(2.2521 -0.877004 0)
(2.25995 -0.87903 0)
(2.26495 -0.879602 0)
(2.26637 -0.879528 0)
(2.27278 -0.881159 0)
(2.2811 -0.882721 0)
(2.28967 -0.884308 0)
)
;
    }
    procBoundary10to9
    {
        type            processor;
        value           nonuniform List<vector> 
29
(
(2.14937 0.675159 0)
(2.1514 0.691739 0)
(2.15368 0.707494 0)
(2.15902 0.717713 0)
(2.16826 0.719147 0)
(2.17534 0.717457 0)
(2.1786 0.720824 0)
(2.17942 0.729882 0)
(2.17957 0.742053 0)
(2.17772 0.756136 0)
(2.17305 0.77186 0)
(2.16833 0.787309 0)
(2.16462 0.801151 0)
(2.16095 0.813212 0)
(2.15615 0.823913 0)
(2.15459 0.831291 0)
(2.15831 0.83869 0)
(2.16631 0.842291 0)
(2.17585 0.836866 0)
(2.18114 0.831371 0)
(2.17844 0.834463 0)
(2.17287 0.84233 0)
(2.16977 0.84309 0)
(2.17319 0.835133 0)
(2.17968 0.843242 0)
(2.17814 0.858456 0)
(2.18442 0.859171 0)
(2.25151 0.816433 0)
(2.38434 0.709105 0)
)
;
    }
    procBoundary10to11
    {
        type            processor;
        value           nonuniform List<vector> 
32
(
(2.30476 -0.866351 0)
(2.31209 -0.854477 0)
(2.32012 -0.839088 0)
(2.32768 -0.827439 0)
(2.33478 -0.813598 0)
(2.34144 -0.802383 0)
(2.34697 -0.789351 0)
(2.35106 -0.776811 0)
(2.35341 -0.762376 0)
(2.35441 -0.749253 0)
(2.35812 -0.737576 0)
(2.36367 -0.723591 0)
(2.37081 -0.711002 0)
(2.37896 -0.69984 0)
(2.38766 -0.687744 0)
(2.39466 -0.674691 0)
(2.40019 -0.66103 0)
(2.40457 -0.646313 0)
(2.40864 -0.630151 0)
(2.41234 -0.612922 0)
(2.41711 -0.598495 0)
(2.42333 -0.587352 0)
(2.43053 -0.578192 0)
(2.43688 -0.568463 0)
(2.4415 -0.556038 0)
(2.44449 -0.541818 0)
(2.44723 -0.525655 0)
(2.45118 -0.508059 0)
(2.45354 -0.489734 0)
(2.45686 -0.472604 0)
(2.46139 -0.459344 0)
(2.46517 -0.446143 0)
)
;
    }
    procBoundary10to13
    {
        type            processor;
        value           nonuniform List<vector> 3((2.53027 0.582945 0) (2.59348 0.526758 0) (2.60261 0.520358 0));
    }
    procBoundary10to14
    {
        type            processor;
        value           nonuniform List<vector> 
129
(
(2.60869 0.519001 0)
(2.59695 0.530994 0)
(2.54086 0.598946 0)
(2.35942 0.772542 0)
(2.25729 0.843262 0)
(2.22887 0.84769 0)
(2.21489 0.871027 0)
(2.21481 0.871398 0)
(2.21098 0.872746 0)
(2.21034 0.867889 0)
(2.22552 0.853656 0)
(2.24684 0.84071 0)
(2.26547 0.820389 0)
(2.27437 0.81484 0)
(2.27407 0.820332 0)
(2.26448 0.830092 0)
(2.2556 0.828646 0)
(2.26267 0.807051 0)
(2.28772 0.778747 0)
(2.30546 0.758047 0)
(2.31321 0.746002 0)
(2.31173 0.742742 0)
(2.30514 0.750828 0)
(2.30006 0.755623 0)
(2.30832 0.758151 0)
(2.32515 0.751219 0)
(2.34776 0.731598 0)
(2.36449 0.717148 0)
(2.37195 0.713014 0)
(2.37273 0.713498 0)
(2.37082 0.714827 0)
(2.37187 0.710482 0)
(2.37518 0.698265 0)
(2.37624 0.676163 0)
(2.3779 0.65048 0)
(2.37549 0.632412 0)
(2.34495 0.574994 0)
(2.24849 0.397901 0)
(2.11907 0.142319 0)
(2.06204 0.0172309 0)
(2.04797 -0.0498898 0)
(2.04069 -0.0621225 0)
(2.03978 -0.0609968 0)
(2.03644 -0.062805 0)
(2.03689 -0.0763118 0)
(2.0476 -0.0926387 0)
(2.06215 -0.0937751 0)
(2.07488 -0.0869418 0)
(2.09525 -0.076311 0)
(2.10767 -0.0741766 0)
(2.12082 -0.0784818 0)
(2.12652 -0.0902343 0)
(2.12239 -0.107698 0)
(2.12275 -0.120675 0)
(2.13316 -0.122401 0)
(2.14497 -0.118524 0)
(2.16128 -0.112129 0)
(2.17605 -0.108215 0)
(2.18901 -0.108989 0)
(2.19973 -0.112496 0)
(2.20179 -0.122301 0)
(2.19568 -0.137809 0)
(2.19734 -0.147241 0)
(2.20756 -0.146404 0)
(2.21958 -0.141394 0)
(2.23415 -0.138719 0)
(2.2438 -0.142702 0)
(2.23701 -0.159925 0)
(2.20002 -0.209377 0)
(2.14638 -0.276838 0)
(2.08012 -0.343121 0)
(2.0561 -0.389916 0)
(2.06422 -0.396476 0)
(2.08274 -0.388453 0)
(2.10363 -0.375829 0)
(2.11601 -0.372906 0)
(2.13058 -0.376223 0)
(2.13918 -0.38221 0)
(2.1353 -0.392536 0)
(2.12451 -0.404452 0)
(2.12863 -0.409291 0)
(2.13959 -0.4089 0)
(2.15319 -0.405854 0)
(2.17303 -0.399703 0)
(2.1869 -0.395478 0)
(2.1982 -0.397377 0)
(2.20843 -0.400515 0)
(2.21349 -0.407041 0)
(2.20832 -0.419222 0)
(2.20622 -0.427411 0)
(2.21557 -0.428647 0)
(2.226 -0.426667 0)
(2.2397 -0.422635 0)
(2.25201 -0.419366 0)
(2.26294 -0.419239 0)
(2.27233 -0.418878 0)
(2.27745 -0.419389 0)
(2.27632 -0.422704 0)
(2.27597 -0.427652 0)
(2.2835 -0.428039 0)
(2.29185 -0.427704 0)
(2.30096 -0.428769 0)
(2.31017 -0.43076 0)
(2.31868 -0.433537 0)
(2.32577 -0.436826 0)
(2.33085 -0.439191 0)
(2.33736 -0.439427 0)
(2.3456 -0.438215 0)
(2.3536 -0.436258 0)
(2.36013 -0.433813 0)
(2.36409 -0.432151 0)
(2.36504 -0.433143 0)
(2.3674 -0.436822 0)
(2.37592 -0.439444 0)
(2.38466 -0.440233 0)
(2.39354 -0.439755 0)
(2.40244 -0.43838 0)
(2.41074 -0.43666 0)
(2.41717 -0.43511 0)
(2.4192 -0.43438 0)
(2.41539 -0.436191 0)
(2.4174 -0.44074 0)
(2.42509 -0.442645 0)
(2.43227 -0.443019 0)
(2.44066 -0.442321 0)
(2.44952 -0.441125 0)
(2.45802 -0.440457 0)
(2.46629 -0.440305 0)
(2.47236 -0.439974 0)
)
;
    }
}


// ************************************************************************* //
