/*--------------------------------*- C++ -*----------------------------------*\
  =========                 |
  \\      /  F ield         | OpenFOAM: The Open Source CFD Toolbox
   \\    /   O peration     | Website:  https://openfoam.org
    \\  /    A nd           | Version:  7
     \\/     M anipulation  |
\*---------------------------------------------------------------------------*/
FoamFile
{
    version     2.0;
    format      ascii;
    class       volVectorField;
    location    "0.6";
    object      U;
}
// * * * * * * * * * * * * * * * * * * * * * * * * * * * * * * * * * * * * * //

dimensions      [0 1 -1 0 0 0 0];

internalField   nonuniform List<vector> 
4128
(
(2.43481 0.852205 0)
(2.4913 0.796498 0)
(2.52759 0.734635 0)
(2.53801 0.714204 0)
(2.53779 0.74475 0)
(2.52865 0.761822 0)
(2.5576 0.732498 0)
(2.61349 0.679015 0)
(2.64442 0.62014 0)
(2.66663 0.604563 0)
(2.66933 0.632661 0)
(2.65839 0.642063 0)
(2.6822 0.604782 0)
(2.71191 0.544684 0)
(2.72242 0.504959 0)
(2.7399 0.505531 0)
(2.75558 0.519578 0)
(2.77123 0.50988 0)
(2.79307 0.482831 0)
(2.80517 0.448814 0)
(2.81512 0.431261 0)
(2.82954 0.416466 0)
(2.8376 0.394941 0)
(2.83676 0.381712 0)
(2.83207 0.364439 0)
(2.83157 0.335133 0)
(2.84415 0.320457 0)
(2.8559 0.305411 0)
(2.86182 0.292707 0)
(2.8817 0.278652 0)
(2.8986 0.273801 0)
(2.91091 0.26225 0)
(2.916 0.250728 0)
(2.92327 0.239064 0)
(2.92628 0.218366 0)
(2.91329 0.182177 0)
(2.91257 0.151393 0)
(2.91491 0.144356 0)
(2.93351 0.138729 0)
(2.94708 0.133672 0)
(2.95595 0.126736 0)
(2.96681 0.124158 0)
(2.9894 0.109292 0)
(3.00322 0.0827915 0)
(3.00865 0.0718982 0)
(3.01073 0.0741283 0)
(3.01697 0.0601074 0)
(3.03493 0.0344322 0)
(3.04384 0.0134941 0)
(3.05034 0.00748194 0)
(3.05656 0.0112472 0)
(3.0564 0.0302496 0)
(3.05327 0.0440332 0)
(3.05556 0.0450587 0)
(3.07031 0.0316928 0)
(3.08845 -0.00767807 0)
(3.10358 -0.0727313 0)
(3.1186 -0.101016 0)
(3.12744 -0.102227 0)
(3.13501 -0.10081 0)
(3.14298 -0.0996633 0)
(3.15205 -0.0885816 0)
(3.14301 -0.0723273 0)
(3.13604 -0.0690456 0)
(3.1293 -0.0529368 0)
(3.12157 -0.023066 0)
(3.10824 -0.00375325 0)
(3.11059 -0.00459945 0)
(3.13492 -0.0474056 0)
(3.15381 -0.113567 0)
(3.17405 -0.132772 0)
(3.18111 -0.131623 0)
(3.18192 -0.130268 0)
(3.17921 -0.129852 0)
(3.17507 -0.12945 0)
(3.16863 -0.13004 0)
(3.15517 -0.131403 0)
(3.14291 -0.128602 0)
(3.14161 -0.114842 0)
(3.14775 -0.101639 0)
(3.14679 -0.101086 0)
(3.14486 -0.103817 0)
(3.14469 -0.102217 0)
(3.14484 -0.0987444 0)
(3.14503 -0.0959166 0)
(3.14395 -0.0932594 0)
(3.14073 -0.0887072 0)
(3.13837 -0.0818236 0)
(3.14267 -0.0713322 0)
(3.1567 -0.0579583 0)
(3.16573 -0.0483661 0)
(3.16379 -0.0451082 0)
(3.16093 -0.0457903 0)
(3.15691 -0.047453 0)
(3.15011 -0.0484311 0)
(3.14218 -0.0484686 0)
(3.13457 -0.0447112 0)
(3.12769 -0.0393424 0)
(3.1216 -0.0325012 0)
(3.1167 -0.0227284 0)
(3.11274 -0.0128022 0)
(3.10789 -0.00686207 0)
(3.1012 -0.00433299 0)
(3.09445 -0.00284279 0)
(3.08991 -0.000710668 0)
(3.08888 0.00398681 0)
(3.09724 0.0114144 0)
(3.11823 0.0180888 0)
(3.12777 0.0190337 0)
(3.12741 0.0182555 0)
(3.12642 0.0173429 0)
(3.12315 0.0149726 0)
(3.11336 0.00710861 0)
(3.08973 -0.0121708 0)
(3.05858 -0.0345749 0)
(3.04796 -0.0403742 0)
(3.04631 -0.0403467 0)
(3.04584 -0.0382761 0)
(3.05263 -0.031927 0)
(3.06302 -0.0247688 0)
(3.0644 -0.0236502 0)
(3.06303 -0.0241971 0)
(3.06142 -0.02498 0)
(3.05985 -0.0257629 0)
(3.05665 -0.0271119 0)
(3.05029 -0.031471 0)
(3.0435 -0.0360773 0)
(3.04163 -0.0370756 0)
(3.03814 -0.0364035 0)
(2.44374 0.868491 0)
(2.49293 0.812626 0)
(2.52118 0.754116 0)
(2.52832 0.757247 0)
(2.52519 0.787843 0)
(2.53115 0.780513 0)
(2.57791 0.747739 0)
(2.61849 0.686062 0)
(2.64059 0.641636 0)
(2.65396 0.656011 0)
(2.64886 0.678488 0)
(2.65386 0.664321 0)
(2.68286 0.621281 0)
(2.70745 0.573306 0)
(2.71977 0.538748 0)
(2.73507 0.537244 0)
(2.75115 0.547468 0)
(2.77035 0.539943 0)
(2.79053 0.515627 0)
(2.80251 0.486375 0)
(2.8133 0.465322 0)
(2.82704 0.445343 0)
(2.83384 0.417543 0)
(2.82931 0.402609 0)
(2.82066 0.38882 0)
(2.82639 0.366104 0)
(2.84442 0.360172 0)
(2.85976 0.343651 0)
(2.86748 0.324197 0)
(2.88454 0.308874 0)
(2.90226 0.305435 0)
(2.91226 0.296043 0)
(2.91631 0.288819 0)
(2.92256 0.275157 0)
(2.91732 0.24191 0)
(2.90311 0.204612 0)
(2.90889 0.185122 0)
(2.91508 0.182121 0)
(2.93415 0.175493 0)
(2.95079 0.169176 0)
(2.96155 0.157784 0)
(2.97402 0.155738 0)
(2.99322 0.140348 0)
(3.00286 0.115643 0)
(3.00535 0.107211 0)
(3.00876 0.108788 0)
(3.01911 0.0961782 0)
(3.03903 0.0645045 0)
(3.04752 0.0437532 0)
(3.05024 0.0424999 0)
(3.05264 0.0481789 0)
(3.04992 0.0685287 0)
(3.04452 0.0776169 0)
(3.05913 0.0673786 0)
(3.07948 0.0445748 0)
(3.09347 0.0146733 0)
(3.10799 -0.0415128 0)
(3.12291 -0.0695241 0)
(3.13035 -0.0710702 0)
(3.13597 -0.0700522 0)
(3.14496 -0.0671268 0)
(3.14798 -0.0524342 0)
(3.14056 -0.0473576 0)
(3.13638 -0.0385504 0)
(3.12657 -0.00500575 0)
(3.1027 0.0245344 0)
(3.09207 0.0309926 0)
(3.11238 0.0106435 0)
(3.14683 -0.0328455 0)
(3.16306 -0.0801798 0)
(3.16836 -0.0916611 0)
(3.17169 -0.0920242 0)
(3.17364 -0.095069 0)
(3.17395 -0.101372 0)
(3.17309 -0.102997 0)
(3.16836 -0.10619 0)
(3.15826 -0.113301 0)
(3.14877 -0.117229 0)
(3.15 -0.113104 0)
(3.15553 -0.108922 0)
(3.15516 -0.10963 0)
(3.15478 -0.111497 0)
(3.15483 -0.112416 0)
(3.15403 -0.110166 0)
(3.15384 -0.106895 0)
(3.15305 -0.103244 0)
(3.15083 -0.0990957 0)
(3.14968 -0.0917917 0)
(3.15674 -0.0795869 0)
(3.17102 -0.0660466 0)
(3.17135 -0.0593838 0)
(3.16742 -0.0590906 0)
(3.16321 -0.0594442 0)
(3.15678 -0.0607613 0)
(3.15303 -0.0611245 0)
(3.14588 -0.0608132 0)
(3.1386 -0.0576123 0)
(3.13337 -0.0509429 0)
(3.12969 -0.0421634 0)
(3.12699 -0.0329034 0)
(3.12448 -0.0230623 0)
(3.12029 -0.0133064 0)
(3.11372 -0.00766596 0)
(3.10549 -0.00617943 0)
(3.09799 -0.00541323 0)
(3.09579 -0.00211395 0)
(3.10629 0.00465536 0)
(3.12622 0.0115511 0)
(3.13107 0.0129488 0)
(3.12855 0.0122177 0)
(3.12668 0.0107445 0)
(3.12154 0.00788914 0)
(3.10379 -0.00310628 0)
(3.07146 -0.0253658 0)
(3.05258 -0.0361616 0)
(3.05026 -0.0366993 0)
(3.04766 -0.0361768 0)
(3.05021 -0.0328489 0)
(3.0611 -0.0262084 0)
(3.06591 -0.0231501 0)
(3.06488 -0.0229216 0)
(3.06383 -0.0228535 0)
(3.06233 -0.0229829 0)
(3.05923 -0.0241539 0)
(3.05336 -0.0283319 0)
(3.04646 -0.0345088 0)
(3.04367 -0.0360336 0)
(3.04276 -0.0366563 0)
(3.03782 -0.0358701 0)
(2.46489 0.861961 0)
(2.49045 0.830042 0)
(2.51435 0.791277 0)
(2.51974 0.80425 0)
(2.51861 0.822725 0)
(2.54532 0.798971 0)
(2.59308 0.754939 0)
(2.61761 0.696169 0)
(2.63365 0.676608 0)
(2.63524 0.705353 0)
(2.63478 0.710531 0)
(2.65921 0.675739 0)
(2.68474 0.637839 0)
(2.7104 0.598135 0)
(2.72167 0.569607 0)
(2.7306 0.57009 0)
(2.7419 0.580717 0)
(2.75935 0.578167 0)
(2.7864 0.552008 0)
(2.80552 0.513767 0)
(2.81948 0.480309 0)
(2.82954 0.461367 0)
(2.82815 0.442924 0)
(2.81868 0.432085 0)
(2.80989 0.423202 0)
(2.82421 0.404269 0)
(2.84519 0.396969 0)
(2.86456 0.376368 0)
(2.87406 0.354949 0)
(2.88444 0.343957 0)
(2.90241 0.341114 0)
(2.912 0.330994 0)
(2.91609 0.32004 0)
(2.91586 0.296575 0)
(2.90205 0.256669 0)
(2.89925 0.235855 0)
(2.9068 0.221715 0)
(2.91513 0.21805 0)
(2.93602 0.211918 0)
(2.95551 0.203122 0)
(2.96669 0.191007 0)
(2.97889 0.188971 0)
(2.99373 0.170349 0)
(3.00025 0.141386 0)
(3.00334 0.134671 0)
(3.01029 0.133029 0)
(3.02764 0.119886 0)
(3.04218 0.0936346 0)
(3.04517 0.078514 0)
(3.0482 0.0786798 0)
(3.04994 0.0862395 0)
(3.04728 0.101137 0)
(3.0433 0.102882 0)
(3.06581 0.0875678 0)
(3.08399 0.0651117 0)
(3.09504 0.0411536 0)
(3.11044 -0.0087381 0)
(3.12525 -0.0354203 0)
(3.13075 -0.0363388 0)
(3.13583 -0.0353981 0)
(3.14433 -0.0287801 0)
(3.14079 -0.0187707 0)
(3.1352 -0.0153307 0)
(3.13018 0.00563866 0)
(3.11502 0.045072 0)
(3.08986 0.0679916 0)
(3.08556 0.0635075 0)
(3.11536 0.0191055 0)
(3.14769 -0.0369111 0)
(3.16411 -0.0727073 0)
(3.16956 -0.0796848 0)
(3.17114 -0.0788809 0)
(3.17087 -0.074374 0)
(3.16924 -0.0682435 0)
(3.16783 -0.0656491 0)
(3.1629 -0.0625825 0)
(3.15346 -0.0653688 0)
(3.14598 -0.0741496 0)
(3.14919 -0.0805867 0)
(3.15164 -0.0812131 0)
(3.15212 -0.0821944 0)
(3.15403 -0.0901963 0)
(3.15616 -0.0977882 0)
(3.15691 -0.0986464 0)
(3.15716 -0.0976528 0)
(3.15755 -0.0950676 0)
(3.15713 -0.0909098 0)
(3.15906 -0.0857818 0)
(3.16993 -0.0785854 0)
(3.17663 -0.073491 0)
(3.17613 -0.0730816 0)
(3.17382 -0.073444 0)
(3.16851 -0.0738109 0)
(3.15788 -0.0746221 0)
(3.15404 -0.0751171 0)
(3.14969 -0.074783 0)
(3.14492 -0.0729911 0)
(3.14265 -0.0684452 0)
(3.14125 -0.0591706 0)
(3.13869 -0.048889 0)
(3.13476 -0.0414841 0)
(3.12942 -0.0352557 0)
(3.12253 -0.0289614 0)
(3.11454 -0.0247011 0)
(3.10722 -0.0211119 0)
(3.10675 -0.014117 0)
(3.12108 5.1846e-05 0)
(3.13428 0.0126079 0)
(3.13075 0.013045 0)
(3.12668 0.0108459 0)
(3.1233 0.00768061 0)
(3.11218 0.000173183 0)
(3.08703 -0.0188414 0)
(3.06147 -0.0343748 0)
(3.05555 -0.0362734 0)
(3.05182 -0.0354289 0)
(3.05 -0.033256 0)
(3.05676 -0.0296503 0)
(3.06631 -0.0258082 0)
(3.06737 -0.0244056 0)
(3.06609 -0.024234 0)
(3.06481 -0.0242213 0)
(3.0625 -0.0245612 0)
(3.05669 -0.0272305 0)
(3.04933 -0.03305 0)
(3.0453 -0.0357387 0)
(3.04429 -0.0357435 0)
(3.04306 -0.0372403 0)
(3.03739 -0.0351046 0)
(2.49638 0.837051 0)
(2.50048 0.847752 0)
(2.50789 0.847398 0)
(2.50579 0.860711 0)
(2.50683 0.859213 0)
(2.55314 0.821173 0)
(2.6009 0.760491 0)
(2.61397 0.713793 0)
(2.62252 0.720413 0)
(2.61756 0.746897 0)
(2.62729 0.734954 0)
(2.66771 0.685473 0)
(2.6902 0.645987 0)
(2.70702 0.63458 0)
(2.71631 0.617158 0)
(2.72147 0.612531 0)
(2.73153 0.614041 0)
(2.75755 0.599558 0)
(2.7878 0.567828 0)
(2.80466 0.538186 0)
(2.81817 0.512128 0)
(2.8239 0.497832 0)
(2.81883 0.474282 0)
(2.81148 0.456094 0)
(2.8092 0.449905 0)
(2.82576 0.436853 0)
(2.84696 0.432017 0)
(2.86524 0.415633 0)
(2.87881 0.389494 0)
(2.88791 0.378611 0)
(2.90353 0.371599 0)
(2.90979 0.362843 0)
(2.90695 0.347428 0)
(2.89488 0.312362 0)
(2.89244 0.280288 0)
(2.89856 0.272726 0)
(2.90686 0.256904 0)
(2.91695 0.25596 0)
(2.93816 0.251337 0)
(2.96241 0.233953 0)
(2.9724 0.215798 0)
(2.97986 0.208108 0)
(2.98645 0.193482 0)
(2.99353 0.179394 0)
(3.0015 0.175156 0)
(3.01089 0.169103 0)
(3.02888 0.152833 0)
(3.04151 0.125842 0)
(3.04349 0.110456 0)
(3.04723 0.111626 0)
(3.0479 0.124132 0)
(3.04343 0.134796 0)
(3.04875 0.125915 0)
(3.07185 0.10984 0)
(3.08541 0.0866908 0)
(3.09627 0.062203 0)
(3.11282 0.017372 0)
(3.12503 -0.00117808 0)
(3.1282 -0.00123614 0)
(3.13424 0.000350299 0)
(3.13722 0.00710449 0)
(3.13264 0.00856592 0)
(3.1267 0.0202051 0)
(3.12005 0.0573686 0)
(3.09795 0.0910767 0)
(3.08389 0.099028 0)
(3.09645 0.0745613 0)
(3.11957 0.0296381 0)
(3.14025 -0.013114 0)
(3.15661 -0.0304175 0)
(3.16291 -0.0323198 0)
(3.16549 -0.0326948 0)
(3.16482 -0.034002 0)
(3.16424 -0.0343196 0)
(3.16134 -0.0331229 0)
(3.15636 -0.0317177 0)
(3.15145 -0.0375829 0)
(3.14982 -0.0526991 0)
(3.15171 -0.0679056 0)
(3.15174 -0.0720888 0)
(3.15139 -0.0737281 0)
(3.15352 -0.0858304 0)
(3.1579 -0.0989595 0)
(3.16011 -0.100973 0)
(3.16131 -0.100049 0)
(3.16359 -0.0976651 0)
(3.16642 -0.0938561 0)
(3.17137 -0.0888361 0)
(3.17987 -0.0813484 0)
(3.18035 -0.0773153 0)
(3.17746 -0.0774139 0)
(3.17456 -0.077658 0)
(3.16826 -0.077928 0)
(3.15825 -0.0796162 0)
(3.15541 -0.080525 0)
(3.15233 -0.080884 0)
(3.15031 -0.0802296 0)
(3.14936 -0.0780197 0)
(3.14794 -0.0740957 0)
(3.1445 -0.0692116 0)
(3.13989 -0.0652652 0)
(3.1346 -0.0622196 0)
(3.12825 -0.0580313 0)
(3.12126 -0.051763 0)
(3.11644 -0.0440858 0)
(3.12412 -0.0343566 0)
(3.1439 -0.0209805 0)
(3.1403 -0.016821 0)
(3.13356 -0.0174648 0)
(3.12808 -0.0191388 0)
(3.11884 -0.0219162 0)
(3.09971 -0.0293253 0)
(3.07506 -0.0388335 0)
(3.06433 -0.0403618 0)
(3.05956 -0.0392233 0)
(3.05387 -0.0376275 0)
(3.05499 -0.0346303 0)
(3.06429 -0.0288234 0)
(3.06906 -0.0254424 0)
(3.06774 -0.0251828 0)
(3.06644 -0.0253026 0)
(3.0647 -0.0257842 0)
(3.05966 -0.0282723 0)
(3.05224 -0.0339346 0)
(3.04742 -0.0368365 0)
(3.04615 -0.0367489 0)
(3.04446 -0.0354085 0)
(3.04372 -0.0345627 0)
(3.03819 -0.0280491 0)
(2.56042 0.794464 0)
(2.51763 0.834491 0)
(2.5019 0.891207 0)
(2.49845 0.903403 0)
(2.51038 0.888788 0)
(2.54952 0.850873 0)
(2.5953 0.786372 0)
(2.60756 0.745587 0)
(2.61075 0.759511 0)
(2.60897 0.771142 0)
(2.63543 0.743758 0)
(2.66851 0.701025 0)
(2.68571 0.673714 0)
(2.70074 0.670974 0)
(2.71282 0.657748 0)
(2.72026 0.641866 0)
(2.729 0.639917 0)
(2.7495 0.629366 0)
(2.78176 0.597498 0)
(2.80286 0.561343 0)
(2.8175 0.533289 0)
(2.82357 0.515717 0)
(2.81228 0.50065 0)
(2.80511 0.490966 0)
(2.80755 0.486491 0)
(2.82742 0.474812 0)
(2.84987 0.462649 0)
(2.87212 0.43952 0)
(2.87858 0.424486 0)
(2.89024 0.415012 0)
(2.89946 0.411563 0)
(2.90271 0.395511 0)
(2.88707 0.362726 0)
(2.87687 0.322733 0)
(2.8903 0.314584 0)
(2.89985 0.307803 0)
(2.90793 0.29263 0)
(2.92067 0.292234 0)
(2.94085 0.289419 0)
(2.96291 0.267179 0)
(2.96919 0.245932 0)
(2.96918 0.233959 0)
(2.97768 0.215728 0)
(2.99377 0.210011 0)
(3.00458 0.204736 0)
(3.01523 0.195305 0)
(3.03033 0.178059 0)
(3.03867 0.154538 0)
(3.03947 0.146217 0)
(3.04277 0.150272 0)
(3.04151 0.164182 0)
(3.04077 0.165633 0)
(3.05779 0.149988 0)
(3.07631 0.1285 0)
(3.08535 0.11038 0)
(3.09876 0.0846488 0)
(3.11311 0.0487123 0)
(3.12101 0.0391153 0)
(3.12377 0.0391423 0)
(3.12953 0.0396345 0)
(3.12528 0.0394277 0)
(3.11861 0.0433432 0)
(3.11471 0.0638466 0)
(3.10246 0.106731 0)
(3.08131 0.133656 0)
(3.08419 0.127828 0)
(3.10669 0.0818094 0)
(3.12275 0.0265453 0)
(3.14395 -0.00610741 0)
(3.15507 -0.00814782 0)
(3.15929 -0.00828817 0)
(3.16116 -0.00636037 0)
(3.16062 -0.000280101 0)
(3.15977 0.002788 0)
(3.15476 0.00504205 0)
(3.14859 0.00190359 0)
(3.14716 -0.0101867 0)
(3.14925 -0.0254563 0)
(3.14816 -0.0341911 0)
(3.14678 -0.03773 0)
(3.14569 -0.0437364 0)
(3.14933 -0.0592849 0)
(3.15388 -0.0688798 0)
(3.15728 -0.0717431 0)
(3.16164 -0.0729923 0)
(3.16578 -0.0723371 0)
(3.17052 -0.0698755 0)
(3.17657 -0.0664937 0)
(3.18051 -0.0667512 0)
(3.17965 -0.0693183 0)
(3.17595 -0.0712515 0)
(3.17211 -0.072855 0)
(3.1646 -0.0748244 0)
(3.1564 -0.0765756 0)
(3.1548 -0.0769102 0)
(3.15305 -0.0773968 0)
(3.15259 -0.0806445 0)
(3.15226 -0.082492 0)
(3.14977 -0.0828979 0)
(3.14593 -0.0830655 0)
(3.14158 -0.083252 0)
(3.13856 -0.0831888 0)
(3.13392 -0.08239 0)
(3.12913 -0.0789529 0)
(3.12761 -0.0725077 0)
(3.13764 -0.0632554 0)
(3.15399 -0.0566006 0)
(3.14563 -0.0559051 0)
(3.13582 -0.0558127 0)
(3.12686 -0.0557683 0)
(3.1162 -0.0561493 0)
(3.09338 -0.0570116 0)
(3.07721 -0.0549951 0)
(3.07074 -0.0518172 0)
(3.06248 -0.0464325 0)
(3.05851 -0.0431574 0)
(3.06381 -0.0388153 0)
(3.07243 -0.033399 0)
(3.07106 -0.0324962 0)
(3.06877 -0.0329119 0)
(3.06674 -0.0333648 0)
(3.062 -0.0344607 0)
(3.05565 -0.0373553 0)
(3.05107 -0.0389 0)
(3.04928 -0.038723 0)
(3.04661 -0.0378611 0)
(3.04545 -0.0368055 0)
(3.04674 -0.035192 0)
(3.04622 -0.021252 0)
(2.67941 0.69499 0)
(2.57898 0.781548 0)
(2.51325 0.893418 0)
(2.51459 0.92245 0)
(2.52216 0.903109 0)
(2.54902 0.864014 0)
(2.58654 0.812612 0)
(2.60121 0.784921 0)
(2.60025 0.795259 0)
(2.60084 0.790984 0)
(2.63972 0.759731 0)
(2.66907 0.71956 0)
(2.68436 0.697936 0)
(2.69645 0.703852 0)
(2.70251 0.701412 0)
(2.71774 0.675173 0)
(2.72848 0.662441 0)
(2.74759 0.647242 0)
(2.77894 0.614997 0)
(2.79681 0.585967 0)
(2.80887 0.567167 0)
(2.81339 0.552481 0)
(2.80046 0.535641 0)
(2.80479 0.521516 0)
(2.81138 0.516097 0)
(2.8287 0.504259 0)
(2.85268 0.493497 0)
(2.87183 0.476225 0)
(2.88159 0.459645 0)
(2.89095 0.448464 0)
(2.8961 0.437174 0)
(2.88809 0.409567 0)
(2.86734 0.37919 0)
(2.86845 0.357516 0)
(2.88597 0.355434 0)
(2.90064 0.341493 0)
(2.90903 0.32876 0)
(2.92178 0.33026 0)
(2.94301 0.324491 0)
(2.95919 0.293366 0)
(2.95906 0.263395 0)
(2.95787 0.252275 0)
(2.97367 0.245673 0)
(2.99048 0.24599 0)
(3.00452 0.240481 0)
(3.01839 0.228423 0)
(3.0325 0.205391 0)
(3.03379 0.180897 0)
(3.03394 0.177837 0)
(3.03788 0.187539 0)
(3.03843 0.196403 0)
(3.04763 0.186727 0)
(3.06361 0.173331 0)
(3.075 0.152977 0)
(3.08603 0.134375 0)
(3.10369 0.101667 0)
(3.11544 0.072855 0)
(3.11894 0.0698972 0)
(3.12263 0.0699453 0)
(3.12035 0.0680456 0)
(3.11355 0.0665127 0)
(3.1041 0.0794114 0)
(3.09865 0.112535 0)
(3.08292 0.144783 0)
(3.07647 0.157323 0)
(3.09664 0.140668 0)
(3.11848 0.0898687 0)
(3.12976 0.0429624 0)
(3.1396 0.0357369 0)
(3.14392 0.034857 0)
(3.14802 0.0339593 0)
(3.15044 0.0342531 0)
(3.1531 0.0358938 0)
(3.15452 0.0384625 0)
(3.15078 0.0364201 0)
(3.14448 0.0267683 0)
(3.14234 0.0129433 0)
(3.14421 -0.00180316 0)
(3.14531 -0.012741 0)
(3.14403 -0.0201157 0)
(3.14595 -0.035294 0)
(3.15052 -0.0471254 0)
(3.15349 -0.0501831 0)
(3.1583 -0.0541028 0)
(3.1634 -0.0549381 0)
(3.16747 -0.0553046 0)
(3.17325 -0.0561903 0)
(3.17966 -0.0610523 0)
(3.182 -0.0687423 0)
(3.18066 -0.0719383 0)
(3.17786 -0.0730348 0)
(3.17252 -0.0742581 0)
(3.16192 -0.0774052 0)
(3.1564 -0.0800515 0)
(3.15573 -0.0804188 0)
(3.15577 -0.0819856 0)
(3.15622 -0.0840769 0)
(3.15401 -0.0846323 0)
(3.15162 -0.0847105 0)
(3.1474 -0.0849678 0)
(3.14035 -0.087363 0)
(3.13787 -0.088416 0)
(3.13471 -0.0886974 0)
(3.13214 -0.088097 0)
(3.13508 -0.0864583 0)
(3.14742 -0.0836066 0)
(3.15621 -0.0816256 0)
(3.14966 -0.081816 0)
(3.14265 -0.0818197 0)
(3.13259 -0.0813621 0)
(3.12011 -0.080193 0)
(3.09547 -0.0755718 0)
(3.08284 -0.0708283 0)
(3.07463 -0.0664787 0)
(3.06615 -0.0588198 0)
(3.06508 -0.0514765 0)
(3.07443 -0.0457663 0)
(3.07892 -0.0440957 0)
(3.07367 -0.0444097 0)
(3.06927 -0.0449735 0)
(3.06558 -0.0458025 0)
(3.05966 -0.0457662 0)
(3.05597 -0.0442118 0)
(3.05323 -0.0423442 0)
(3.05011 -0.0393158 0)
(3.04848 -0.036252 0)
(3.04884 -0.0329414 0)
(3.05288 -0.0259357 0)
(3.06113 -0.00868137 0)
(2.79907 0.556482 0)
(2.70495 0.659156 0)
(2.56903 0.838194 0)
(2.54515 0.913617 0)
(2.55322 0.882188 0)
(2.56675 0.859635 0)
(2.58114 0.84371 0)
(2.58631 0.839591 0)
(2.58256 0.837965 0)
(2.59109 0.814822 0)
(2.64295 0.77689 0)
(2.66964 0.738718 0)
(2.68265 0.731067 0)
(2.68752 0.743212 0)
(2.69404 0.734695 0)
(2.71629 0.696066 0)
(2.72887 0.678166 0)
(2.74292 0.670877 0)
(2.77126 0.644636 0)
(2.78795 0.616091 0)
(2.79812 0.598511 0)
(2.80283 0.583453 0)
(2.79576 0.562662 0)
(2.80504 0.554635 0)
(2.81452 0.547772 0)
(2.82756 0.535075 0)
(2.85382 0.521221 0)
(2.87218 0.506063 0)
(2.88141 0.495128 0)
(2.88726 0.484385 0)
(2.88093 0.463205 0)
(2.86323 0.425463 0)
(2.86535 0.399663 0)
(2.86927 0.391012 0)
(2.88462 0.386853 0)
(2.90011 0.376434 0)
(2.91039 0.366682 0)
(2.92482 0.362024 0)
(2.94151 0.348917 0)
(2.94116 0.31931 0)
(2.94339 0.290021 0)
(2.94865 0.283807 0)
(2.9682 0.279298 0)
(2.98911 0.277131 0)
(3.00805 0.264106 0)
(3.02207 0.248032 0)
(3.03163 0.227792 0)
(3.02417 0.211924 0)
(3.02254 0.225311 0)
(3.02325 0.239403 0)
(3.03404 0.236061 0)
(3.05051 0.223048 0)
(3.06752 0.199495 0)
(3.07476 0.17373 0)
(3.08543 0.153847 0)
(3.10264 0.125144 0)
(3.1108 0.11213 0)
(3.11322 0.111634 0)
(3.11336 0.108122 0)
(3.10872 0.104774 0)
(3.09645 0.107854 0)
(3.08668 0.131894 0)
(3.07077 0.16668 0)
(3.05468 0.187529 0)
(3.07362 0.177953 0)
(3.10859 0.132665 0)
(3.12806 0.0812909 0)
(3.13475 0.0635883 0)
(3.13663 0.0631732 0)
(3.1392 0.0623606 0)
(3.14141 0.0636662 0)
(3.14372 0.0660928 0)
(3.14703 0.06972 0)
(3.14967 0.0733127 0)
(3.14455 0.068903 0)
(3.13851 0.0588036 0)
(3.1372 0.0432141 0)
(3.13568 0.0308899 0)
(3.13448 0.0194596 0)
(3.14027 0.0012073 0)
(3.14416 -0.0124489 0)
(3.14652 -0.016987 0)
(3.15224 -0.0217337 0)
(3.15675 -0.0258394 0)
(3.16024 -0.0276996 0)
(3.16696 -0.0301076 0)
(3.17243 -0.0338913 0)
(3.17753 -0.0393694 0)
(3.17809 -0.0428516 0)
(3.17727 -0.0438051 0)
(3.17486 -0.0448762 0)
(3.16719 -0.0498177 0)
(3.15749 -0.0596936 0)
(3.15476 -0.0633403 0)
(3.1549 -0.0640983 0)
(3.15501 -0.0659992 0)
(3.15383 -0.0679154 0)
(3.15201 -0.0699394 0)
(3.14909 -0.0720457 0)
(3.14251 -0.0768435 0)
(3.13548 -0.082834 0)
(3.13362 -0.0842842 0)
(3.13255 -0.0851707 0)
(3.13291 -0.0877751 0)
(3.13936 -0.0900221 0)
(3.15409 -0.0868213 0)
(3.158 -0.0835734 0)
(3.15221 -0.0834623 0)
(3.14552 -0.083255 0)
(3.13798 -0.0827276 0)
(3.12307 -0.0821264 0)
(3.09731 -0.0829663 0)
(3.08789 -0.0820484 0)
(3.0798 -0.0786102 0)
(3.07317 -0.0717069 0)
(3.07335 -0.0646545 0)
(3.08049 -0.0586252 0)
(3.08255 -0.0558213 0)
(3.07767 -0.054712 0)
(3.07242 -0.0539292 0)
(3.06693 -0.0523968 0)
(3.06154 -0.0491354 0)
(3.0576 -0.0449578 0)
(3.05512 -0.0413142 0)
(3.05338 -0.0380293 0)
(3.05265 -0.0348759 0)
(3.05558 -0.0292665 0)
(3.06465 -0.0170429 0)
(3.07549 -0.00320231 0)
(2.84604 0.494181 0)
(2.81032 0.540997 0)
(2.70726 0.682963 0)
(2.62446 0.842945 0)
(2.60892 0.843769 0)
(2.58845 0.844686 0)
(2.58367 0.857393 0)
(2.56908 0.883334 0)
(2.56978 0.880271 0)
(2.59044 0.854505 0)
(2.63535 0.811278 0)
(2.66736 0.768218 0)
(2.67887 0.766232 0)
(2.67748 0.778054 0)
(2.68958 0.755745 0)
(2.71335 0.708378 0)
(2.72592 0.694277 0)
(2.73926 0.695124 0)
(2.76457 0.676694 0)
(2.78073 0.646815 0)
(2.78718 0.627268 0)
(2.79023 0.61171 0)
(2.78894 0.594816 0)
(2.80248 0.591229 0)
(2.81571 0.58353 0)
(2.83092 0.56427 0)
(2.85242 0.546376 0)
(2.86733 0.537515 0)
(2.8769 0.529401 0)
(2.87811 0.51265 0)
(2.8612 0.47406 0)
(2.8556 0.440931 0)
(2.8595 0.437209 0)
(2.86878 0.432171 0)
(2.88474 0.424679 0)
(2.89817 0.406545 0)
(2.90607 0.401838 0)
(2.91792 0.400173 0)
(2.9269 0.376468 0)
(2.92555 0.335925 0)
(2.93578 0.317108 0)
(2.94367 0.314677 0)
(2.96175 0.312279 0)
(2.98616 0.310402 0)
(3.008 0.296975 0)
(3.02333 0.277002 0)
(3.0274 0.252242 0)
(3.01708 0.246148 0)
(3.01403 0.264129 0)
(3.01987 0.266464 0)
(3.0404 0.254671 0)
(3.05207 0.245154 0)
(3.06791 0.221095 0)
(3.0718 0.206829 0)
(3.08718 0.176441 0)
(3.10558 0.143883 0)
(3.10975 0.139964 0)
(3.11246 0.134093 0)
(3.10915 0.12913 0)
(3.10014 0.125397 0)
(3.0904 0.145619 0)
(3.07476 0.182109 0)
(3.05292 0.20609 0)
(3.05681 0.206082 0)
(3.09035 0.17709 0)
(3.11546 0.136391 0)
(3.12128 0.11011 0)
(3.12487 0.108408 0)
(3.1268 0.107671 0)
(3.12907 0.10476 0)
(3.13269 0.102386 0)
(3.13764 0.100234 0)
(3.14286 0.100545 0)
(3.1426 0.100037 0)
(3.13811 0.0942986 0)
(3.13674 0.0816596 0)
(3.13561 0.0654183 0)
(3.13027 0.0525406 0)
(3.1326 0.0305451 0)
(3.13938 0.0133243 0)
(3.14209 0.00953262 0)
(3.14528 0.00648174 0)
(3.15077 0.00174997 0)
(3.15449 -0.000600371 0)
(3.15661 -0.0021697 0)
(3.16578 -0.00698448 0)
(3.17111 -0.0130899 0)
(3.17601 -0.0212039 0)
(3.17719 -0.0272777 0)
(3.17645 -0.0294455 0)
(3.17383 -0.0315587 0)
(3.16504 -0.0374782 0)
(3.15531 -0.0465111 0)
(3.15367 -0.0501835 0)
(3.15436 -0.052167 0)
(3.15517 -0.0567917 0)
(3.15472 -0.0622911 0)
(3.15244 -0.066603 0)
(3.1483 -0.0717716 0)
(3.14043 -0.0795699 0)
(3.13384 -0.0862036 0)
(3.13294 -0.0876974 0)
(3.13301 -0.0883365 0)
(3.13582 -0.0867386 0)
(3.14452 -0.0820551 0)
(3.15779 -0.0771759 0)
(3.15903 -0.0764672 0)
(3.15391 -0.0769663 0)
(3.14766 -0.0774268 0)
(3.14055 -0.0787477 0)
(3.12245 -0.0820954 0)
(3.09751 -0.0858943 0)
(3.09039 -0.0859832 0)
(3.08252 -0.0831909 0)
(3.07756 -0.0766889 0)
(3.0802 -0.0692986 0)
(3.08598 -0.0632519 0)
(3.08547 -0.0596263 0)
(3.0808 -0.0573245 0)
(3.0754 -0.0551129 0)
(3.06971 -0.0520693 0)
(3.06454 -0.048211 0)
(3.06075 -0.044691 0)
(3.05806 -0.0426736 0)
(3.05681 -0.040407 0)
(3.05868 -0.0345152 0)
(3.06734 -0.0232669 0)
(3.07835 -0.00940981 0)
(3.08141 -0.0042138 0)
(2.85148 0.491299 0)
(2.84948 0.497711 0)
(2.82489 0.545595 0)
(2.75532 0.674247 0)
(2.70834 0.750639 0)
(2.63869 0.797703 0)
(2.58847 0.852803 0)
(2.56722 0.907254 0)
(2.57123 0.908774 0)
(2.60125 0.877482 0)
(2.62735 0.837707 0)
(2.65732 0.805323 0)
(2.66868 0.808021 0)
(2.66709 0.811917 0)
(2.68255 0.774935 0)
(2.70887 0.722932 0)
(2.72264 0.709569 0)
(2.73829 0.716546 0)
(2.75701 0.709377 0)
(2.77246 0.681769 0)
(2.77699 0.658465 0)
(2.7781 0.640192 0)
(2.7846 0.622801 0)
(2.80143 0.620823 0)
(2.8162 0.612054 0)
(2.8305 0.595005 0)
(2.84868 0.578093 0)
(2.86175 0.567827 0)
(2.86792 0.556324 0)
(2.85889 0.529154 0)
(2.84545 0.492742 0)
(2.85204 0.480449 0)
(2.85698 0.472129 0)
(2.86893 0.463779 0)
(2.88483 0.455928 0)
(2.8942 0.442387 0)
(2.90038 0.435899 0)
(2.90782 0.422125 0)
(2.90924 0.385166 0)
(2.91625 0.362663 0)
(2.9274 0.357388 0)
(2.9381 0.352983 0)
(2.96058 0.345413 0)
(2.99002 0.333905 0)
(3.01052 0.316871 0)
(3.02138 0.297342 0)
(3.01601 0.282403 0)
(3.00124 0.296762 0)
(2.99589 0.311181 0)
(3.01213 0.302856 0)
(3.03443 0.291956 0)
(3.05194 0.274166 0)
(3.06983 0.241366 0)
(3.07403 0.227576 0)
(3.09154 0.196483 0)
(3.1025 0.183315 0)
(3.10854 0.178234 0)
(3.10572 0.170776 0)
(3.09673 0.163305 0)
(3.08215 0.174573 0)
(3.06476 0.210898 0)
(3.04557 0.235662 0)
(3.04901 0.237753 0)
(3.07914 0.212453 0)
(3.10905 0.17505 0)
(3.11522 0.140423 0)
(3.11555 0.13063 0)
(3.11934 0.130848 0)
(3.12269 0.130669 0)
(3.12553 0.130829 0)
(3.12918 0.13119 0)
(3.1341 0.13197 0)
(3.1353 0.132862 0)
(3.13235 0.131465 0)
(3.13251 0.123464 0)
(3.13172 0.108936 0)
(3.12555 0.101682 0)
(3.12635 0.0818382 0)
(3.13169 0.0531706 0)
(3.13482 0.0396449 0)
(3.13863 0.035782 0)
(3.14364 0.0300713 0)
(3.14816 0.0265667 0)
(3.15071 0.0250593 0)
(3.15546 0.0213416 0)
(3.16313 0.0151459 0)
(3.16976 0.00820981 0)
(3.17254 0.00274601 0)
(3.17325 -0.000320582 0)
(3.17274 -0.00236034 0)
(3.1686 -0.00582841 0)
(3.15769 -0.0150943 0)
(3.15078 -0.0259253 0)
(3.15121 -0.0302582 0)
(3.15165 -0.0334566 0)
(3.15161 -0.0369549 0)
(3.15091 -0.0404093 0)
(3.14865 -0.0438011 0)
(3.14288 -0.0490391 0)
(3.13427 -0.0574715 0)
(3.13024 -0.0626845 0)
(3.12996 -0.0643342 0)
(3.13124 -0.0678199 0)
(3.13638 -0.0706659 0)
(3.14865 -0.0705837 0)
(3.16118 -0.0703771 0)
(3.16087 -0.0716977 0)
(3.15662 -0.072062 0)
(3.1515 -0.0722301 0)
(3.14315 -0.0728499 0)
(3.11963 -0.076806 0)
(3.09623 -0.0820557 0)
(3.09106 -0.0818906 0)
(3.08502 -0.0787299 0)
(3.08292 -0.0736225 0)
(3.08825 -0.0668648 0)
(3.09183 -0.060484 0)
(3.08905 -0.0574549 0)
(3.0843 -0.0554128 0)
(3.07909 -0.053496 0)
(3.07397 -0.0511755 0)
(3.06891 -0.0475175 0)
(3.06433 -0.0428243 0)
(3.06116 -0.0380665 0)
(3.06032 -0.0330122 0)
(3.06654 -0.0254176 0)
(3.08044 -0.0131145 0)
(3.08596 -0.0059257 0)
(3.08268 -0.00522596 0)
(2.84749 0.499422 0)
(2.85719 0.501873 0)
(2.85913 0.507013 0)
(2.85144 0.531439 0)
(2.81016 0.603946 0)
(2.75024 0.673923 0)
(2.62842 0.790675 0)
(2.58871 0.898175 0)
(2.59274 0.893578 0)
(2.6174 0.875484 0)
(2.63068 0.860345 0)
(2.64367 0.852598 0)
(2.65499 0.852622 0)
(2.66101 0.839711 0)
(2.67132 0.797155 0)
(2.70124 0.745724 0)
(2.7168 0.733033 0)
(2.73301 0.743153 0)
(2.75263 0.738554 0)
(2.76781 0.709198 0)
(2.76996 0.68625 0)
(2.76907 0.671106 0)
(2.78028 0.654633 0)
(2.7973 0.65268 0)
(2.81323 0.641063 0)
(2.82781 0.621635 0)
(2.84445 0.605027 0)
(2.85416 0.594317 0)
(2.85189 0.576594 0)
(2.8386 0.542281 0)
(2.84068 0.524562 0)
(2.84939 0.512457 0)
(2.85435 0.506634 0)
(2.86746 0.500382 0)
(2.88306 0.488969 0)
(2.88961 0.473876 0)
(2.89076 0.466313 0)
(2.88783 0.443345 0)
(2.89576 0.404344 0)
(2.90965 0.396435 0)
(2.92361 0.385048 0)
(2.93759 0.382034 0)
(2.96261 0.377175 0)
(2.9899 0.367068 0)
(3.00836 0.351764 0)
(3.01248 0.332897 0)
(2.99903 0.321924 0)
(2.98718 0.330026 0)
(2.9882 0.329781 0)
(3.01299 0.315125 0)
(3.03523 0.307862 0)
(3.05684 0.289 0)
(3.06693 0.269375 0)
(3.07727 0.248201 0)
(3.09731 0.22158 0)
(3.10546 0.20924 0)
(3.10332 0.205025 0)
(3.09585 0.200416 0)
(3.07991 0.204074 0)
(3.06322 0.230961 0)
(3.04543 0.253999 0)
(3.04116 0.262943 0)
(3.06569 0.248919 0)
(3.09836 0.221545 0)
(3.1092 0.193794 0)
(3.0981 0.174226 0)
(3.09977 0.17084 0)
(3.10488 0.170601 0)
(3.11001 0.169389 0)
(3.11587 0.16772 0)
(3.12495 0.165811 0)
(3.13164 0.161668 0)
(3.13028 0.157829 0)
(3.12745 0.156245 0)
(3.12754 0.14448 0)
(3.12828 0.128214 0)
(3.12329 0.119537 0)
(3.127 0.0985397 0)
(3.12957 0.0722464 0)
(3.13262 0.0630491 0)
(3.13554 0.0607525 0)
(3.13972 0.0556994 0)
(3.14465 0.0503755 0)
(3.14685 0.0491345 0)
(3.15455 0.045367 0)
(3.16157 0.0389501 0)
(3.16689 0.0317245 0)
(3.16973 0.0259292 0)
(3.1707 0.0222046 0)
(3.16973 0.0190721 0)
(3.16322 0.013352 0)
(3.15077 0.00243413 0)
(3.14638 -0.00599796 0)
(3.14746 -0.00924069 0)
(3.14817 -0.0127468 0)
(3.14839 -0.0173328 0)
(3.14789 -0.0226681 0)
(3.14534 -0.0293648 0)
(3.13886 -0.0385826 0)
(3.13235 -0.046759 0)
(3.13097 -0.0494316 0)
(3.13113 -0.0508601 0)
(3.13295 -0.0532427 0)
(3.13919 -0.0540307 0)
(3.15232 -0.0520823 0)
(3.16041 -0.0508421 0)
(3.15899 -0.051591 0)
(3.15611 -0.052412 0)
(3.15238 -0.0535926 0)
(3.13832 -0.0586432 0)
(3.11249 -0.0738874 0)
(3.09674 -0.0849199 0)
(3.09375 -0.0862058 0)
(3.09039 -0.0846961 0)
(3.09258 -0.077424 0)
(3.09797 -0.066037 0)
(3.09729 -0.0585606 0)
(3.09306 -0.0563185 0)
(3.08818 -0.0547523 0)
(3.08309 -0.0527328 0)
(3.07802 -0.0507087 0)
(3.07311 -0.0488733 0)
(3.06888 -0.0464259 0)
(3.06663 -0.042501 0)
(3.06937 -0.0339694 0)
(3.08036 -0.018698 0)
(3.08901 -0.00731706 0)
(3.08805 -0.0044486 0)
(3.08402 -0.00415556 0)
(2.84303 0.516359 0)
(2.85233 0.51136 0)
(2.86257 0.516339 0)
(2.86967 0.506693 0)
(2.86427 0.510465 0)
(2.82958 0.553812 0)
(2.75141 0.645629 0)
(2.65084 0.816344 0)
(2.6393 0.857007 0)
(2.64545 0.847443 0)
(2.64418 0.865781 0)
(2.6417 0.874916 0)
(2.63581 0.886333 0)
(2.64523 0.86765 0)
(2.65964 0.829237 0)
(2.68979 0.78257 0)
(2.71001 0.761039 0)
(2.72495 0.770749 0)
(2.74743 0.765234 0)
(2.76497 0.732167 0)
(2.76621 0.710965 0)
(2.76452 0.698875 0)
(2.77609 0.684082 0)
(2.79217 0.681821 0)
(2.80906 0.66621 0)
(2.824 0.645416 0)
(2.83655 0.631324 0)
(2.84012 0.620845 0)
(2.83059 0.596231 0)
(2.82847 0.570639 0)
(2.83451 0.565115 0)
(2.84698 0.54508 0)
(2.85224 0.537292 0)
(2.8651 0.531509 0)
(2.87952 0.517215 0)
(2.88234 0.502596 0)
(2.87477 0.492656 0)
(2.86826 0.458482 0)
(2.8898 0.434309 0)
(2.90473 0.429592 0)
(2.9208 0.417721 0)
(2.93803 0.412917 0)
(2.96765 0.402019 0)
(2.99252 0.389167 0)
(3.00621 0.381146 0)
(3.00322 0.369744 0)
(2.98426 0.361101 0)
(2.9741 0.362356 0)
(2.97883 0.352094 0)
(3.01103 0.339955 0)
(3.03157 0.334354 0)
(3.05622 0.314052 0)
(3.06412 0.288718 0)
(3.08765 0.26429 0)
(3.09821 0.253637 0)
(3.09635 0.250625 0)
(3.08624 0.247941 0)
(3.06115 0.250359 0)
(3.03799 0.27196 0)
(3.02562 0.289118 0)
(3.02869 0.29036 0)
(3.05314 0.274039 0)
(3.08798 0.248272 0)
(3.10875 0.227188 0)
(3.10122 0.209668 0)
(3.08578 0.199038 0)
(3.08877 0.197311 0)
(3.09438 0.196727 0)
(3.1009 0.195344 0)
(3.11068 0.194648 0)
(3.12283 0.194419 0)
(3.12707 0.191348 0)
(3.12639 0.187815 0)
(3.12354 0.182814 0)
(3.11749 0.169995 0)
(3.12165 0.153311 0)
(3.12113 0.143969 0)
(3.12234 0.127782 0)
(3.12405 0.102295 0)
(3.12933 0.0886073 0)
(3.13244 0.0829606 0)
(3.13642 0.0779412 0)
(3.14316 0.0714912 0)
(3.14545 0.0701112 0)
(3.15252 0.0667891 0)
(3.16017 0.061399 0)
(3.16452 0.0550212 0)
(3.16685 0.0502618 0)
(3.16769 0.0465418 0)
(3.16522 0.0422316 0)
(3.15493 0.0337232 0)
(3.143 0.0214411 0)
(3.14216 0.0152383 0)
(3.14363 0.0122626 0)
(3.14443 0.00832527 0)
(3.14459 0.00361335 0)
(3.1436 -0.00177278 0)
(3.13944 -0.00900687 0)
(3.13223 -0.0179331 0)
(3.12886 -0.0229728 0)
(3.12872 -0.0241238 0)
(3.12972 -0.0259179 0)
(3.13314 -0.0282502 0)
(3.14217 -0.02905 0)
(3.15493 -0.0291615 0)
(3.15891 -0.0309488 0)
(3.15793 -0.0323321 0)
(3.15617 -0.0336823 0)
(3.14964 -0.0371515 0)
(3.12998 -0.0467368 0)
(3.10233 -0.0581768 0)
(3.09301 -0.0607213 0)
(3.09119 -0.0609562 0)
(3.09146 -0.05886 0)
(3.09673 -0.0519302 0)
(3.09886 -0.0472434 0)
(3.09693 -0.0464014 0)
(3.09335 -0.0456068 0)
(3.08873 -0.0441339 0)
(3.0838 -0.0420461 0)
(3.07901 -0.039908 0)
(3.07441 -0.0376615 0)
(3.07077 -0.0345188 0)
(3.07134 -0.0293806 0)
(3.08052 -0.0186295 0)
(3.09212 -0.0068122 0)
(3.09216 -0.0041484 0)
(3.09 -0.00354832 0)
(3.08546 -0.00284012 0)
(2.82943 0.551481 0)
(2.84377 0.531188 0)
(2.85619 0.524482 0)
(2.86941 0.517404 0)
(2.86828 0.504387 0)
(2.86456 0.506576 0)
(2.83708 0.544064 0)
(2.78489 0.637823 0)
(2.72193 0.767597 0)
(2.70593 0.796086 0)
(2.66052 0.84862 0)
(2.64466 0.878563 0)
(2.63281 0.887397 0)
(2.63974 0.877814 0)
(2.65274 0.855331 0)
(2.67581 0.8257 0)
(2.69878 0.803054 0)
(2.71217 0.806316 0)
(2.73802 0.796741 0)
(2.76141 0.756983 0)
(2.7619 0.736898 0)
(2.75771 0.726046 0)
(2.77249 0.710873 0)
(2.78835 0.70413 0)
(2.80107 0.688896 0)
(2.81502 0.674427 0)
(2.82886 0.654821 0)
(2.82686 0.640139 0)
(2.81439 0.616884 0)
(2.8233 0.606588 0)
(2.83177 0.59985 0)
(2.84514 0.576496 0)
(2.84875 0.566434 0)
(2.85934 0.561293 0)
(2.87099 0.545245 0)
(2.87032 0.526857 0)
(2.85734 0.511931 0)
(2.86015 0.47655 0)
(2.88456 0.46835 0)
(2.90168 0.460154 0)
(2.91692 0.449116 0)
(2.94023 0.443342 0)
(2.96999 0.431867 0)
(2.99085 0.420717 0)
(2.99962 0.415611 0)
(2.99182 0.406679 0)
(2.97499 0.391195 0)
(2.96806 0.385727 0)
(2.97372 0.370869 0)
(3.0085 0.36098 0)
(3.03099 0.352866 0)
(3.05641 0.328901 0)
(3.07049 0.300492 0)
(3.08903 0.289451 0)
(3.09171 0.286914 0)
(3.08715 0.285377 0)
(3.0685 0.28617 0)
(3.03967 0.300109 0)
(3.01793 0.318338 0)
(3.01629 0.319302 0)
(3.03772 0.303873 0)
(3.07042 0.283062 0)
(3.09426 0.268374 0)
(3.09654 0.257211 0)
(3.07908 0.243481 0)
(3.07091 0.231955 0)
(3.07624 0.228269 0)
(3.08318 0.224594 0)
(3.09282 0.22205 0)
(3.10861 0.221959 0)
(3.11958 0.221286 0)
(3.12199 0.218768 0)
(3.12178 0.21601 0)
(3.1183 0.206299 0)
(3.11276 0.185128 0)
(3.11523 0.173111 0)
(3.12038 0.164648 0)
(3.12084 0.151243 0)
(3.12177 0.129433 0)
(3.12489 0.113096 0)
(3.12795 0.106504 0)
(3.13234 0.102353 0)
(3.14065 0.0956236 0)
(3.14416 0.0931066 0)
(3.14954 0.0906002 0)
(3.15771 0.0851044 0)
(3.16218 0.0786215 0)
(3.16425 0.0736037 0)
(3.16451 0.0689079 0)
(3.15961 0.0623357 0)
(3.14575 0.0509967 0)
(3.13679 0.0406348 0)
(3.13789 0.0368394 0)
(3.1394 0.033995 0)
(3.14047 0.029886 0)
(3.14067 0.0247467 0)
(3.13886 0.0181837 0)
(3.1332 0.00895207 0)
(3.12771 0.000765993 0)
(3.12696 -0.00178606 0)
(3.12737 -0.00269573 0)
(3.12952 -0.00441849 0)
(3.1352 -0.00545019 0)
(3.14731 -0.00466737 0)
(3.1565 -0.00520044 0)
(3.15664 -0.00705247 0)
(3.1557 -0.0082193 0)
(3.15314 -0.010053 0)
(3.14204 -0.0175015 0)
(3.11635 -0.0366055 0)
(3.09779 -0.0512651 0)
(3.09613 -0.0526229 0)
(3.09583 -0.0532395 0)
(3.10093 -0.0522176 0)
(3.10602 -0.0491082 0)
(3.10419 -0.0473287 0)
(3.10181 -0.0464362 0)
(3.09846 -0.0450046 0)
(3.09424 -0.0428738 0)
(3.08987 -0.0406475 0)
(3.08571 -0.0383342 0)
(3.08194 -0.0353939 0)
(3.07947 -0.0308102 0)
(3.08231 -0.0229406 0)
(3.09313 -0.010893 0)
(3.09759 -0.00387728 0)
(3.09495 -0.00286529 0)
(3.09302 -0.00193265 0)
(3.08742 -0.00081289 0)
(2.81823 0.57412 0)
(2.83471 0.557932 0)
(2.84581 0.542748 0)
(2.85831 0.53191 0)
(2.86718 0.518714 0)
(2.86738 0.507757 0)
(2.86725 0.510209 0)
(2.85996 0.532544 0)
(2.83357 0.598269 0)
(2.78274 0.699997 0)
(2.73992 0.765509 0)
(2.65889 0.853223 0)
(2.64665 0.877487 0)
(2.64703 0.858743 0)
(2.65968 0.860592 0)
(2.67217 0.858299 0)
(2.68508 0.856349 0)
(2.70081 0.850857 0)
(2.72534 0.835745 0)
(2.7534 0.790013 0)
(2.75326 0.764855 0)
(2.74616 0.751529 0)
(2.76159 0.73558 0)
(2.78242 0.725726 0)
(2.79615 0.707824 0)
(2.80749 0.699152 0)
(2.81903 0.681435 0)
(2.81535 0.665675 0)
(2.80687 0.646558 0)
(2.81945 0.637286 0)
(2.82925 0.627989 0)
(2.83865 0.608498 0)
(2.84152 0.599907 0)
(2.85315 0.587444 0)
(2.85905 0.564198 0)
(2.85124 0.547819 0)
(2.83903 0.537578 0)
(2.85486 0.512372 0)
(2.88036 0.505645 0)
(2.90229 0.486963 0)
(2.91575 0.473491 0)
(2.94093 0.467445 0)
(2.96888 0.460488 0)
(2.98628 0.454646 0)
(2.99111 0.450569 0)
(2.97667 0.442703 0)
(2.96548 0.423068 0)
(2.96287 0.415869 0)
(2.9738 0.397624 0)
(3.00618 0.385405 0)
(3.02896 0.371788 0)
(3.05784 0.349314 0)
(3.07317 0.331283 0)
(3.07637 0.328116 0)
(3.07357 0.328096 0)
(3.05742 0.331533 0)
(3.02331 0.344656 0)
(3.00201 0.356573 0)
(3.00422 0.352526 0)
(3.02464 0.335465 0)
(3.05575 0.312837 0)
(3.08052 0.297669 0)
(3.09 0.289019 0)
(3.08044 0.27985 0)
(3.06167 0.265923 0)
(3.06065 0.25754 0)
(3.06655 0.253501 0)
(3.07432 0.249526 0)
(3.08937 0.248745 0)
(3.10655 0.250339 0)
(3.11396 0.24869 0)
(3.11511 0.246814 0)
(3.11561 0.241087 0)
(3.111 0.224997 0)
(3.10627 0.203798 0)
(3.10945 0.196813 0)
(3.11578 0.19036 0)
(3.1212 0.175327 0)
(3.11941 0.159792 0)
(3.11981 0.138744 0)
(3.12361 0.127254 0)
(3.12997 0.122011 0)
(3.13892 0.116659 0)
(3.14322 0.114731 0)
(3.14721 0.11356 0)
(3.15511 0.108247 0)
(3.15987 0.101838 0)
(3.16169 0.0962571 0)
(3.16048 0.0903018 0)
(3.15174 0.08127 0)
(3.13626 0.0684379 0)
(3.13196 0.0607346 0)
(3.13375 0.0578255 0)
(3.13535 0.0547568 0)
(3.13661 0.0504088 0)
(3.13658 0.0449373 0)
(3.13341 0.0372765 0)
(3.12703 0.0275746 0)
(3.1244 0.0222343 0)
(3.12464 0.0211263 0)
(3.12588 0.0200063 0)
(3.12965 0.0189847 0)
(3.13862 0.0198697 0)
(3.15198 0.0211046 0)
(3.15629 0.0191321 0)
(3.15524 0.0170837 0)
(3.15379 0.0153059 0)
(3.1479 0.0112754 0)
(3.12952 -0.00159274 0)
(3.10176 -0.019722 0)
(3.0934 -0.0243767 0)
(3.09341 -0.0247414 0)
(3.09639 -0.0246929 0)
(3.1044 -0.0237793 0)
(3.10668 -0.0238893 0)
(3.10478 -0.0243987 0)
(3.1028 -0.0244165 0)
(3.10004 -0.0241731 0)
(3.09648 -0.0232365 0)
(3.0923 -0.0212105 0)
(3.08835 -0.0184118 0)
(3.08517 -0.0149236 0)
(3.08424 -0.00980888 0)
(3.08971 -0.00193113 0)
(3.09668 0.0054406 0)
(3.0957 0.00674962 0)
(3.09346 0.00708007 0)
(3.09081 0.00803826 0)
(3.0852 0.00886707 0)
(2.8127 0.588857 0)
(2.81774 0.584405 0)
(2.83609 0.568251 0)
(2.84851 0.547996 0)
(2.85777 0.535503 0)
(2.86092 0.526037 0)
(2.8721 0.516592 0)
(2.87888 0.513046 0)
(2.88056 0.520706 0)
(2.86159 0.561479 0)
(2.81737 0.636424 0)
(2.75048 0.724963 0)
(2.68548 0.831387 0)
(2.67353 0.821363 0)
(2.67949 0.83541 0)
(2.68311 0.876608 0)
(2.68732 0.886182 0)
(2.6931 0.881211 0)
(2.70941 0.864126 0)
(2.72581 0.84012 0)
(2.7401 0.798838 0)
(2.73231 0.778055 0)
(2.75059 0.754531 0)
(2.77747 0.733854 0)
(2.7891 0.732406 0)
(2.80308 0.72839 0)
(2.813 0.706046 0)
(2.80763 0.691362 0)
(2.80253 0.67812 0)
(2.81561 0.665443 0)
(2.82515 0.653966 0)
(2.83365 0.6326 0)
(2.83502 0.624559 0)
(2.83964 0.615985 0)
(2.8395 0.589176 0)
(2.83329 0.56843 0)
(2.83185 0.559527 0)
(2.84928 0.541318 0)
(2.87485 0.536492 0)
(2.89633 0.522571 0)
(2.91453 0.510691 0)
(2.94266 0.497721 0)
(2.96959 0.486896 0)
(2.98457 0.479669 0)
(2.9845 0.474683 0)
(2.96679 0.457207 0)
(2.95409 0.450554 0)
(2.95356 0.448045 0)
(2.97767 0.431093 0)
(3.00758 0.41451 0)
(3.03419 0.393142 0)
(3.06276 0.373937 0)
(3.06666 0.36726 0)
(3.06203 0.366774 0)
(3.04962 0.369273 0)
(3.02178 0.379232 0)
(2.99585 0.390814 0)
(2.99256 0.384468 0)
(3.01032 0.366811 0)
(3.03837 0.348449 0)
(3.06283 0.336054 0)
(3.07439 0.328385 0)
(3.07248 0.320548 0)
(3.05596 0.30588 0)
(3.04581 0.291034 0)
(3.04993 0.28447 0)
(3.05608 0.279016 0)
(3.06857 0.275154 0)
(3.0885 0.277114 0)
(3.1027 0.279091 0)
(3.1059 0.27702 0)
(3.10851 0.271867 0)
(3.10787 0.260084 0)
(3.10087 0.237497 0)
(3.10172 0.222928 0)
(3.10531 0.219751 0)
(3.11383 0.212182 0)
(3.11966 0.19852 0)
(3.11757 0.187918 0)
(3.11626 0.165248 0)
(3.11918 0.150635 0)
(3.12627 0.144584 0)
(3.13635 0.138813 0)
(3.14134 0.137079 0)
(3.14513 0.136254 0)
(3.15222 0.131702 0)
(3.15712 0.125387 0)
(3.15855 0.118813 0)
(3.15503 0.110757 0)
(3.14189 0.0986256 0)
(3.12817 0.0860308 0)
(3.12773 0.0808035 0)
(3.12961 0.0782176 0)
(3.13133 0.0749332 0)
(3.13258 0.0704507 0)
(3.13196 0.064405 0)
(3.12735 0.0553611 0)
(3.12235 0.0467223 0)
(3.12193 0.043902 0)
(3.12251 0.0429779 0)
(3.12511 0.0415889 0)
(3.13125 0.0416831 0)
(3.1438 0.0441909 0)
(3.15452 0.0446461 0)
(3.15522 0.0424303 0)
(3.1541 0.0406754 0)
(3.15125 0.0380569 0)
(3.1397 0.0294079 0)
(3.11317 0.00834568 0)
(3.09401 -0.00625149 0)
(3.09264 -0.00806232 0)
(3.09382 -0.00900256 0)
(3.10038 -0.00814031 0)
(3.1084 -0.00555488 0)
(3.10823 -0.00503246 0)
(3.10634 -0.00504334 0)
(3.10387 -0.00493858 0)
(3.10086 -0.0046118 0)
(3.0984 -0.00412148 0)
(3.09521 -0.00401266 0)
(3.09232 -0.0040001 0)
(3.09065 -0.0033858 0)
(3.09174 -0.00174434 0)
(3.09818 0.00123846 0)
(3.10205 0.00371297 0)
(3.10004 0.00440797 0)
(3.09741 0.00508744 0)
(3.09469 0.00552975 0)
(3.08881 0.00672404 0)
(2.81202 0.59668 0)
(2.81516 0.592912 0)
(2.81896 0.589742 0)
(2.83791 0.571714 0)
(2.84804 0.552775 0)
(2.85465 0.5466 0)
(2.86556 0.536775 0)
(2.88108 0.519524 0)
(2.88402 0.513003 0)
(2.8848 0.51755 0)
(2.87432 0.533693 0)
(2.84224 0.582643 0)
(2.77301 0.695945 0)
(2.75241 0.729476 0)
(2.71193 0.798115 0)
(2.69304 0.892247 0)
(2.69314 0.890864 0)
(2.69791 0.869983 0)
(2.70443 0.85913 0)
(2.71484 0.852842 0)
(2.7126 0.844704 0)
(2.71674 0.818932 0)
(2.73294 0.793978 0)
(2.76507 0.762329 0)
(2.78116 0.755736 0)
(2.79014 0.763583 0)
(2.80315 0.743221 0)
(2.80252 0.714044 0)
(2.79925 0.698176 0)
(2.81027 0.687024 0)
(2.81584 0.680719 0)
(2.82126 0.666626 0)
(2.8228 0.654375 0)
(2.82725 0.635404 0)
(2.82486 0.606856 0)
(2.82018 0.598231 0)
(2.82128 0.593559 0)
(2.84126 0.577625 0)
(2.86951 0.565416 0)
(2.89192 0.547141 0)
(2.91694 0.534823 0)
(2.94437 0.526127 0)
(2.9625 0.524331 0)
(2.97008 0.521719 0)
(2.9619 0.510356 0)
(2.94725 0.47792 0)
(2.94446 0.467617 0)
(2.95126 0.461785 0)
(2.98961 0.445572 0)
(3.0217 0.42543 0)
(3.04756 0.411112 0)
(3.05545 0.407988 0)
(3.05174 0.409244 0)
(3.03776 0.416706 0)
(3.02101 0.426993 0)
(2.99757 0.431286 0)
(2.98393 0.421807 0)
(2.9961 0.398074 0)
(3.02081 0.379401 0)
(3.04424 0.370933 0)
(3.0581 0.366169 0)
(3.06227 0.359123 0)
(3.05296 0.344699 0)
(3.03552 0.324219 0)
(3.03454 0.313819 0)
(3.03907 0.309195 0)
(3.04732 0.304025 0)
(3.06608 0.302202 0)
(3.08722 0.305825 0)
(3.0946 0.306113 0)
(3.09976 0.302316 0)
(3.10212 0.292512 0)
(3.09501 0.272046 0)
(3.09197 0.251107 0)
(3.09791 0.246432 0)
(3.10253 0.243211 0)
(3.1128 0.234133 0)
(3.11629 0.224252 0)
(3.11439 0.213567 0)
(3.11301 0.188983 0)
(3.11538 0.174403 0)
(3.12256 0.167042 0)
(3.13385 0.160233 0)
(3.13944 0.158597 0)
(3.14306 0.158023 0)
(3.14956 0.154409 0)
(3.15421 0.148355 0)
(3.15469 0.140568 0)
(3.14762 0.129815 0)
(3.13083 0.115005 0)
(3.12176 0.104178 0)
(3.12359 0.100539 0)
(3.12555 0.0979298 0)
(3.12732 0.0943366 0)
(3.12828 0.089591 0)
(3.12659 0.0825751 0)
(3.12143 0.0729939 0)
(3.11921 0.0671499 0)
(3.11959 0.0657293 0)
(3.12107 0.0643142 0)
(3.12517 0.0631714 0)
(3.13446 0.0648087 0)
(3.14848 0.0675831 0)
(3.15434 0.0664784 0)
(3.15406 0.064522 0)
(3.15283 0.06251 0)
(3.14641 0.0568167 0)
(3.12661 0.0403668 0)
(3.09759 0.0200363 0)
(3.08958 0.0146044 0)
(3.08992 0.0140172 0)
(3.09365 0.0139916 0)
(3.10348 0.0160094 0)
(3.10981 0.0168011 0)
(3.10896 0.0161778 0)
(3.10732 0.0157304 0)
(3.10529 0.0152448 0)
(3.10201 0.0144776 0)
(3.09815 0.0137412 0)
(3.09651 0.0138269 0)
(3.09387 0.0150448 0)
(3.09238 0.0171228 0)
(3.09338 0.0199112 0)
(3.09817 0.0226697 0)
(3.1012 0.0243924 0)
(3.09919 0.0253417 0)
(3.09652 0.0259401 0)
(3.09439 0.0262785 0)
(3.08751 0.0272459 0)
(2.80106 0.628134 0)
(2.80916 0.60955 0)
(2.81168 0.602112 0)
(2.82634 0.588708 0)
(2.8401 0.571621 0)
(2.84827 0.563465 0)
(2.85529 0.561786 0)
(2.87355 0.538393 0)
(2.87976 0.521548 0)
(2.88236 0.515147 0)
(2.88424 0.517066 0)
(2.88175 0.522838 0)
(2.86568 0.553399 0)
(2.8274 0.629076 0)
(2.80009 0.696378 0)
(2.7392 0.832867 0)
(2.7236 0.872607 0)
(2.71216 0.853565 0)
(2.71173 0.848076 0)
(2.71003 0.856573 0)
(2.70034 0.872148 0)
(2.70681 0.86354 0)
(2.72434 0.836786 0)
(2.74656 0.808924 0)
(2.77034 0.791754 0)
(2.78145 0.792726 0)
(2.78517 0.781941 0)
(2.79463 0.736731 0)
(2.79376 0.715363 0)
(2.79567 0.711954 0)
(2.80847 0.707867 0)
(2.81794 0.693036 0)
(2.81992 0.670299 0)
(2.81631 0.647975 0)
(2.80911 0.636321 0)
(2.80576 0.637958 0)
(2.81232 0.628584 0)
(2.83866 0.613126 0)
(2.86643 0.588469 0)
(2.88628 0.573011 0)
(2.91551 0.562897 0)
(2.9416 0.556913 0)
(2.95597 0.552954 0)
(2.95902 0.546065 0)
(2.94248 0.526437 0)
(2.93286 0.502961 0)
(2.94153 0.493533 0)
(2.95318 0.475909 0)
(3.00084 0.453926 0)
(3.02737 0.444318 0)
(3.03858 0.444632 0)
(3.03369 0.446854 0)
(3.02079 0.457316 0)
(2.99634 0.46884 0)
(2.98064 0.470713 0)
(2.97228 0.461391 0)
(2.98018 0.438646 0)
(3.00307 0.413772 0)
(3.02609 0.403614 0)
(3.0398 0.401289 0)
(3.04751 0.397861 0)
(3.04743 0.3873 0)
(3.03109 0.364722 0)
(3.0192 0.34567 0)
(3.02274 0.34007 0)
(3.02774 0.335689 0)
(3.04203 0.331043 0)
(3.06575 0.330562 0)
(3.08109 0.331832 0)
(3.08749 0.331078 0)
(3.09569 0.322874 0)
(3.09205 0.308488 0)
(3.07893 0.282107 0)
(3.08688 0.271623 0)
(3.09364 0.270449 0)
(3.10171 0.265724 0)
(3.11061 0.255225 0)
(3.11182 0.247424 0)
(3.11092 0.233963 0)
(3.10977 0.211942 0)
(3.11153 0.201166 0)
(3.11813 0.192391 0)
(3.13079 0.182968 0)
(3.13723 0.180487 0)
(3.14085 0.179855 0)
(3.14689 0.176624 0)
(3.15081 0.17088 0)
(3.1493 0.161865 0)
(3.13733 0.147411 0)
(3.12017 0.13073 0)
(3.11688 0.122773 0)
(3.11936 0.120049 0)
(3.12154 0.117246 0)
(3.12329 0.113289 0)
(3.1235 0.107834 0)
(3.12025 0.0994522 0)
(3.11669 0.0911456 0)
(3.11696 0.0882771 0)
(3.11771 0.0871527 0)
(3.12043 0.0854379 0)
(3.12661 0.0849209 0)
(3.13914 0.087439 0)
(3.15048 0.0889152 0)
(3.15269 0.0874289 0)
(3.15254 0.0860806 0)
(3.1498 0.0824583 0)
(3.1376 0.0712401 0)
(3.10855 0.048368 0)
(3.08894 0.0339971 0)
(3.08782 0.0326158 0)
(3.08934 0.0314469 0)
(3.09675 0.0327809 0)
(3.10753 0.0366549 0)
(3.1099 0.0379106 0)
(3.10875 0.0377426 0)
(3.10739 0.0374952 0)
(3.10562 0.0369725 0)
(3.10088 0.0350528 0)
(3.09721 0.0326073 0)
(3.09613 0.0318639 0)
(3.09478 0.0302777 0)
(3.09474 0.0290223 0)
(3.09732 0.0288977 0)
(3.10307 0.0299248 0)
(3.10593 0.0310326 0)
(3.10378 0.0314042 0)
(3.10149 0.0315184 0)
(3.09983 0.0315346 0)
(3.09337 0.0328272 0)
(2.78999 0.655816 0)
(2.79793 0.638352 0)
(2.8034 0.624829 0)
(2.81757 0.608429 0)
(2.83027 0.595101 0)
(2.84081 0.583923 0)
(2.85158 0.572512 0)
(2.86038 0.560271 0)
(2.86413 0.54509 0)
(2.87685 0.521459 0)
(2.88237 0.51657 0)
(2.8887 0.52077 0)
(2.89216 0.523888 0)
(2.88861 0.53821 0)
(2.86682 0.591368 0)
(2.82858 0.68242 0)
(2.78047 0.789866 0)
(2.7742 0.789711 0)
(2.72427 0.813945 0)
(2.70365 0.855965 0)
(2.70033 0.878675 0)
(2.70598 0.877146 0)
(2.73227 0.857105 0)
(2.74494 0.846377 0)
(2.75526 0.841869 0)
(2.76586 0.833137 0)
(2.77694 0.805216 0)
(2.76843 0.775246 0)
(2.77984 0.747453 0)
(2.7924 0.728843 0)
(2.79939 0.726687 0)
(2.80348 0.724792 0)
(2.80685 0.706155 0)
(2.80451 0.674947 0)
(2.80117 0.660873 0)
(2.80262 0.656976 0)
(2.81533 0.647535 0)
(2.83586 0.639918 0)
(2.85511 0.623245 0)
(2.88021 0.606703 0)
(2.91104 0.59478 0)
(2.93285 0.589603 0)
(2.94062 0.585402 0)
(2.93103 0.573246 0)
(2.91549 0.546327 0)
(2.92961 0.536074 0)
(2.94563 0.521336 0)
(2.96093 0.489645 0)
(3.00231 0.474477 0)
(3.02011 0.47368 0)
(3.02065 0.477481 0)
(3.01447 0.486422 0)
(2.99974 0.500233 0)
(2.98269 0.510095 0)
(2.96979 0.503331 0)
(2.96618 0.479865 0)
(2.98172 0.452356 0)
(3.00806 0.438204 0)
(3.02276 0.434622 0)
(3.03077 0.432427 0)
(3.036 0.426781 0)
(3.02983 0.410559 0)
(3.01024 0.383709 0)
(3.00656 0.370338 0)
(3.01084 0.366713 0)
(3.02034 0.362605 0)
(3.04252 0.35966 0)
(3.06529 0.358608 0)
(3.07313 0.357375 0)
(3.08431 0.352768 0)
(3.08808 0.337965 0)
(3.07754 0.316505 0)
(3.06786 0.30074 0)
(3.08082 0.295405 0)
(3.09101 0.293556 0)
(3.10036 0.286787 0)
(3.10542 0.277167 0)
(3.10622 0.26763 0)
(3.10587 0.252538 0)
(3.10637 0.235578 0)
(3.10891 0.227711 0)
(3.11603 0.216833 0)
(3.12862 0.205099 0)
(3.13446 0.202143 0)
(3.13837 0.201289 0)
(3.14399 0.197822 0)
(3.14648 0.191715 0)
(3.14115 0.180914 0)
(3.1241 0.162658 0)
(3.11211 0.147174 0)
(3.11297 0.142259 0)
(3.11521 0.139751 0)
(3.11762 0.13651 0)
(3.11919 0.131991 0)
(3.1179 0.125069 0)
(3.1137 0.115647 0)
(3.11348 0.110623 0)
(3.11476 0.109418 0)
(3.11642 0.10808 0)
(3.12082 0.106578 0)
(3.13011 0.107228 0)
(3.14361 0.109492 0)
(3.14969 0.109282 0)
(3.15036 0.108284 0)
(3.14999 0.105926 0)
(3.14396 0.0988221 0)
(3.12205 0.0796155 0)
(3.09268 0.058332 0)
(3.08593 0.0535509 0)
(3.08627 0.0525685 0)
(3.09027 0.0523358 0)
(3.10098 0.0551108 0)
(3.10914 0.0570892 0)
(3.10956 0.0567754 0)
(3.10887 0.0563606 0)
(3.10793 0.055703 0)
(3.10507 0.0540756 0)
(3.09996 0.0506689 0)
(3.09726 0.0488505 0)
(3.09623 0.0484655 0)
(3.09491 0.0479581 0)
(3.09493 0.047936 0)
(3.09817 0.0492485 0)
(3.1038 0.0520451 0)
(3.10503 0.0533209 0)
(3.10373 0.0534355 0)
(3.10142 0.05368 0)
(3.09925 0.0539709 0)
(3.09225 0.0553409 0)
(2.78022 0.670103 0)
(2.78501 0.661164 0)
(2.79227 0.652247 0)
(2.80683 0.637345 0)
(2.81974 0.624098 0)
(2.8301 0.612788 0)
(2.83969 0.598546 0)
(2.85105 0.574273 0)
(2.85176 0.564951 0)
(2.86367 0.549417 0)
(2.87808 0.534643 0)
(2.88706 0.532681 0)
(2.89857 0.527998 0)
(2.90211 0.522496 0)
(2.89965 0.528655 0)
(2.88787 0.556695 0)
(2.86325 0.611841 0)
(2.83464 0.67136 0)
(2.79086 0.716077 0)
(2.71571 0.822331 0)
(2.71405 0.860359 0)
(2.7337 0.846616 0)
(2.75289 0.85658 0)
(2.75003 0.870774 0)
(2.74529 0.874435 0)
(2.74402 0.868144 0)
(2.75498 0.840563 0)
(2.76229 0.80033 0)
(2.7634 0.78032 0)
(2.77772 0.764514 0)
(2.78394 0.761372 0)
(2.79547 0.753962 0)
(2.80571 0.72304 0)
(2.79773 0.697223 0)
(2.78931 0.691007 0)
(2.79319 0.684333 0)
(2.81038 0.681622 0)
(2.83149 0.668114 0)
(2.85085 0.643754 0)
(2.87672 0.627947 0)
(2.90229 0.624736 0)
(2.91582 0.62531 0)
(2.91734 0.619135 0)
(2.90241 0.590661 0)
(2.90907 0.560224 0)
(2.93131 0.556134 0)
(2.95619 0.53486 0)
(2.96832 0.513012 0)
(2.99256 0.508973 0)
(3.00135 0.511816 0)
(3.00257 0.518913 0)
(2.99465 0.535567 0)
(2.98061 0.552106 0)
(2.96567 0.552388 0)
(2.95387 0.525503 0)
(2.96339 0.488669 0)
(2.98958 0.471073 0)
(3.00507 0.468684 0)
(3.01327 0.466957 0)
(3.02018 0.46325 0)
(3.02198 0.45369 0)
(3.00764 0.430641 0)
(2.99349 0.405578 0)
(2.99592 0.397163 0)
(3.0019 0.393186 0)
(3.02074 0.390916 0)
(3.04766 0.391145 0)
(3.06161 0.387919 0)
(3.07004 0.383643 0)
(3.07925 0.370734 0)
(3.0694 0.346855 0)
(3.06288 0.32518 0)
(3.06477 0.321872 0)
(3.07367 0.31792 0)
(3.08703 0.316023 0)
(3.09614 0.308676 0)
(3.09917 0.301254 0)
(3.09918 0.289238 0)
(3.09944 0.271041 0)
(3.10273 0.259325 0)
(3.10743 0.253273 0)
(3.11581 0.240781 0)
(3.12655 0.227432 0)
(3.13057 0.224283 0)
(3.13479 0.223103 0)
(3.1395 0.219364 0)
(3.13976 0.211677 0)
(3.12846 0.196514 0)
(3.11016 0.176121 0)
(3.10721 0.16622 0)
(3.10938 0.162923 0)
(3.11149 0.159672 0)
(3.11387 0.155637 0)
(3.11467 0.150196 0)
(3.1114 0.14121 0)
(3.10879 0.132977 0)
(3.11061 0.131017 0)
(3.11235 0.13001 0)
(3.11566 0.12882 0)
(3.12302 0.128362 0)
(3.13546 0.130036 0)
(3.14534 0.130558 0)
(3.14728 0.129586 0)
(3.14774 0.12804 0)
(3.14559 0.123423 0)
(3.13262 0.109917 0)
(3.10201 0.0865949 0)
(3.08532 0.0744294 0)
(3.08472 0.0733656 0)
(3.08664 0.0719953 0)
(3.09447 0.0730063 0)
(3.1054 0.0757074 0)
(3.10868 0.0760273 0)
(3.10839 0.0756339 0)
(3.10791 0.0753263 0)
(3.1065 0.0745588 0)
(3.10252 0.0719146 0)
(3.09802 0.0682845 0)
(3.09683 0.0672386 0)
(3.09579 0.0661493 0)
(3.09517 0.0648632 0)
(3.09632 0.0646594 0)
(3.1014 0.0656416 0)
(3.10662 0.0669163 0)
(3.1066 0.0674674 0)
(3.10535 0.0674873 0)
(3.10345 0.0674853 0)
(3.10212 0.0673894 0)
(3.09597 0.0668099 0)
(2.77796 0.662928 0)
(2.7838 0.659309 0)
(2.7922 0.657216 0)
(2.80078 0.652494 0)
(2.80829 0.648199 0)
(2.81709 0.641311 0)
(2.82747 0.625237 0)
(2.83609 0.605915 0)
(2.84249 0.592881 0)
(2.85294 0.582638 0)
(2.87013 0.565781 0)
(2.87972 0.558584 0)
(2.89579 0.540789 0)
(2.89985 0.53456 0)
(2.89949 0.527595 0)
(2.90097 0.520721 0)
(2.89895 0.525234 0)
(2.88867 0.54682 0)
(2.86045 0.594529 0)
(2.79468 0.700632 0)
(2.76278 0.801087 0)
(2.77916 0.799883 0)
(2.77103 0.844777 0)
(2.75315 0.876907 0)
(2.74234 0.87728 0)
(2.74164 0.864367 0)
(2.74481 0.85277 0)
(2.74851 0.838674 0)
(2.75018 0.823265 0)
(2.75601 0.813316 0)
(2.77482 0.794123 0)
(2.78693 0.784156 0)
(2.7884 0.761342 0)
(2.78381 0.731254 0)
(2.77706 0.716159 0)
(2.78937 0.704705 0)
(2.80458 0.702871 0)
(2.82204 0.68655 0)
(2.83733 0.672341 0)
(2.85859 0.668657 0)
(2.87857 0.669457 0)
(2.89277 0.660511 0)
(2.89409 0.632694 0)
(2.89393 0.590461 0)
(2.91318 0.58081 0)
(2.93184 0.574687 0)
(2.94675 0.565948 0)
(2.96232 0.553707 0)
(2.97166 0.546834 0)
(2.97664 0.55107 0)
(2.97444 0.566158 0)
(2.96646 0.583548 0)
(2.95868 0.588385 0)
(2.94873 0.565324 0)
(2.95 0.526855 0)
(2.96943 0.510844 0)
(2.98037 0.509464 0)
(2.99302 0.503601 0)
(3.0003 0.498765 0)
(3.00767 0.492107 0)
(3.00328 0.476195 0)
(2.98474 0.447054 0)
(2.98243 0.429678 0)
(2.98736 0.424808 0)
(3.00044 0.420372 0)
(3.02843 0.421266 0)
(3.05147 0.422241 0)
(3.05899 0.418947 0)
(3.06839 0.405652 0)
(3.06381 0.37783 0)
(3.05016 0.350095 0)
(3.05376 0.343762 0)
(3.05938 0.340904 0)
(3.06792 0.338326 0)
(3.08265 0.334588 0)
(3.09146 0.327329 0)
(3.09399 0.321329 0)
(3.09245 0.310484 0)
(3.09288 0.293577 0)
(3.09689 0.284799 0)
(3.10509 0.278696 0)
(3.11561 0.265439 0)
(3.12359 0.249397 0)
(3.12628 0.245077 0)
(3.12995 0.243062 0)
(3.13348 0.237991 0)
(3.12971 0.227358 0)
(3.11217 0.207366 0)
(3.10101 0.190797 0)
(3.1035 0.186977 0)
(3.10586 0.18385 0)
(3.10826 0.179672 0)
(3.11018 0.174802 0)
(3.10912 0.167542 0)
(3.10509 0.157353 0)
(3.10558 0.15237 0)
(3.10755 0.151179 0)
(3.11015 0.150087 0)
(3.11645 0.149625 0)
(3.12746 0.151062 0)
(3.13969 0.152493 0)
(3.14396 0.151297 0)
(3.14461 0.150122 0)
(3.14437 0.146584 0)
(3.13753 0.137256 0)
(3.11308 0.115978 0)
(3.08721 0.0970547 0)
(3.08345 0.0943788 0)
(3.08433 0.0933416 0)
(3.08949 0.0932094 0)
(3.10024 0.0952732 0)
(3.10684 0.0954186 0)
(3.1074 0.0941428 0)
(3.1071 0.0933311 0)
(3.10645 0.0925299 0)
(3.10421 0.090537 0)
(3.09996 0.086936 0)
(3.09744 0.0850002 0)
(3.09681 0.0847013 0)
(3.0958 0.0840855 0)
(3.09551 0.0835201 0)
(3.09786 0.0838609 0)
(3.10382 0.0855648 0)
(3.10653 0.0865994 0)
(3.10573 0.0868438 0)
(3.10454 0.0868961 0)
(3.10274 0.0870785 0)
(3.10154 0.0876519 0)
(3.0945 0.0888594 0)
(2.78966 0.622784 0)
(2.78721 0.64989 0)
(2.79381 0.648074 0)
(2.80375 0.644731 0)
(2.80781 0.644276 0)
(2.81253 0.643468 0)
(2.82091 0.635602 0)
(2.82753 0.62822 0)
(2.83435 0.622696 0)
(2.84513 0.61542 0)
(2.85813 0.603391 0)
(2.86882 0.588844 0)
(2.87905 0.573579 0)
(2.89094 0.55065 0)
(2.8927 0.541453 0)
(2.89547 0.524302 0)
(2.90227 0.521698 0)
(2.90577 0.522103 0)
(2.90405 0.532978 0)
(2.88375 0.577261 0)
(2.85266 0.660458 0)
(2.83527 0.728517 0)
(2.82346 0.777214 0)
(2.77173 0.858257 0)
(2.75193 0.864667 0)
(2.74643 0.846016 0)
(2.74447 0.849044 0)
(2.74395 0.870544 0)
(2.74181 0.866295 0)
(2.74687 0.855986 0)
(2.76075 0.837435 0)
(2.77012 0.823062 0)
(2.77383 0.79318 0)
(2.77341 0.755752 0)
(2.76468 0.748222 0)
(2.77292 0.738164 0)
(2.79838 0.730752 0)
(2.81434 0.707921 0)
(2.82313 0.69869 0)
(2.83969 0.703938 0)
(2.86279 0.707401 0)
(2.88279 0.682419 0)
(2.88531 0.629536 0)
(2.90127 0.604022 0)
(2.91529 0.601239 0)
(2.93147 0.593785 0)
(2.94226 0.588533 0)
(2.95318 0.581342 0)
(2.9551 0.581188 0)
(2.95107 0.594412 0)
(2.94629 0.611386 0)
(2.94674 0.618462 0)
(2.94302 0.602347 0)
(2.93698 0.566309 0)
(2.94897 0.546825 0)
(2.95746 0.547097 0)
(2.97281 0.542896 0)
(2.98415 0.534889 0)
(2.99047 0.528876 0)
(2.99362 0.516776 0)
(2.97955 0.489451 0)
(2.96905 0.462886 0)
(2.97483 0.455785 0)
(2.98306 0.45166 0)
(3.00758 0.449884 0)
(3.03837 0.451395 0)
(3.04959 0.451222 0)
(3.05923 0.444541 0)
(3.05921 0.417701 0)
(3.03984 0.377999 0)
(3.03905 0.363828 0)
(3.04579 0.361772 0)
(3.05326 0.358237 0)
(3.06372 0.358013 0)
(3.07667 0.355123 0)
(3.08471 0.349601 0)
(3.08743 0.341824 0)
(3.08676 0.329854 0)
(3.08825 0.317995 0)
(3.09297 0.30855 0)
(3.10303 0.298769 0)
(3.11386 0.287597 0)
(3.11925 0.273532 0)
(3.12033 0.26694 0)
(3.12139 0.263184 0)
(3.12227 0.255863 0)
(3.11306 0.24037 0)
(3.09642 0.218754 0)
(3.09641 0.210126 0)
(3.09995 0.207609 0)
(3.10291 0.204117 0)
(3.10541 0.19941 0)
(3.10589 0.193259 0)
(3.10221 0.183344 0)
(3.10054 0.175048 0)
(3.10255 0.172873 0)
(3.10475 0.171449 0)
(3.10952 0.170566 0)
(3.11902 0.171599 0)
(3.13241 0.174117 0)
(3.14009 0.173661 0)
(3.14128 0.172431 0)
(3.14192 0.169663 0)
(3.13877 0.162941 0)
(3.1223 0.145544 0)
(3.0921 0.122499 0)
(3.08145 0.114476 0)
(3.08203 0.114049 0)
(3.08585 0.113518 0)
(3.09521 0.114932 0)
(3.10425 0.115573 0)
(3.10614 0.113739 0)
(3.106 0.112175 0)
(3.10553 0.111018 0)
(3.10408 0.10942 0)
(3.10089 0.106321 0)
(3.0976 0.103633 0)
(3.0969 0.103213 0)
(3.09646 0.102888 0)
(3.09595 0.102297 0)
(3.09645 0.102098 0)
(3.10015 0.10278 0)
(3.10583 0.103059 0)
(3.10699 0.102361 0)
(3.10612 0.101938 0)
(3.10515 0.101358 0)
(3.10403 0.101071 0)
(3.10297 0.100026 0)
(3.09527 0.0971664 0)
(2.86864 0.43924 0)
(2.81419 0.56346 0)
(2.82561 0.574006 0)
(2.81022 0.61784 0)
(2.81294 0.629225 0)
(2.81556 0.628748 0)
(2.81914 0.629413 0)
(2.82709 0.628224 0)
(2.83439 0.623278 0)
(2.84142 0.621536 0)
(2.84951 0.618687 0)
(2.8575 0.609311 0)
(2.86527 0.59626 0)
(2.87326 0.582613 0)
(2.88212 0.566775 0)
(2.88587 0.553274 0)
(2.89884 0.536181 0)
(2.90801 0.528202 0)
(2.90922 0.532672 0)
(2.91355 0.540209 0)
(2.91222 0.55869 0)
(2.89997 0.596254 0)
(2.87486 0.654172 0)
(2.81475 0.763983 0)
(2.80961 0.774689 0)
(2.78877 0.791449 0)
(2.74253 0.850398 0)
(2.74194 0.88243 0)
(2.74973 0.871034 0)
(2.75425 0.859694 0)
(2.75569 0.859952 0)
(2.75412 0.858563 0)
(2.74264 0.841835 0)
(2.74723 0.812815 0)
(2.75762 0.779591 0)
(2.76228 0.763916 0)
(2.77539 0.763919 0)
(2.7949 0.748733 0)
(2.80665 0.737941 0)
(2.8239 0.735167 0)
(2.85959 0.718515 0)
(2.88196 0.674042 0)
(2.88323 0.635768 0)
(2.89197 0.633095 0)
(2.89864 0.633576 0)
(2.90674 0.63412 0)
(2.91631 0.632049 0)
(2.91973 0.631849 0)
(2.91945 0.639711 0)
(2.9226 0.64832 0)
(2.93135 0.652058 0)
(2.93306 0.635958 0)
(2.92148 0.600089 0)
(2.92834 0.578293 0)
(2.937 0.579581 0)
(2.94985 0.580348 0)
(2.96735 0.574156 0)
(2.97559 0.565486 0)
(2.98125 0.554578 0)
(2.97446 0.531752 0)
(2.95891 0.497779 0)
(2.96192 0.484493 0)
(2.96827 0.481889 0)
(2.98812 0.479469 0)
(3.02051 0.480817 0)
(3.03941 0.479679 0)
(3.04788 0.475273 0)
(3.05479 0.456715 0)
(3.0373 0.418435 0)
(3.02276 0.38903 0)
(3.02897 0.386148 0)
(3.04011 0.378871 0)
(3.048 0.376035 0)
(3.05951 0.376641 0)
(3.07104 0.375342 0)
(3.07835 0.370115 0)
(3.08013 0.360387 0)
(3.08157 0.349669 0)
(3.08514 0.34343 0)
(3.09238 0.33443 0)
(3.10045 0.319581 0)
(3.10921 0.308719 0)
(3.11449 0.297531 0)
(3.11395 0.288496 0)
(3.11167 0.281389 0)
(3.10692 0.269859 0)
(3.09293 0.248488 0)
(3.08797 0.233805 0)
(3.09292 0.230729 0)
(3.09665 0.228357 0)
(3.10013 0.224512 0)
(3.10197 0.219112 0)
(3.0996 0.210155 0)
(3.09566 0.199292 0)
(3.09724 0.195045 0)
(3.09954 0.19334 0)
(3.10319 0.192027 0)
(3.11103 0.192275 0)
(3.12354 0.194985 0)
(3.13452 0.195627 0)
(3.13727 0.194399 0)
(3.13847 0.192446 0)
(3.13806 0.187415 0)
(3.12848 0.174685 0)
(3.10009 0.150511 0)
(3.07962 0.134737 0)
(3.07884 0.133814 0)
(3.08159 0.133446 0)
(3.08978 0.134588 0)
(3.10041 0.136085 0)
(3.10451 0.134327 0)
(3.10492 0.132035 0)
(3.10469 0.130039 0)
(3.10376 0.128232 0)
(3.10151 0.125341 0)
(3.09808 0.12189 0)
(3.09653 0.120645 0)
(3.09636 0.120579 0)
(3.09618 0.120517 0)
(3.09634 0.12045 0)
(3.09777 0.120318 0)
(3.10222 0.120462 0)
(3.10625 0.12042 0)
(3.10607 0.119982 0)
(3.10523 0.119605 0)
(3.10431 0.119219 0)
(3.10288 0.119558 0)
(3.10083 0.118751 0)
(3.09024 0.118074 0)
(2.95191 0.155114 0)
(2.91915 0.256147 0)
(2.88507 0.379645 0)
(2.88078 0.436356 0)
(2.83818 0.541167 0)
(2.84576 0.547202 0)
(2.82467 0.599343 0)
(2.83249 0.602265 0)
(2.83932 0.610172 0)
(2.84326 0.612149 0)
(2.84875 0.610532 0)
(2.85403 0.605952 0)
(2.85887 0.600203 0)
(2.86588 0.593922 0)
(2.87259 0.58952 0)
(2.88019 0.581479 0)
(2.88992 0.569283 0)
(2.89862 0.557707 0)
(2.90864 0.548251 0)
(2.91659 0.547097 0)
(2.92183 0.543694 0)
(2.92167 0.543088 0)
(2.91297 0.556923 0)
(2.89493 0.595155 0)
(2.86702 0.66035 0)
(2.84135 0.702108 0)
(2.80219 0.768235 0)
(2.76592 0.865722 0)
(2.76414 0.872834 0)
(2.766 0.855722 0)
(2.75594 0.853764 0)
(2.74843 0.875354 0)
(2.73 0.878073 0)
(2.72675 0.863567 0)
(2.73415 0.835293 0)
(2.75052 0.79956 0)
(2.76414 0.77951 0)
(2.77476 0.784307 0)
(2.78834 0.781648 0)
(2.82953 0.749766 0)
(2.86531 0.709036 0)
(2.87668 0.676263 0)
(2.87306 0.663264 0)
(2.87745 0.664243 0)
(2.88172 0.664646 0)
(2.88751 0.665009 0)
(2.89362 0.66953 0)
(2.89807 0.682496 0)
(2.90238 0.693662 0)
(2.91257 0.692181 0)
(2.91544 0.669442 0)
(2.90192 0.630921 0)
(2.90411 0.606241 0)
(2.9145 0.607654 0)
(2.92611 0.611095 0)
(2.94614 0.609635 0)
(2.95948 0.601967 0)
(2.96889 0.591736 0)
(2.96845 0.573438 0)
(2.95201 0.537631 0)
(2.94913 0.514356 0)
(2.95554 0.510664 0)
(2.97081 0.507598 0)
(3.00237 0.510429 0)
(3.027 0.510121 0)
(3.03479 0.505726 0)
(3.04298 0.489706 0)
(3.03422 0.455586 0)
(3.01528 0.421496 0)
(3.01631 0.412241 0)
(3.02503 0.405848 0)
(3.03547 0.397482 0)
(3.04336 0.396823 0)
(3.0547 0.397289 0)
(3.06509 0.396095 0)
(3.07106 0.388894 0)
(3.07372 0.378067 0)
(3.07775 0.371258 0)
(3.08272 0.366824 0)
(3.09346 0.35685 0)
(3.10057 0.342024 0)
(3.10399 0.331699 0)
(3.10845 0.321174 0)
(3.10794 0.310709 0)
(3.10231 0.297053 0)
(3.08853 0.275318 0)
(3.07745 0.257685 0)
(3.08315 0.25382 0)
(3.08851 0.252102 0)
(3.0933 0.24908 0)
(3.09674 0.244338 0)
(3.09667 0.236458 0)
(3.09224 0.224767 0)
(3.09204 0.217755 0)
(3.09434 0.215798 0)
(3.09728 0.214057 0)
(3.10388 0.213564 0)
(3.11478 0.216232 0)
(3.12711 0.218177 0)
(3.13241 0.216384 0)
(3.13376 0.214501 0)
(3.13481 0.210324 0)
(3.13085 0.201847 0)
(3.11005 0.18122 0)
(3.08142 0.158552 0)
(3.07527 0.153369 0)
(3.07691 0.152895 0)
(3.08333 0.153363 0)
(3.09453 0.155287 0)
(3.10178 0.154568 0)
(3.10323 0.152321 0)
(3.10361 0.150177 0)
(3.10325 0.147742 0)
(3.10193 0.144874 0)
(3.09942 0.141446 0)
(3.09644 0.138874 0)
(3.09567 0.138264 0)
(3.09559 0.13806 0)
(3.09571 0.1379 0)
(3.09656 0.138131 0)
(3.09884 0.138361 0)
(3.10311 0.137696 0)
(3.10619 0.135835 0)
(3.10593 0.134777 0)
(3.10533 0.134083 0)
(3.10459 0.13319 0)
(3.10251 0.132502 0)
(3.10007 0.129634 0)
(3.0894 0.129741 0)
(2.99679 0.0100313 0)
(2.9894 0.0334259 0)
(2.97701 0.0771 0)
(2.95695 0.150599 0)
(2.93029 0.238681 0)
(2.90342 0.337191 0)
(2.88405 0.414736 0)
(2.86712 0.490679 0)
(2.86164 0.535692 0)
(2.86404 0.552526 0)
(2.85171 0.587339 0)
(2.85497 0.580962 0)
(2.85686 0.587225 0)
(2.8667 0.587406 0)
(2.87204 0.583928 0)
(2.87854 0.581654 0)
(2.88484 0.578142 0)
(2.89377 0.571493 0)
(2.90139 0.564812 0)
(2.91124 0.556696 0)
(2.91853 0.550607 0)
(2.92044 0.541556 0)
(2.92362 0.538325 0)
(2.92226 0.542563 0)
(2.91706 0.558432 0)
(2.89898 0.598428 0)
(2.85993 0.677109 0)
(2.81757 0.789432 0)
(2.83326 0.791008 0)
(2.79687 0.824831 0)
(2.75711 0.869719 0)
(2.74106 0.891369 0)
(2.73221 0.889302 0)
(2.72931 0.875071 0)
(2.73059 0.859781 0)
(2.7312 0.846628 0)
(2.74527 0.826674 0)
(2.76224 0.811968 0)
(2.78526 0.799597 0)
(2.82119 0.767896 0)
(2.85083 0.722073 0)
(2.86008 0.692551 0)
(2.86184 0.69393 0)
(2.86609 0.699879 0)
(2.86784 0.704975 0)
(2.8695 0.710777 0)
(2.87183 0.723699 0)
(2.87659 0.735154 0)
(2.88757 0.730177 0)
(2.89204 0.705953 0)
(2.87991 0.664547 0)
(2.87543 0.633582 0)
(2.88636 0.632906 0)
(2.89953 0.637925 0)
(2.92143 0.638374 0)
(2.9382 0.632614 0)
(2.95306 0.624608 0)
(2.96013 0.610972 0)
(2.94832 0.580557 0)
(2.93777 0.548189 0)
(2.94404 0.540549 0)
(2.9558 0.536281 0)
(2.9848 0.537639 0)
(3.01366 0.540794 0)
(3.02311 0.537224 0)
(3.02997 0.52416 0)
(3.02425 0.489801 0)
(3.00601 0.451585 0)
(3.00538 0.439012 0)
(3.01072 0.436765 0)
(3.02403 0.42672 0)
(3.03314 0.418454 0)
(3.04 0.417841 0)
(3.05041 0.417425 0)
(3.05886 0.41377 0)
(3.06457 0.404126 0)
(3.07034 0.397279 0)
(3.07525 0.392586 0)
(3.08198 0.387961 0)
(3.09331 0.37781 0)
(3.09888 0.36597 0)
(3.10114 0.356546 0)
(3.10396 0.345417 0)
(3.10128 0.332505 0)
(3.08839 0.306136 0)
(3.07027 0.279972 0)
(3.07051 0.274351 0)
(3.07682 0.274089 0)
(3.08362 0.272386 0)
(3.08925 0.268614 0)
(3.09147 0.261822 0)
(3.08847 0.250689 0)
(3.08721 0.241855 0)
(3.0896 0.239496 0)
(3.09208 0.237527 0)
(3.09731 0.235999 0)
(3.10672 0.236975 0)
(3.11902 0.23998 0)
(3.12623 0.239504 0)
(3.12825 0.237308 0)
(3.13006 0.232602 0)
(3.1288 0.225863 0)
(3.11671 0.209925 0)
(3.08753 0.185559 0)
(3.07322 0.173539 0)
(3.07355 0.17292 0)
(3.07741 0.172263 0)
(3.08685 0.173729 0)
(3.09677 0.174164 0)
(3.1002 0.172101 0)
(3.10124 0.170103 0)
(3.10176 0.16768 0)
(3.1016 0.164894 0)
(3.10055 0.161851 0)
(3.09808 0.158443 0)
(3.0956 0.155998 0)
(3.09502 0.155402 0)
(3.09505 0.155104 0)
(3.0955 0.154379 0)
(3.09686 0.154014 0)
(3.0993 0.154317 0)
(3.10256 0.154021 0)
(3.10536 0.15217 0)
(3.10528 0.15086 0)
(3.10463 0.150482 0)
(3.10371 0.150015 0)
(3.10133 0.149617 0)
(3.09963 0.148532 0)
(3.08942 0.152795 0)
(2.99997 8.98566e-05 0)
(2.99982 0.000597337 0)
(2.9992 0.00270177 0)
(2.99717 0.00939945 0)
(2.99144 0.028254 0)
(2.98134 0.0641144 0)
(2.96411 0.126892 0)
(2.94547 0.205459 0)
(2.9274 0.287502 0)
(2.90721 0.367305 0)
(2.89504 0.421993 0)
(2.87601 0.48432 0)
(2.87872 0.505495 0)
(2.87205 0.550116 0)
(2.88271 0.548699 0)
(2.88207 0.565727 0)
(2.88442 0.564196 0)
(2.89368 0.561467 0)
(2.8988 0.559398 0)
(2.90695 0.55527 0)
(2.9143 0.548127 0)
(2.91715 0.542077 0)
(2.92227 0.536044 0)
(2.925 0.533919 0)
(2.92855 0.534609 0)
(2.92788 0.546261 0)
(2.91778 0.578414 0)
(2.89182 0.644193 0)
(2.88094 0.693577 0)
(2.85436 0.736645 0)
(2.77779 0.833192 0)
(2.76234 0.862915 0)
(2.75869 0.857095 0)
(2.74829 0.88333 0)
(2.73034 0.887513 0)
(2.72428 0.881188 0)
(2.72829 0.868615 0)
(2.74627 0.843033 0)
(2.77319 0.815157 0)
(2.80763 0.777618 0)
(2.82831 0.738411 0)
(2.83126 0.725982 0)
(2.83344 0.738227 0)
(2.83329 0.746263 0)
(2.83316 0.749048 0)
(2.83466 0.750515 0)
(2.84079 0.753755 0)
(2.85235 0.752482 0)
(2.8641 0.738774 0)
(2.86412 0.706068 0)
(2.85413 0.666883 0)
(2.85587 0.655306 0)
(2.86878 0.658355 0)
(2.89144 0.659782 0)
(2.91265 0.656664 0)
(2.92972 0.651819 0)
(2.94357 0.642943 0)
(2.94229 0.62093 0)
(2.93027 0.58689 0)
(2.93355 0.573134 0)
(2.94238 0.568343 0)
(2.96803 0.566265 0)
(2.99839 0.568856 0)
(3.01201 0.566335 0)
(3.01937 0.557184 0)
(3.01627 0.528919 0)
(2.99251 0.484098 0)
(2.99109 0.461212 0)
(2.99933 0.46132 0)
(3.0094 0.457778 0)
(3.02437 0.44715 0)
(3.03066 0.439832 0)
(3.03659 0.439258 0)
(3.04557 0.436846 0)
(3.0517 0.428365 0)
(3.06066 0.420914 0)
(3.0677 0.417474 0)
(3.07351 0.413336 0)
(3.0824 0.4087 0)
(3.0917 0.39935 0)
(3.0954 0.39065 0)
(3.09803 0.381266 0)
(3.09879 0.369043 0)
(3.09 0.344834 0)
(3.06867 0.311697 0)
(3.06067 0.296618 0)
(3.06473 0.294625 0)
(3.0706 0.293467 0)
(3.07844 0.290711 0)
(3.08343 0.28584 0)
(3.08257 0.276195 0)
(3.08149 0.266574 0)
(3.08451 0.264094 0)
(3.08731 0.26221 0)
(3.09166 0.260113 0)
(3.09965 0.25949 0)
(3.11077 0.261467 0)
(3.11913 0.261532 0)
(3.12164 0.259946 0)
(3.12456 0.255428 0)
(3.12502 0.249186 0)
(3.11811 0.236413 0)
(3.09309 0.212507 0)
(3.07217 0.19457 0)
(3.07086 0.193133 0)
(3.07351 0.192712 0)
(3.08088 0.192583 0)
(3.09045 0.192731 0)
(3.09607 0.190795 0)
(3.09735 0.18883 0)
(3.09881 0.186831 0)
(3.09992 0.184351 0)
(3.10016 0.181778 0)
(3.09932 0.179094 0)
(3.09699 0.175728 0)
(3.09481 0.172777 0)
(3.09444 0.171841 0)
(3.09459 0.171486 0)
(3.09532 0.170717 0)
(3.09681 0.169904 0)
(3.0991 0.168978 0)
(3.10179 0.168251 0)
(3.1041 0.167291 0)
(3.10508 0.167153 0)
(3.10551 0.166365 0)
(3.10425 0.168029 0)
(3.10324 0.169592 0)
(3.10279 0.172287 0)
(3.09664 0.186802 0)
(3 8.20104e-08 0)
(3 1.16654e-06 0)
(3 1.06967e-05 0)
(2.99998 7.75257e-05 0)
(2.99986 0.000463704 0)
(2.99941 0.00203202 0)
(2.99798 0.0071417 0)
(2.99464 0.0198744 0)
(2.98828 0.0446283 0)
(2.97744 0.0854878 0)
(2.96182 0.14518 0)
(2.94548 0.213916 0)
(2.92885 0.291874 0)
(2.9183 0.359008 0)
(2.91017 0.417259 0)
(2.90576 0.455305 0)
(2.89936 0.488101 0)
(2.89803 0.513241 0)
(2.90583 0.516988 0)
(2.90701 0.532811 0)
(2.91162 0.529574 0)
(2.91499 0.527517 0)
(2.91865 0.525156 0)
(2.92425 0.523499 0)
(2.93098 0.522433 0)
(2.93595 0.526103 0)
(2.93745 0.535186 0)
(2.93761 0.547551 0)
(2.92564 0.580856 0)
(2.90107 0.627356 0)
(2.85827 0.701123 0)
(2.80936 0.80472 0)
(2.79981 0.825155 0)
(2.78647 0.845016 0)
(2.74561 0.89371 0)
(2.71516 0.894054 0)
(2.71226 0.889685 0)
(2.71247 0.876963 0)
(2.73484 0.849117 0)
(2.7687 0.807713 0)
(2.78278 0.779909 0)
(2.78186 0.77804 0)
(2.789 0.783783 0)
(2.79849 0.787991 0)
(2.80677 0.7894 0)
(2.81556 0.785348 0)
(2.8267 0.77642 0)
(2.839 0.763444 0)
(2.84647 0.74109 0)
(2.84279 0.707883 0)
(2.83799 0.688606 0)
(2.84484 0.686716 0)
(2.86088 0.678813 0)
(2.88196 0.674532 0)
(2.90228 0.671617 0)
(2.91945 0.665945 0)
(2.92665 0.650881 0)
(2.9219 0.624029 0)
(2.92473 0.608469 0)
(2.93191 0.603568 0)
(2.95304 0.597868 0)
(2.98186 0.596673 0)
(2.99774 0.593702 0)
(3.00676 0.586008 0)
(3.00933 0.564145 0)
(2.98868 0.524323 0)
(2.97436 0.490873 0)
(2.9817 0.484832 0)
(2.9953 0.481825 0)
(3.01063 0.479748 0)
(3.02342 0.470181 0)
(3.02794 0.461446 0)
(3.03264 0.459853 0)
(3.0396 0.455203 0)
(3.04582 0.44343 0)
(3.05719 0.439896 0)
(3.06463 0.437699 0)
(3.07177 0.434457 0)
(3.08216 0.429344 0)
(3.08795 0.422105 0)
(3.09117 0.414673 0)
(3.09382 0.404578 0)
(3.08944 0.383766 0)
(3.06911 0.348124 0)
(3.05475 0.323815 0)
(3.0558 0.320499 0)
(3.06116 0.314499 0)
(3.06591 0.311759 0)
(3.07225 0.306863 0)
(3.074 0.298704 0)
(3.07447 0.290669 0)
(3.07876 0.288777 0)
(3.08245 0.287536 0)
(3.08639 0.285358 0)
(3.09313 0.283945 0)
(3.1029 0.283934 0)
(3.11153 0.283497 0)
(3.1145 0.281741 0)
(3.11818 0.277504 0)
(3.12001 0.272297 0)
(3.11711 0.263339 0)
(3.09858 0.241851 0)
(3.0713 0.216933 0)
(3.06594 0.210418 0)
(3.06828 0.210676 0)
(3.07592 0.212004 0)
(3.08553 0.21312 0)
(3.09124 0.210917 0)
(3.09348 0.207822 0)
(3.09464 0.205127 0)
(3.09651 0.202719 0)
(3.09785 0.200575 0)
(3.09848 0.198385 0)
(3.09796 0.195657 0)
(3.09575 0.191843 0)
(3.0939 0.188576 0)
(3.09378 0.187456 0)
(3.09421 0.186746 0)
(3.09525 0.18565 0)
(3.0968 0.184649 0)
(3.09896 0.183975 0)
(3.10162 0.183901 0)
(3.10421 0.184884 0)
(3.10609 0.187221 0)
(3.10754 0.190099 0)
(3.10795 0.196817 0)
(3.10991 0.203203 0)
(3.11059 0.215066 0)
(3.11806 0.225937 0)
(3 6.07527e-12 0)
(3 1.89182e-10 0)
(3 3.85337e-09 0)
(3 6.42955e-08 0)
(3 8.26524e-07 0)
(3 7.26573e-06 0)
(2.99999 4.8837e-05 0)
(2.99993 0.000248311 0)
(2.99973 0.00100465 0)
(2.99905 0.00343982 0)
(2.99727 0.00998699 0)
(2.99354 0.0246553 0)
(2.98739 0.0508964 0)
(2.97849 0.0917114 0)
(2.96885 0.141357 0)
(2.95686 0.200006 0)
(2.94614 0.258899 0)
(2.93767 0.314192 0)
(2.93103 0.366207 0)
(2.92886 0.401128 0)
(2.92241 0.434179 0)
(2.92349 0.44922 0)
(2.92053 0.475661 0)
(2.93082 0.47404 0)
(2.9337 0.487876 0)
(2.94153 0.493753 0)
(2.94876 0.488943 0)
(2.95104 0.492848 0)
(2.95131 0.504096 0)
(2.95084 0.521108 0)
(2.9211 0.593978 0)
(2.91705 0.637627 0)
(2.88358 0.716768 0)
(2.81789 0.823352 0)
(2.78681 0.853475 0)
(2.73241 0.87174 0)
(2.71322 0.888171 0)
(2.69949 0.894089 0)
(2.69446 0.891263 0)
(2.70316 0.872313 0)
(2.7249 0.842261 0)
(2.73988 0.829562 0)
(2.75707 0.823405 0)
(2.7758 0.819936 0)
(2.79003 0.818827 0)
(2.80223 0.81184 0)
(2.81552 0.793721 0)
(2.82342 0.769337 0)
(2.82376 0.739194 0)
(2.82406 0.71978 0)
(2.82966 0.71866 0)
(2.84567 0.710079 0)
(2.86005 0.695816 0)
(2.87489 0.6882 0)
(2.89248 0.682923 0)
(2.90321 0.672117 0)
(2.90531 0.652093 0)
(2.91365 0.640106 0)
(2.92301 0.637476 0)
(2.94086 0.631579 0)
(2.96628 0.627111 0)
(2.98153 0.622627 0)
(2.99172 0.613812 0)
(2.99794 0.59404 0)
(2.98576 0.560217 0)
(2.96661 0.524444 0)
(2.96755 0.513036 0)
(2.97815 0.508842 0)
(2.99522 0.502157 0)
(3.0098 0.501722 0)
(3.02053 0.495174 0)
(3.02597 0.483686 0)
(3.02938 0.479197 0)
(3.03405 0.471866 0)
(3.04134 0.462775 0)
(3.05214 0.461617 0)
(3.06054 0.459481 0)
(3.06998 0.455931 0)
(3.0783 0.450623 0)
(3.08346 0.444752 0)
(3.08743 0.437281 0)
(3.08587 0.420807 0)
(3.06848 0.386307 0)
(3.04933 0.355138 0)
(3.04772 0.347896 0)
(3.05366 0.341737 0)
(3.05834 0.335394 0)
(3.06182 0.33008 0)
(3.06308 0.320174 0)
(3.06515 0.312343 0)
(3.07159 0.311691 0)
(3.07665 0.311832 0)
(3.08158 0.31049 0)
(3.08667 0.309095 0)
(3.09571 0.307677 0)
(3.10375 0.305175 0)
(3.10686 0.302842 0)
(3.11143 0.299074 0)
(3.11434 0.295048 0)
(3.11409 0.288482 0)
(3.10257 0.27072 0)
(3.07331 0.242753 0)
(3.06055 0.228694 0)
(3.06169 0.228124 0)
(3.06892 0.22777 0)
(3.08031 0.230042 0)
(3.08641 0.230759 0)
(3.08861 0.228782 0)
(3.09136 0.225016 0)
(3.09296 0.221009 0)
(3.09417 0.218271 0)
(3.09557 0.216068 0)
(3.09642 0.213806 0)
(3.09599 0.210688 0)
(3.09408 0.20672 0)
(3.09308 0.204017 0)
(3.09319 0.20307 0)
(3.09383 0.202228 0)
(3.09511 0.201375 0)
(3.09722 0.201297 0)
(3.10039 0.202734 0)
(3.10422 0.206412 0)
(3.10813 0.212026 0)
(3.11162 0.219815 0)
(3.1149 0.228813 0)
(3.11747 0.239154 0)
(3.11958 0.243928 0)
(3.1184 0.247176 0)
(3.12948 0.238468 0)
(3 -2.38665e-15 0)
(3 5.5125e-15 0)
(3 1.68855e-13 0)
(3 4.36265e-12 0)
(3 1.21052e-10 0)
(3 2.20117e-09 0)
(3 2.95093e-08 0)
(3 2.95639e-07 0)
(3 2.39675e-06 0)
(3 1.62476e-05 0)
(2.99998 8.93329e-05 0)
(2.9999 0.000391985 0)
(2.99966 0.00136794 0)
(2.99905 0.00396174 0)
(2.99774 0.00967036 0)
(2.99523 0.020793 0)
(2.9913 0.0396892 0)
(2.98595 0.0676619 0)
(2.9796 0.103682 0)
(2.97205 0.146267 0)
(2.96416 0.190573 0)
(2.9563 0.237964 0)
(2.95256 0.281519 0)
(2.95279 0.319206 0)
(2.9527 0.349642 0)
(2.95444 0.372778 0)
(2.96076 0.379425 0)
(2.96077 0.39225 0)
(2.96569 0.404381 0)
(2.97616 0.408745 0)
(2.9808 0.428038 0)
(2.98124 0.463565 0)
(2.95175 0.541789 0)
(2.93459 0.595341 0)
(2.82766 0.751523 0)
(2.75676 0.831122 0)
(2.71931 0.851862 0)
(2.67912 0.887301 0)
(2.64782 0.916373 0)
(2.65478 0.919104 0)
(2.6709 0.904377 0)
(2.69714 0.883449 0)
(2.72602 0.863972 0)
(2.75095 0.85415 0)
(2.77115 0.846704 0)
(2.78841 0.833857 0)
(2.7985 0.81043 0)
(2.79642 0.773328 0)
(2.79624 0.742926 0)
(2.81107 0.742095 0)
(2.82728 0.740724 0)
(2.8484 0.729673 0)
(2.85956 0.714088 0)
(2.87047 0.701444 0)
(2.87948 0.688376 0)
(2.88439 0.671388 0)
(2.89812 0.66373 0)
(2.91106 0.664185 0)
(2.9278 0.661567 0)
(2.95198 0.657862 0)
(2.96558 0.651445 0)
(2.97613 0.641646 0)
(2.98537 0.625067 0)
(2.97941 0.594939 0)
(2.95822 0.558221 0)
(2.9564 0.541256 0)
(2.96254 0.538651 0)
(2.98148 0.53085 0)
(2.9952 0.525886 0)
(3.00653 0.524364 0)
(3.01857 0.518631 0)
(3.02465 0.506634 0)
(3.02685 0.50048 0)
(3.02954 0.491293 0)
(3.03773 0.483805 0)
(3.04761 0.483175 0)
(3.05634 0.480555 0)
(3.06575 0.476601 0)
(3.07304 0.472353 0)
(3.07895 0.466579 0)
(3.07917 0.452166 0)
(3.06577 0.421602 0)
(3.0449 0.388701 0)
(3.04091 0.375965 0)
(3.04535 0.37104 0)
(3.05249 0.360844 0)
(3.05497 0.356407 0)
(3.05575 0.345803 0)
(3.05622 0.334285 0)
(3.06163 0.332472 0)
(3.06784 0.332965 0)
(3.07476 0.333157 0)
(3.08036 0.33231 0)
(3.08731 0.331264 0)
(3.09541 0.328105 0)
(3.1001 0.323202 0)
(3.1042 0.319008 0)
(3.10767 0.316159 0)
(3.10965 0.311962 0)
(3.10269 0.298243 0)
(3.07629 0.269895 0)
(3.05634 0.248315 0)
(3.05548 0.245536 0)
(3.06056 0.245011 0)
(3.07267 0.246792 0)
(3.08209 0.247584 0)
(3.08402 0.246933 0)
(3.08619 0.244234 0)
(3.08893 0.240577 0)
(3.09108 0.236871 0)
(3.09214 0.233586 0)
(3.09312 0.230873 0)
(3.09388 0.228181 0)
(3.09357 0.225035 0)
(3.09279 0.222397 0)
(3.0927 0.221515 0)
(3.09302 0.221045 0)
(3.09421 0.221123 0)
(3.09682 0.223068 0)
(3.10104 0.227813 0)
(3.1064 0.235758 0)
(3.11231 0.245327 0)
(3.11755 0.255039 0)
(3.12107 0.262317 0)
(3.12227 0.264779 0)
(3.122 0.263551 0)
(3.11944 0.255655 0)
(3.11163 0.2513 0)
(3.1289 0.220388 0)
(3 -2.39065e-15 0)
(3 -1.6454e-15 0)
(3 -1.66264e-15 0)
(3 -1.37975e-15 0)
(3 3.46786e-15 0)
(3 8.80224e-14 0)
(3 1.30017e-12 0)
(3 2.6181e-11 0)
(3 4.73405e-10 0)
(3 6.9007e-09 0)
(3 7.53034e-08 0)
(3 6.10942e-07 0)
(3 3.77277e-06 0)
(3 1.89506e-05 0)
(2.99998 7.92923e-05 0)
(2.99993 0.000285167 0)
(2.9998 0.000879022 0)
(2.9995 0.0023218 0)
(2.99888 0.00534413 0)
(2.99769 0.0110271 0)
(2.99568 0.0209086 0)
(2.99283 0.036336 0)
(2.98973 0.0578052 0)
(2.98717 0.0823701 0)
(2.98394 0.109943 0)
(2.9815 0.137165 0)
(2.98132 0.159405 0)
(2.9794 0.182566 0)
(2.98109 0.205004 0)
(2.99289 0.212594 0)
(2.99951 0.215702 0)
(3.00145 0.220695 0)
(2.99611 0.238305 0)
(2.98147 0.283856 0)
(2.92639 0.390156 0)
(2.87071 0.517582 0)
(2.7269 0.742093 0)
(2.70385 0.793449 0)
(2.62866 0.881001 0)
(2.62477 0.922818 0)
(2.64612 0.917376 0)
(2.67151 0.898041 0)
(2.69742 0.883757 0)
(2.72694 0.875708 0)
(2.75291 0.86697 0)
(2.77008 0.849332 0)
(2.77415 0.81936 0)
(2.7707 0.781988 0)
(2.78207 0.771501 0)
(2.80034 0.765812 0)
(2.82476 0.760467 0)
(2.84497 0.752861 0)
(2.85885 0.736985 0)
(2.864 0.715744 0)
(2.8631 0.691124 0)
(2.87698 0.681345 0)
(2.89467 0.684222 0)
(2.91298 0.683657 0)
(2.9349 0.681901 0)
(2.94855 0.6777 0)
(2.96185 0.669739 0)
(2.97283 0.655569 0)
(2.97223 0.629913 0)
(2.95334 0.593091 0)
(2.94478 0.568229 0)
(2.9506 0.566516 0)
(2.96285 0.562021 0)
(2.9851 0.553028 0)
(2.99495 0.547785 0)
(3.00165 0.546487 0)
(3.01512 0.540723 0)
(3.02232 0.528509 0)
(3.02378 0.521656 0)
(3.0239 0.513077 0)
(3.03227 0.504591 0)
(3.04163 0.503804 0)
(3.05113 0.499206 0)
(3.06024 0.493416 0)
(3.06995 0.487061 0)
(3.07385 0.473386 0)
(3.06014 0.447221 0)
(3.03922 0.415059 0)
(3.0339 0.400607 0)
(3.03707 0.39849 0)
(3.04532 0.390318 0)
(3.04853 0.383182 0)
(3.04926 0.371092 0)
(3.04827 0.357047 0)
(3.05237 0.353675 0)
(3.05718 0.351926 0)
(3.06457 0.349995 0)
(3.07174 0.349022 0)
(3.07885 0.347769 0)
(3.08686 0.344544 0)
(3.09216 0.340072 0)
(3.09741 0.336213 0)
(3.10172 0.332218 0)
(3.1054 0.327333 0)
(3.10433 0.317182 0)
(3.08137 0.293905 0)
(3.05291 0.268161 0)
(3.04879 0.261623 0)
(3.05223 0.260932 0)
(3.0636 0.261713 0)
(3.07644 0.264617 0)
(3.07978 0.264766 0)
(3.0825 0.26296 0)
(3.08436 0.259282 0)
(3.08601 0.255974 0)
(3.08759 0.253445 0)
(3.08927 0.250697 0)
(3.09077 0.247535 0)
(3.09172 0.245165 0)
(3.09217 0.244144 0)
(3.09245 0.244237 0)
(3.0933 0.245458 0)
(3.09514 0.24823 0)
(3.09847 0.253615 0)
(3.10377 0.261995 0)
(3.1106 0.271752 0)
(3.11694 0.279436 0)
(3.12047 0.282614 0)
(3.12159 0.282161 0)
(3.12191 0.277932 0)
(3.1193 0.270453 0)
(3.11398 0.260528 0)
(3.10462 0.240732 0)
(3.08659 0.210599 0)
(3.08903 0.130064 0)
(3 -1.72332e-15 0)
(3 -1.34214e-15 0)
(3 -1.36166e-15 0)
(3 -1.42741e-15 0)
(3 -7.90512e-16 0)
(3 -9.76571e-16 0)
(3 -8.77415e-16 0)
(3 -1.42645e-16 0)
(3 1.79782e-14 0)
(3 2.94897e-13 0)
(3 4.51354e-12 0)
(3 6.7396e-11 0)
(3 7.73933e-10 0)
(3 7.23952e-09 0)
(3 5.6066e-08 0)
(3 3.60243e-07 0)
(3 1.89629e-06 0)
(3 8.21998e-06 0)
(2.99999 3.05649e-05 0)
(2.99998 0.00010191 0)
(2.99993 0.000307753 0)
(2.99983 0.000819395 0)
(2.99966 0.00187826 0)
(2.99938 0.00369109 0)
(2.99892 0.00661718 0)
(2.9983 0.0109039 0)
(2.9977 0.016327 0)
(2.99688 0.0232984 0)
(2.99641 0.0320591 0)
(2.99885 0.0366692 0)
(2.99971 0.0363413 0)
(3.00061 0.0343476 0)
(3.00014 0.0335589 0)
(2.9987 0.0369115 0)
(2.99051 0.0582007 0)
(2.96734 0.123236 0)
(2.90699 0.261421 0)
(2.78716 0.514578 0)
(2.72835 0.673818 0)
(2.66547 0.80871 0)
(2.64828 0.883599 0)
(2.66552 0.885454 0)
(2.70351 0.869126 0)
(2.71838 0.862908 0)
(2.73947 0.857937 0)
(2.75539 0.844583 0)
(2.76043 0.822482 0)
(2.76653 0.813983 0)
(2.78203 0.808668 0)
(2.7986 0.796959 0)
(2.81787 0.789632 0)
(2.83688 0.782648 0)
(2.85118 0.764776 0)
(2.85475 0.734719 0)
(2.85589 0.712769 0)
(2.87095 0.709773 0)
(2.88934 0.710433 0)
(2.90949 0.708806 0)
(2.92688 0.705154 0)
(2.94243 0.698747 0)
(2.95682 0.686282 0)
(2.96196 0.663269 0)
(2.94907 0.62675 0)
(2.93678 0.596055 0)
(2.93799 0.589482 0)
(2.94786 0.583673 0)
(2.96741 0.576732 0)
(2.98461 0.570954 0)
(2.99628 0.559786 0)
(3.00035 0.549793 0)
(3.0106 0.540302 0)
(3.01974 0.526401 0)
(3.01968 0.510241 0)
(3.02153 0.485093 0)
(3.03118 0.467814 0)
(3.04377 0.453009 0)
(3.05227 0.437726 0)
(3.05707 0.422813 0)
(3.05965 0.403503 0)
(3.05384 0.374735 0)
(3.0413 0.341764 0)
(3.03593 0.324629 0)
(3.03991 0.322521 0)
(3.04765 0.318952 0)
(3.05393 0.317207 0)
(3.05719 0.311895 0)
(3.05224 0.300953 0)
(3.04986 0.29555 0)
(3.05405 0.298618 0)
(3.05958 0.302525 0)
(3.0657 0.305489 0)
(3.07021 0.305688 0)
(3.07783 0.301778 0)
(3.08744 0.293196 0)
(3.09817 0.282136 0)
(3.10643 0.273721 0)
(3.11193 0.271354 0)
(3.1105 0.270357 0)
(3.08677 0.254756 0)
(3.05695 0.233494 0)
(3.04866 0.231187 0)
(3.05421 0.237927 0)
(3.06061 0.245021 0)
(3.07491 0.259642 0)
(3.07902 0.266019 0)
(3.08305 0.269098 0)
(3.08438 0.271621 0)
(3.08439 0.272831 0)
(3.08515 0.273018 0)
(3.0866 0.272773 0)
(3.08812 0.272464 0)
(3.08964 0.272266 0)
(3.0919 0.273224 0)
(3.09373 0.275706 0)
(3.09553 0.279401 0)
(3.09795 0.284342 0)
(3.10203 0.290084 0)
(3.10746 0.295277 0)
(3.11227 0.297736 0)
(3.11503 0.29696 0)
(3.11692 0.29421 0)
(3.11804 0.288386 0)
(3.1171 0.281339 0)
(3.11253 0.268895 0)
(3.10183 0.244102 0)
(3.08304 0.200137 0)
(3.0566 0.137315 0)
(3.02809 0.0729833 0)
(3.01376 0.0185372 0)
(3 -1.28542e-15 0)
(3 -2.01127e-15 0)
(3 -1.86613e-15 0)
(3 -1.31667e-15 0)
(3 -2.77879e-16 0)
(3 -5.44914e-16 0)
(3 -4.54021e-16 0)
(3 -1.05562e-16 0)
(3 -1.82102e-16 0)
(3 3.06834e-16 0)
(3 4.95949e-16 0)
(3 2.29707e-15 0)
(3 2.77008e-14 0)
(3 2.77168e-13 0)
(3 2.66922e-12 0)
(3 3.05115e-11 0)
(3 2.82112e-10 0)
(3 2.11114e-09 0)
(3 1.37711e-08 0)
(3 8.11473e-08 0)
(3 4.18363e-07 0)
(3 1.77846e-06 0)
(3 6.06701e-06 0)
(3 1.72304e-05 0)
(2.99999 4.44613e-05 0)
(2.99998 0.000104787 0)
(2.99997 0.00021811 0)
(2.99994 0.000417211 0)
(2.99991 0.000739311 0)
(2.99996 0.000978568 0)
(2.99998 0.000969738 0)
(3.00001 0.000873346 0)
(3.00001 0.000737137 0)
(2.99999 0.000739735 0)
(2.99983 0.00119046 0)
(2.9989 0.00399395 0)
(2.99293 0.0201773 0)
(2.96617 0.0836722 0)
(2.9059 0.243486 0)
(2.81679 0.46197 0)
(2.7728 0.610509 0)
(2.70995 0.769295 0)
(2.72413 0.796596 0)
(2.72861 0.829331 0)
(2.73468 0.834954 0)
(2.74373 0.830252 0)
(2.75791 0.817022 0)
(2.77317 0.817283 0)
(2.79384 0.817033 0)
(2.80964 0.810138 0)
(2.82122 0.803775 0)
(2.83429 0.795407 0)
(2.84498 0.778314 0)
(2.85344 0.760044 0)
(2.86343 0.747994 0)
(2.8705 0.731961 0)
(2.88911 0.716558 0)
(2.90782 0.699242 0)
(2.92588 0.67765 0)
(2.93858 0.651252 0)
(2.94449 0.617607 0)
(2.94143 0.573935 0)
(2.93747 0.531705 0)
(2.93915 0.516076 0)
(2.9496 0.503308 0)
(2.97261 0.486735 0)
(2.99223 0.464336 0)
(3.00414 0.449346 0)
(3.01318 0.438629 0)
(3.02032 0.422173 0)
(3.02582 0.39485 0)
(3.02811 0.361909 0)
(3.03257 0.335314 0)
(3.04059 0.315037 0)
(3.05131 0.294633 0)
(3.06525 0.269553 0)
(3.07312 0.246813 0)
(3.07318 0.223723 0)
(3.06804 0.190311 0)
(3.06187 0.162253 0)
(3.06719 0.152293 0)
(3.0752 0.151341 0)
(3.08416 0.149528 0)
(3.09439 0.148406 0)
(3.1036 0.145631 0)
(3.1049 0.138903 0)
(3.09617 0.132987 0)
(3.09189 0.136223 0)
(3.09374 0.143965 0)
(3.0962 0.152727 0)
(3.0965 0.162575 0)
(3.09413 0.173591 0)
(3.09626 0.184457 0)
(3.10412 0.189056 0)
(3.11376 0.187633 0)
(3.12557 0.175467 0)
(3.13285 0.156262 0)
(3.12297 0.131345 0)
(3.0837 0.107857 0)
(3.07407 0.111799 0)
(3.08369 0.128165 0)
(3.09102 0.14653 0)
(3.09794 0.166976 0)
(3.10322 0.184255 0)
(3.10557 0.200017 0)
(3.10495 0.215221 0)
(3.10235 0.229725 0)
(3.09982 0.244116 0)
(3.09842 0.258024 0)
(3.09814 0.271321 0)
(3.09857 0.283702 0)
(3.09946 0.294912 0)
(3.10038 0.304193 0)
(3.10128 0.310668 0)
(3.10249 0.31392 0)
(3.10451 0.314106 0)
(3.1071 0.311332 0)
(3.10899 0.30677 0)
(3.11067 0.30201 0)
(3.11171 0.296489 0)
(3.11087 0.287288 0)
(3.10617 0.269885 0)
(3.09484 0.237326 0)
(3.07427 0.183911 0)
(3.04584 0.114792 0)
(3.01962 0.0517726 0)
(3.00522 0.0152495 0)
(3.00079 0.00275494 0)
(3.00011 0.000183877 0)
(3 -1.36614e-15 0)
(3 -1.56404e-15 0)
(3 5.51445e-16 0)
(3 1.39317e-15 0)
(3 1.78379e-15 0)
(3 1.5128e-15 0)
(3 1.02474e-15 0)
(3 8.74167e-16 0)
(3 3.62669e-16 0)
(3 2.95448e-16 0)
(3 4.36461e-16 0)
(3 2.12366e-16 0)
(3 -5.82111e-16 0)
(3 -8.49719e-16 0)
(3 -1.81763e-16 0)
(3 1.16174e-15 0)
(3 8.45349e-15 0)
(3 7.20966e-14 0)
(3 5.22858e-13 0)
(3 4.25305e-12 0)
(3 3.73737e-11 0)
(3 2.54345e-10 0)
(3 1.30769e-09 0)
(3 5.64367e-09 0)
(3 2.2525e-08 0)
(3 8.12832e-08 0)
(3 2.47856e-07 0)
(3 6.55837e-07 0)
(3 1.51411e-06 0)
(3 2.38403e-06 0)
(3 2.45394e-06 0)
(3 2.18424e-06 0)
(3 1.63395e-06 0)
(3 1.44077e-06 0)
(3 2.31754e-06 0)
(3 1.37783e-05 0)
(2.99994 0.000181423 0)
(2.99928 0.00206103 0)
(2.99475 0.014927 0)
(2.97649 0.0657933 0)
(2.93752 0.179131 0)
(2.8788 0.349036 0)
(2.83449 0.514102 0)
(2.79911 0.646518 0)
(2.79445 0.702395 0)
(2.77016 0.766098 0)
(2.77334 0.789297 0)
(2.78498 0.784667 0)
(2.79787 0.779747 0)
(2.79675 0.744523 0)
(2.79611 0.702212 0)
(2.80139 0.657119 0)
(2.80931 0.606557 0)
(2.81712 0.555125 0)
(2.82389 0.503394 0)
(2.83092 0.449231 0)
(2.84371 0.395797 0)
(2.85786 0.342704 0)
(2.86505 0.289495 0)
(2.86906 0.238796 0)
(2.86865 0.181822 0)
(2.87644 0.126618 0)
(2.88755 0.0872505 0)
(2.8993 0.0572975 0)
(2.9198 0.0354705 0)
(2.93871 0.0188687 0)
(2.95332 0.00174273 0)
(2.96022 -0.00832794 0)
(2.96279 -0.00971511 0)
(2.96499 -0.0143252 0)
(2.96905 -0.0287222 0)
(2.97163 -0.0490114 0)
(2.9721 -0.0597957 0)
(2.97282 -0.0646326 0)
(2.9726 -0.0689087 0)
(2.96956 -0.0741124 0)
(2.96571 -0.0869225 0)
(2.96472 -0.110721 0)
(2.97571 -0.139786 0)
(2.9831 -0.153813 0)
(2.99329 -0.155405 0)
(3.00558 -0.154647 0)
(3.01735 -0.153898 0)
(3.02772 -0.153731 0)
(3.03656 -0.157374 0)
(3.04274 -0.164616 0)
(3.04745 -0.167364 0)
(3.05694 -0.162712 0)
(3.06601 -0.153148 0)
(3.07405 -0.137431 0)
(3.0812 -0.114432 0)
(3.08546 -0.0848203 0)
(3.08423 -0.0538762 0)
(3.07512 -0.0297895 0)
(3.05881 -0.0191101 0)
(3.04389 -0.0231013 0)
(3.03537 -0.0460095 0)
(3.03772 -0.0895653 0)
(3.0525 -0.113239 0)
(3.06282 -0.114054 0)
(3.07837 -0.0985768 0)
(3.08799 -0.0744179 0)
(3.09936 -0.0519884 0)
(3.10987 -0.0311783 0)
(3.1148 -0.00838101 0)
(3.11335 0.017388 0)
(3.11071 0.0439777 0)
(3.1106 0.0705781 0)
(3.11252 0.0981865 0)
(3.11514 0.127469 0)
(3.1175 0.158183 0)
(3.11884 0.189273 0)
(3.11871 0.219092 0)
(3.117 0.246682 0)
(3.11402 0.270973 0)
(3.11217 0.290851 0)
(3.11744 0.301424 0)
(3.12217 0.299448 0)
(3.11867 0.28793 0)
(3.10662 0.262177 0)
(3.08724 0.218179 0)
(3.06133 0.1558 0)
(3.03316 0.0865118 0)
(3.01194 0.0333057 0)
(3.00254 0.00804767 0)
(3.0003 0.00114108 0)
(3.00002 8.89398e-05 0)
(3 3.56182e-06 0)
(3 4.36302e-08 0)
(3 -1.49669e-15 0)
(3 -5.13624e-16 0)
(3 -4.56127e-17 0)
(3 7.25531e-17 0)
(3 2.34309e-16 0)
(3 5.67085e-16 0)
(3 2.48951e-16 0)
(3 -7.37735e-16 0)
(3 6.5966e-16 0)
(3 8.14311e-16 0)
(3 9.13951e-16 0)
(3 3.49167e-16 0)
(3 -2.76593e-16 0)
(3 -2.70612e-16 0)
(3 -2.47262e-17 0)
(3 -7.21055e-17 0)
(3 -3.5888e-16 0)
(3 -7.49829e-18 0)
(3 8.35807e-17 0)
(3 -2.86719e-17 0)
(3 5.20615e-16 0)
(3 6.64922e-15 0)
(3 3.70735e-14 0)
(3 1.71561e-13 0)
(3 7.32602e-13 0)
(3 3.42506e-12 0)
(3 1.50368e-11 0)
(3 5.47052e-11 0)
(3 1.60944e-10 0)
(3 3.09277e-10 0)
(3 3.48489e-10 0)
(3 3.14485e-10 0)
(3 2.16226e-10 0)
(3 1.62988e-10 0)
(3 2.73457e-10 0)
(3 3.56404e-09 0)
(3 1.51977e-07 0)
(3 4.80332e-06 0)
(2.99996 9.0122e-05 0)
(2.99951 0.00101836 0)
(2.99667 0.00648629 0)
(2.98462 0.0285081 0)
(2.95491 0.0813872 0)
(2.90307 0.16654 0)
(2.83944 0.26346 0)
(2.7876 0.349592 0)
(2.76704 0.41567 0)
(2.76975 0.459984 0)
(2.78378 0.480302 0)
(2.79055 0.477411 0)
(2.78753 0.470216 0)
(2.78456 0.455868 0)
(2.786 0.44121 0)
(2.79112 0.424701 0)
(2.79754 0.404173 0)
(2.80557 0.380936 0)
(2.81862 0.359186 0)
(2.82636 0.328941 0)
(2.82648 0.306724 0)
(2.82531 0.282687 0)
(2.82997 0.260686 0)
(2.84055 0.244541 0)
(2.85644 0.234514 0)
(2.88249 0.225475 0)
(2.91539 0.208363 0)
(2.93162 0.193048 0)
(2.93698 0.188192 0)
(2.9437 0.183546 0)
(2.95135 0.178484 0)
(2.95737 0.166494 0)
(2.95792 0.149381 0)
(2.95596 0.135589 0)
(2.95661 0.126745 0)
(2.95952 0.116425 0)
(2.95768 0.102829 0)
(2.94544 0.0881992 0)
(2.93266 0.0699268 0)
(2.93757 0.0568225 0)
(2.95019 0.052974 0)
(2.96066 0.0495265 0)
(2.97435 0.0482264 0)
(2.98935 0.0454869 0)
(3.00063 0.0436854 0)
(3.00708 0.0432342 0)
(3.0162 0.0431266 0)
(3.02636 0.0436985 0)
(3.03642 0.0467803 0)
(3.04939 0.0523671 0)
(3.06194 0.0589505 0)
(3.07418 0.0666216 0)
(3.0865 0.0756693 0)
(3.09714 0.0856736 0)
(3.10009 0.0926738 0)
(3.08636 0.0912689 0)
(3.04789 0.0768817 0)
(3.00859 0.0532849 0)
(3.00581 0.0400068 0)
(3.01204 0.0396492 0)
(3.0293 0.0457759 0)
(3.05566 0.0570737 0)
(3.07923 0.0722093 0)
(3.09483 0.0838397 0)
(3.10799 0.0925415 0)
(3.1218 0.0999548 0)
(3.13062 0.108716 0)
(3.12843 0.119123 0)
(3.12365 0.129603 0)
(3.12426 0.139231 0)
(3.12831 0.148196 0)
(3.1329 0.156755 0)
(3.13609 0.164631 0)
(3.13656 0.171243 0)
(3.13358 0.176064 0)
(3.1274 0.178641 0)
(3.11893 0.178423 0)
(3.10752 0.174579 0)
(3.08736 0.166662 0)
(3.06345 0.151424 0)
(3.04355 0.122785 0)
(3.02597 0.0833191 0)
(3.01183 0.043022 0)
(3.0036 0.0149854 0)
(3.00064 0.00315835 0)
(3.00006 0.000369265 0)
(3 2.25289e-05 0)
(3 6.89656e-07 0)
(3 1.00076e-08 0)
(3 6.39712e-11 0)
(3 -1.17116e-12 0)
)
;

boundaryField
{
    inlet
    {
        type            fixedValue;
        value           nonuniform 0();
    }
    outlet
    {
        type            inletOutlet;
        inletValue      uniform (3 0 0);
        value           nonuniform List<vector> 
32
(
(3.03814 -0.0364035 0)
(3.03782 -0.0358701 0)
(3.03739 -0.0351046 0)
(3.03819 -0.0280491 0)
(3.04622 -0.021252 0)
(3.06113 -0.00868137 0)
(3.07549 -0.00320231 0)
(3.08141 -0.0042138 0)
(3.08268 -0.00522596 0)
(3.08402 -0.00415556 0)
(3.08546 -0.00284012 0)
(3.08742 -0.00081289 0)
(3.0852 0.00886707 0)
(3.08881 0.00672404 0)
(3.08751 0.0272459 0)
(3.09337 0.0328272 0)
(3.09225 0.0553409 0)
(3.09597 0.0668099 0)
(3.0945 0.0888594 0)
(3.09527 0.0971664 0)
(3.09024 0.118074 0)
(3.0894 0.129741 0)
(3.08942 0.152795 0)
(3.09664 0.186802 0)
(3.11806 0.225937 0)
(3.12948 0.238468 0)
(3.1289 0.220388 0)
(3.08903 0.130064 0)
(3.01376 0.0185372 0)
(3.00011 0.000183877 0)
(3 4.36302e-08 0)
(3 -1.17116e-12 0)
)
;
    }
    bottom
    {
        type            slip;
    }
    top
    {
        type            slip;
    }
    obstacle
    {
        type            slip;
    }
    defaultFaces
    {
        type            empty;
    }
    procBoundary3to1
    {
        type            processor;
        value           nonuniform List<vector> 
129
(
(2.43771 0.826821 0)
(2.47414 0.78841 0)
(2.52521 0.730199 0)
(2.54846 0.685988 0)
(2.55654 0.690387 0)
(2.54547 0.723798 0)
(2.54567 0.714631 0)
(2.60164 0.671525 0)
(2.64347 0.606874 0)
(2.66857 0.568389 0)
(2.68443 0.584485 0)
(2.6774 0.605262 0)
(2.68389 0.583964 0)
(2.71221 0.526768 0)
(2.72477 0.479718 0)
(2.74391 0.473129 0)
(2.76246 0.483137 0)
(2.775 0.471206 0)
(2.7939 0.444416 0)
(2.80249 0.416714 0)
(2.81205 0.405502 0)
(2.83069 0.388332 0)
(2.84228 0.368084 0)
(2.8462 0.353984 0)
(2.84698 0.337046 0)
(2.84188 0.306126 0)
(2.8436 0.283227 0)
(2.85153 0.27074 0)
(2.857 0.259168 0)
(2.87744 0.243477 0)
(2.89372 0.237972 0)
(2.90639 0.22816 0)
(2.91357 0.215415 0)
(2.92032 0.204413 0)
(2.92782 0.189186 0)
(2.92464 0.156171 0)
(2.91526 0.123057 0)
(2.91394 0.108756 0)
(2.93221 0.104658 0)
(2.94481 0.0990696 0)
(2.95366 0.0907897 0)
(2.96308 0.0880628 0)
(2.98234 0.0809961 0)
(2.998 0.0590134 0)
(3.00532 0.045443 0)
(3.00875 0.0450911 0)
(3.01589 0.0275295 0)
(3.03183 0.00298709 0)
(3.03988 -0.0167879 0)
(3.04889 -0.0253736 0)
(3.05811 -0.0231557 0)
(3.05786 -0.00442694 0)
(3.05648 0.0111743 0)
(3.05806 0.0129958 0)
(3.06677 0.00640914 0)
(3.08436 -0.0321983 0)
(3.09767 -0.0968617 0)
(3.11237 -0.127681 0)
(3.12298 -0.130084 0)
(3.13182 -0.129987 0)
(3.1397 -0.130223 0)
(3.15219 -0.127654 0)
(3.15074 -0.109706 0)
(3.14 -0.103827 0)
(3.13578 -0.0958478 0)
(3.1339 -0.072066 0)
(3.12343 -0.0450201 0)
(3.1136 -0.0269199 0)
(3.1208 -0.0312041 0)
(3.13765 -0.103166 0)
(3.17361 -0.166192 0)
(3.18475 -0.173521 0)
(3.19042 -0.178422 0)
(3.18693 -0.183082 0)
(3.18529 -0.187505 0)
(3.17925 -0.18996 0)
(3.16439 -0.185199 0)
(3.14271 -0.160501 0)
(3.13057 -0.134147 0)
(3.13255 -0.113612 0)
(3.13769 -0.0972481 0)
(3.13674 -0.0911806 0)
(3.13555 -0.0887399 0)
(3.13512 -0.0872629 0)
(3.1344 -0.0863977 0)
(3.13238 -0.0845078 0)
(3.12888 -0.0801697 0)
(3.12712 -0.073911 0)
(3.13078 -0.0647055 0)
(3.14326 -0.0520402 0)
(3.15585 -0.0398664 0)
(3.15773 -0.0330131 0)
(3.15374 -0.0308938 0)
(3.14875 -0.0324622 0)
(3.14279 -0.0333227 0)
(3.13447 -0.0311866 0)
(3.12629 -0.0285902 0)
(3.11831 -0.0260729 0)
(3.11106 -0.0202115 0)
(3.10549 -0.0117972 0)
(3.10067 -0.00512535 0)
(3.0954 -0.00280161 0)
(3.09 -0.00160819 0)
(3.08538 0.00042117 0)
(3.08284 0.00278533 0)
(3.08339 0.00404178 0)
(3.0893 0.00691498 0)
(3.10601 0.0147217 0)
(3.12472 0.0200097 0)
(3.12825 0.0176526 0)
(3.12654 0.0145314 0)
(3.1247 0.0103519 0)
(3.12092 0.00623639 0)
(3.10678 -0.00459238 0)
(3.07446 -0.0279395 0)
(3.0489 -0.0436596 0)
(3.04508 -0.0454396 0)
(3.04361 -0.0444049 0)
(3.04531 -0.0399687 0)
(3.05536 -0.0313841 0)
(3.0631 -0.025636 0)
(3.06227 -0.0255761 0)
(3.06067 -0.0262199 0)
(3.05862 -0.0268735 0)
(3.05679 -0.0273054 0)
(3.05281 -0.0286211 0)
(3.04594 -0.032666 0)
(3.04087 -0.0367637 0)
(3.03812 -0.0372289 0)
)
;
    }
    procBoundary3to2
    {
        type            processor;
        value           nonuniform List<vector> 
32
(
(2.41951 0.877747 0)
(2.42555 0.898969 0)
(2.44617 0.892276 0)
(2.50198 0.866423 0)
(2.61751 0.777415 0)
(2.77158 0.592701 0)
(2.84521 0.495464 0)
(2.84974 0.489064 0)
(2.84926 0.496447 0)
(2.83557 0.522386 0)
(2.82808 0.547598 0)
(2.81627 0.571802 0)
(2.80988 0.586069 0)
(2.80847 0.592722 0)
(2.79961 0.620834 0)
(2.78872 0.644929 0)
(2.77571 0.672169 0)
(2.77063 0.681564 0)
(2.77328 0.669587 0)
(2.81066 0.590925 0)
(2.87647 0.384883 0)
(2.97623 0.0744592 0)
(2.99918 0.00258043 0)
(3 1.05979e-05 0)
(3 4.21488e-09 0)
(3 1.92475e-13 0)
(3 -3.23208e-15 0)
(3 -2.90731e-15 0)
(3 -1.72977e-15 0)
(3 -8.7403e-16 0)
(3 -1.21352e-15 0)
(3 -1.72006e-15 0)
)
;
    }
}


// ************************************************************************* //
